     #Time      Norm      Real      Imag
   7386.51    0.0000   -0.0001    0.0001
   7387.54    0.0000   -0.0003    0.0003
   7388.57    0.0000   -0.0005    0.0004
   7389.60    0.0000   -0.0007    0.0006
   7390.64    0.0000   -0.0009    0.0008
   7391.67    0.0000   -0.0011    0.0009
   7392.70    0.0000   -0.0012    0.0010
   7393.73    0.0000   -0.0014    0.0012
   7394.77    0.0000   -0.0016    0.0013
   7395.80    0.0000   -0.0017    0.0014
   7396.83    0.0000   -0.0018    0.0015
   7397.86    0.0000   -0.0019    0.0016
   7398.90    0.0000   -0.0020    0.0017
   7399.93    0.0000   -0.0021    0.0018
   7400.96    0.0000   -0.0022    0.0019
   7401.99    0.0000   -0.0023    0.0019
   7403.03    0.0000   -0.0023    0.0020
   7404.06    0.0000   -0.0024    0.0020
   7405.09    0.0000   -0.0025    0.0021
   7406.12    0.0000   -0.0025    0.0021
   7407.16    0.0000   -0.0025    0.0022
   7408.19    0.0000   -0.0026    0.0022
   7409.22    0.0000   -0.0026    0.0022
   7410.25    0.0000   -0.0026    0.0022
   7411.29    0.0000   -0.0026    0.0022
   7412.32    0.0000   -0.0026    0.0022
   7413.35    0.0000   -0.0026    0.0021
   7414.38    0.0000   -0.0026    0.0021
   7415.42    0.0000   -0.0026    0.0021
   7416.45    0.0000   -0.0026    0.0021
   7417.48    0.0000   -0.0026    0.0020
   7418.51    0.0000   -0.0025    0.0020
   7419.55    0.0000   -0.0025    0.0019
   7420.58    0.0000   -0.0024    0.0018
   7421.61    0.0000   -0.0024    0.0018
   7422.64    0.0000   -0.0023    0.0017
   7423.68    0.0000   -0.0023    0.0016
   7424.71    0.0000   -0.0022    0.0016
   7425.74    0.0000   -0.0022    0.0015
   7426.77    0.0000   -0.0021    0.0014
   7427.81    0.0000   -0.0020    0.0013
   7428.84    0.0000   -0.0019    0.0012
   7429.87    0.0000   -0.0019    0.0011
   7430.90    0.0000   -0.0018    0.0010
   7431.94    0.0000   -0.0017    0.0009
   7432.97    0.0000   -0.0016    0.0008
   7434.00    0.0000   -0.0015    0.0007
   7435.03    0.0000   -0.0014    0.0006
   7436.07    0.0000   -0.0012    0.0005
   7437.10    0.0000   -0.0011    0.0004
   7438.13    0.0000   -0.0010    0.0002
   7439.16    0.0000   -0.0008    0.0001
   7440.20    0.0000   -0.0007   -0.0000
   7441.23    0.0000   -0.0005   -0.0002
   7442.26    0.0000   -0.0004   -0.0003
   7443.29    0.0000   -0.0003   -0.0005
   7444.33    0.0000   -0.0002   -0.0006
   7445.36    0.0000   -0.0001   -0.0007
   7446.39    0.0000    0.0000   -0.0008
   7447.42    0.0000    0.0002   -0.0009
   7448.46    0.0000    0.0003   -0.0010
   7449.49    0.0000    0.0005   -0.0012
   7450.52    0.0000    0.0006   -0.0013
   7451.55    0.0000    0.0007   -0.0015
   7452.59    0.0000    0.0008   -0.0016
   7453.62    0.0000    0.0009   -0.0017
   7454.65    0.0000    0.0010   -0.0018
   7455.68    0.0000    0.0011   -0.0019
   7456.72    0.0000    0.0013   -0.0020
   7457.75    0.0000    0.0014   -0.0021
   7458.78    0.0000    0.0016   -0.0022
   7459.81    0.0000    0.0017   -0.0023
   7460.85    0.0000    0.0018   -0.0025
   7461.88    0.0000    0.0019   -0.0026
   7462.91    0.0000    0.0020   -0.0027
   7463.94    0.0000    0.0020   -0.0027
   7464.98    0.0000    0.0021   -0.0028
   7466.01    0.0000    0.0022   -0.0029
   7467.04    0.0000    0.0024   -0.0029
   7468.07    0.0000    0.0025   -0.0030
   7469.11    0.0000    0.0026   -0.0031
   7470.14    0.0000    0.0027   -0.0032
   7471.17    0.0000    0.0028   -0.0033
   7472.20    0.0000    0.0029   -0.0034
   7473.24    0.0000    0.0030   -0.0035
   7474.27    0.0000    0.0030   -0.0035
   7475.30    0.0000    0.0031   -0.0036
   7476.33    0.0000    0.0031   -0.0036
   7477.37    0.0000    0.0032   -0.0036
   7478.40    0.0000    0.0033   -0.0036
   7479.43    0.0000    0.0034   -0.0037
   7480.46    0.0000    0.0035   -0.0037
   7481.50    0.0000    0.0036   -0.0038
   7482.53    0.0000    0.0037   -0.0038
   7483.56    0.0000    0.0038   -0.0039
   7484.59    0.0000    0.0038   -0.0039
   7485.63    0.0000    0.0038   -0.0040
   7486.66    0.0000    0.0039   -0.0040
   7487.69    0.0000    0.0039   -0.0040
   7488.72    0.0000    0.0039   -0.0040
   7489.76    0.0000    0.0040   -0.0040
   7490.79    0.0000    0.0040   -0.0040
   7491.82    0.0000    0.0041   -0.0040
   7492.85    0.0000    0.0042   -0.0040
   7493.89    0.0000    0.0043   -0.0040
   7494.92    0.0000    0.0043   -0.0040
   7495.95    0.0000    0.0044   -0.0040
   7496.98    0.0000    0.0044   -0.0041
   7498.02    0.0000    0.0045   -0.0041
   7499.05    0.0000    0.0045   -0.0041
   7500.08    0.0000    0.0045   -0.0041
   7501.11    0.0000    0.0045   -0.0041
   7502.15    0.0000    0.0045   -0.0041
   7503.18    0.0000    0.0046   -0.0041
   7504.21    0.0000    0.0046   -0.0041
   7505.24    0.0000    0.0046   -0.0041
   7506.28    0.0000    0.0047   -0.0041
   7507.31    0.0000    0.0047   -0.0041
   7508.34    0.0000    0.0047   -0.0041
   7509.37    0.0000    0.0048   -0.0041
   7510.41    0.0000    0.0049   -0.0041
   7511.44    0.0000    0.0049   -0.0041
   7512.47    0.0000    0.0049   -0.0041
   7513.50    0.0000    0.0050   -0.0041
   7514.54    0.0000    0.0050   -0.0041
   7515.57    0.0000    0.0050   -0.0041
   7516.60    0.0000    0.0051   -0.0041
   7517.63    0.0000    0.0051   -0.0042
   7518.67    0.0000    0.0051   -0.0042
   7519.70    0.0000    0.0051   -0.0042
   7520.73    0.0000    0.0051   -0.0042
   7521.76    0.0000    0.0052   -0.0042
   7522.80    0.0000    0.0052   -0.0042
   7523.83    0.0000    0.0052   -0.0042
   7524.86    0.0000    0.0053   -0.0042
   7525.89    0.0000    0.0053   -0.0042
   7526.93    0.0000    0.0054   -0.0042
   7527.96    0.0000    0.0054   -0.0042
   7528.99    0.0000    0.0055   -0.0042
   7530.02    0.0000    0.0055   -0.0043
   7531.06    0.0000    0.0056   -0.0043
   7532.09    0.0001    0.0057   -0.0043
   7533.12    0.0001    0.0057   -0.0044
   7534.15    0.0001    0.0057   -0.0044
   7535.19    0.0001    0.0058   -0.0045
   7536.22    0.0001    0.0058   -0.0045
   7537.25    0.0001    0.0059   -0.0046
   7538.28    0.0001    0.0059   -0.0046
   7539.32    0.0001    0.0060   -0.0047
   7540.35    0.0001    0.0060   -0.0048
   7541.38    0.0001    0.0060   -0.0048
   7542.41    0.0001    0.0061   -0.0049
   7543.45    0.0001    0.0062   -0.0049
   7544.48    0.0001    0.0062   -0.0050
   7545.51    0.0001    0.0063   -0.0050
   7546.54    0.0001    0.0064   -0.0051
   7547.58    0.0001    0.0064   -0.0052
   7548.61    0.0001    0.0065   -0.0053
   7549.64    0.0001    0.0066   -0.0053
   7550.67    0.0001    0.0067   -0.0054
   7551.71    0.0001    0.0067   -0.0055
   7552.74    0.0001    0.0068   -0.0056
   7553.77    0.0001    0.0069   -0.0058
   7554.80    0.0001    0.0070   -0.0059
   7555.84    0.0001    0.0070   -0.0060
   7556.87    0.0001    0.0071   -0.0061
   7557.90    0.0001    0.0072   -0.0063
   7558.93    0.0001    0.0073   -0.0064
   7559.97    0.0001    0.0074   -0.0065
   7561.00    0.0001    0.0074   -0.0067
   7562.03    0.0001    0.0075   -0.0068
   7563.06    0.0001    0.0076   -0.0070
   7564.10    0.0001    0.0077   -0.0071
   7565.13    0.0001    0.0078   -0.0073
   7566.16    0.0001    0.0078   -0.0074
   7567.19    0.0001    0.0079   -0.0076
   7568.23    0.0001    0.0080   -0.0078
   7569.26    0.0001    0.0081   -0.0079
   7570.29    0.0001    0.0082   -0.0081
   7571.32    0.0001    0.0083   -0.0083
   7572.36    0.0001    0.0084   -0.0085
   7573.39    0.0001    0.0085   -0.0087
   7574.42    0.0002    0.0086   -0.0089
   7575.45    0.0002    0.0087   -0.0091
   7576.49    0.0002    0.0088   -0.0093
   7577.52    0.0002    0.0089   -0.0096
   7578.55    0.0002    0.0090   -0.0098
   7579.58    0.0002    0.0091   -0.0100
   7580.62    0.0002    0.0093   -0.0103
   7581.65    0.0002    0.0094   -0.0105
   7582.68    0.0002    0.0095   -0.0108
   7583.71    0.0002    0.0096   -0.0110
   7584.75    0.0002    0.0097   -0.0113
   7585.78    0.0002    0.0098   -0.0116
   7586.81    0.0002    0.0099   -0.0118
   7587.84    0.0002    0.0100   -0.0121
   7588.88    0.0003    0.0101   -0.0124
   7589.91    0.0003    0.0102   -0.0127
   7590.94    0.0003    0.0103   -0.0130
   7591.97    0.0003    0.0104   -0.0133
   7593.01    0.0003    0.0105   -0.0136
   7594.04    0.0003    0.0106   -0.0139
   7595.07    0.0003    0.0108   -0.0142
   7596.10    0.0003    0.0109   -0.0145
   7597.14    0.0003    0.0110   -0.0148
   7598.17    0.0004    0.0111   -0.0151
   7599.20    0.0004    0.0112   -0.0154
   7600.23    0.0004    0.0113   -0.0157
   7601.27    0.0004    0.0114   -0.0161
   7602.30    0.0004    0.0115   -0.0164
   7603.33    0.0004    0.0116   -0.0167
   7604.36    0.0004    0.0117   -0.0170
   7605.40    0.0004    0.0119   -0.0174
   7606.43    0.0005    0.0120   -0.0177
   7607.46    0.0005    0.0121   -0.0181
   7608.49    0.0005    0.0122   -0.0184
   7609.53    0.0005    0.0123   -0.0188
   7610.56    0.0005    0.0124   -0.0191
   7611.59    0.0005    0.0125   -0.0195
   7612.62    0.0006    0.0126   -0.0198
   7613.66    0.0006    0.0127   -0.0202
   7614.69    0.0006    0.0128   -0.0205
   7615.72    0.0006    0.0129   -0.0209
   7616.75    0.0006    0.0130   -0.0212
   7617.79    0.0006    0.0131   -0.0216
   7618.82    0.0007    0.0132   -0.0220
   7619.85    0.0007    0.0133   -0.0223
   7620.88    0.0007    0.0134   -0.0227
   7621.92    0.0007    0.0135   -0.0230
   7622.95    0.0007    0.0136   -0.0234
   7623.98    0.0007    0.0136   -0.0237
   7625.01    0.0008    0.0137   -0.0240
   7626.05    0.0008    0.0138   -0.0244
   7627.08    0.0008    0.0139   -0.0247
   7628.11    0.0008    0.0140   -0.0251
   7629.14    0.0008    0.0140   -0.0254
   7630.18    0.0009    0.0141   -0.0257
   7631.21    0.0009    0.0142   -0.0261
   7632.24    0.0009    0.0143   -0.0264
   7633.27    0.0009    0.0143   -0.0267
   7634.31    0.0009    0.0144   -0.0270
   7635.34    0.0010    0.0145   -0.0273
   7636.37    0.0010    0.0145   -0.0276
   7637.40    0.0010    0.0146   -0.0279
   7638.44    0.0010    0.0147   -0.0282
   7639.47    0.0010    0.0147   -0.0285
   7640.50    0.0011    0.0148   -0.0288
   7641.53    0.0011    0.0149   -0.0291
   7642.57    0.0011    0.0150   -0.0294
   7643.60    0.0011    0.0150   -0.0297
   7644.63    0.0011    0.0151   -0.0300
   7645.66    0.0011    0.0152   -0.0303
   7646.70    0.0012    0.0152   -0.0305
   7647.73    0.0012    0.0153   -0.0308
   7648.76    0.0012    0.0153   -0.0310
   7649.79    0.0012    0.0153   -0.0313
   7650.83    0.0012    0.0154   -0.0315
   7651.86    0.0012    0.0154   -0.0318
   7652.89    0.0013    0.0154   -0.0320
   7653.92    0.0013    0.0155   -0.0322
   7654.96    0.0013    0.0156   -0.0324
   7655.99    0.0013    0.0156   -0.0327
   7657.02    0.0013    0.0157   -0.0329
   7658.05    0.0013    0.0158   -0.0331
   7659.09    0.0014    0.0158   -0.0333
   7660.12    0.0014    0.0159   -0.0335
   7661.15    0.0014    0.0159   -0.0337
   7662.18    0.0014    0.0159   -0.0339
   7663.22    0.0014    0.0160   -0.0340
   7664.25    0.0014    0.0160   -0.0342
   7665.28    0.0014    0.0160   -0.0344
   7666.31    0.0015    0.0161   -0.0345
   7667.35    0.0015    0.0161   -0.0347
   7668.38    0.0015    0.0161   -0.0349
   7669.41    0.0015    0.0162   -0.0351
   7670.44    0.0015    0.0162   -0.0353
   7671.48    0.0015    0.0163   -0.0355
   7672.51    0.0015    0.0163   -0.0357
   7673.54    0.0016    0.0163   -0.0358
   7674.57    0.0016    0.0164   -0.0360
   7675.61    0.0016    0.0164   -0.0361
   7676.64    0.0016    0.0165   -0.0362
   7677.67    0.0016    0.0165   -0.0364
   7678.70    0.0016    0.0165   -0.0365
   7679.74    0.0016    0.0166   -0.0366
   7680.77    0.0016    0.0166   -0.0367
   7681.80    0.0016    0.0167   -0.0368
   7682.83    0.0016    0.0167   -0.0369
   7683.87    0.0017    0.0168   -0.0370
   7684.90    0.0017    0.0168   -0.0372
   7685.93    0.0017    0.0169   -0.0373
   7686.96    0.0017    0.0169   -0.0375
   7688.00    0.0017    0.0170   -0.0376
   7689.03    0.0017    0.0170   -0.0377
   7690.06    0.0017    0.0171   -0.0378
   7691.09    0.0017    0.0171   -0.0379
   7692.13    0.0017    0.0172   -0.0380
   7693.16    0.0017    0.0172   -0.0381
   7694.19    0.0018    0.0173   -0.0382
   7695.22    0.0018    0.0173   -0.0382
   7696.26    0.0018    0.0174   -0.0383
   7697.29    0.0018    0.0174   -0.0383
   7698.32    0.0018    0.0175   -0.0384
   7699.35    0.0018    0.0175   -0.0385
   7700.39    0.0018    0.0176   -0.0385
   7701.42    0.0018    0.0176   -0.0386
   7702.45    0.0018    0.0177   -0.0387
   7703.48    0.0018    0.0178   -0.0388
   7704.52    0.0018    0.0179   -0.0389
   7705.55    0.0018    0.0179   -0.0390
   7706.58    0.0018    0.0180   -0.0391
   7707.61    0.0019    0.0181   -0.0392
   7708.65    0.0019    0.0181   -0.0393
   7709.68    0.0019    0.0182   -0.0394
   7710.71    0.0019    0.0183   -0.0395
   7711.74    0.0019    0.0183   -0.0396
   7712.78    0.0019    0.0184   -0.0397
   7713.81    0.0019    0.0184   -0.0397
   7714.84    0.0019    0.0185   -0.0398
   7715.87    0.0019    0.0185   -0.0399
   7716.91    0.0019    0.0185   -0.0400
   7717.94    0.0020    0.0186   -0.0401
   7718.97    0.0020    0.0186   -0.0401
   7720.00    0.0020    0.0186   -0.0402
   7721.04    0.0020    0.0187   -0.0403
   7722.07    0.0020    0.0187   -0.0403
   7723.10    0.0020    0.0188   -0.0404
   7724.13    0.0020    0.0188   -0.0405
   7725.17    0.0020    0.0188   -0.0405
   7726.20    0.0020    0.0189   -0.0406
   7727.23    0.0020    0.0189   -0.0406
   7728.26    0.0020    0.0189   -0.0407
   7729.30    0.0020    0.0190   -0.0408
   7730.33    0.0020    0.0190   -0.0408
   7731.36    0.0020    0.0191   -0.0409
   7732.39    0.0020    0.0191   -0.0410
   7733.43    0.0021    0.0191   -0.0411
   7734.46    0.0021    0.0192   -0.0412
   7735.49    0.0021    0.0192   -0.0412
   7736.52    0.0021    0.0192   -0.0413
   7737.56    0.0021    0.0193   -0.0414
   7738.59    0.0021    0.0193   -0.0415
   7739.62    0.0021    0.0193   -0.0416
   7740.65    0.0021    0.0193   -0.0417
   7741.69    0.0021    0.0194   -0.0418
   7742.72    0.0021    0.0194   -0.0420
   7743.75    0.0021    0.0194   -0.0421
   7744.78    0.0022    0.0194   -0.0422
   7745.82    0.0022    0.0194   -0.0423
   7746.85    0.0022    0.0194   -0.0424
   7747.88    0.0022    0.0193   -0.0426
   7748.91    0.0022    0.0193   -0.0427
   7749.95    0.0022    0.0193   -0.0428
   7750.98    0.0022    0.0193   -0.0429
   7752.01    0.0022    0.0192   -0.0430
   7753.04    0.0022    0.0192   -0.0432
   7754.08    0.0022    0.0191   -0.0433
   7755.11    0.0022    0.0191   -0.0434
   7756.14    0.0023    0.0190   -0.0435
   7757.17    0.0023    0.0190   -0.0436
   7758.21    0.0023    0.0189   -0.0437
   7759.24    0.0023    0.0189   -0.0438
   7760.27    0.0023    0.0188   -0.0439
   7761.30    0.0023    0.0188   -0.0440
   7762.34    0.0023    0.0187   -0.0441
   7763.37    0.0023    0.0186   -0.0442
   7764.40    0.0023    0.0186   -0.0443
   7765.43    0.0023    0.0185   -0.0443
   7766.47    0.0023    0.0184   -0.0444
   7767.50    0.0023    0.0183   -0.0445
   7768.53    0.0023    0.0182   -0.0446
   7769.56    0.0023    0.0182   -0.0447
   7770.60    0.0023    0.0181   -0.0447
   7771.63    0.0023    0.0180   -0.0448
   7772.66    0.0023    0.0179   -0.0449
   7773.69    0.0023    0.0178   -0.0450
   7774.73    0.0023    0.0177   -0.0450
   7775.76    0.0023    0.0176   -0.0451
   7776.79    0.0023    0.0175   -0.0452
   7777.82    0.0024    0.0174   -0.0453
   7778.86    0.0024    0.0173   -0.0454
   7779.89    0.0024    0.0172   -0.0455
   7780.92    0.0024    0.0170   -0.0456
   7781.95    0.0024    0.0169   -0.0457
   7782.99    0.0024    0.0168   -0.0458
   7784.02    0.0024    0.0166   -0.0458
   7785.05    0.0024    0.0164   -0.0460
   7786.08    0.0024    0.0161   -0.0463
   7787.12    0.0024    0.0157   -0.0466
   7788.15    0.0025    0.0153   -0.0472
   7789.18    0.0025    0.0149   -0.0478
   7790.21    0.0026    0.0146   -0.0484
   7791.25    0.0026    0.0143   -0.0490
   7792.28    0.0026    0.0141   -0.0495
   7793.31    0.0027    0.0139   -0.0499
   7794.34    0.0027    0.0138   -0.0502
   7795.38    0.0027    0.0137   -0.0504
   7796.41    0.0027    0.0136   -0.0506
   7797.44    0.0028    0.0134   -0.0508
   7798.47    0.0028    0.0132   -0.0511
   7799.51    0.0028    0.0129   -0.0514
   7800.54    0.0028    0.0126   -0.0517
   7801.57    0.0029    0.0123   -0.0522
   7802.60    0.0029    0.0119   -0.0528
   7803.64    0.0030    0.0115   -0.0534
   7804.67    0.0030    0.0111   -0.0541
   7805.70    0.0031    0.0108   -0.0547
   7806.73    0.0032    0.0105   -0.0553
   7807.77    0.0032    0.0102   -0.0559
   7808.80    0.0033    0.0099   -0.0564
   7809.83    0.0033    0.0097   -0.0568
   7810.86    0.0033    0.0095   -0.0571
   7811.90    0.0034    0.0093   -0.0573
   7812.93    0.0034    0.0091   -0.0576
   7813.96    0.0034    0.0088   -0.0579
   7814.99    0.0035    0.0084   -0.0583
   7816.03    0.0035    0.0080   -0.0587
   7817.06    0.0036    0.0075   -0.0592
   7818.09    0.0036    0.0070   -0.0596
   7819.12    0.0036    0.0067   -0.0598
   7820.16    0.0036    0.0064   -0.0600
   7821.19    0.0037    0.0062   -0.0601
   7822.22    0.0037    0.0060   -0.0602
   7823.25    0.0037    0.0057   -0.0604
   7824.29    0.0037    0.0054   -0.0606
   7825.32    0.0037    0.0050   -0.0609
   7826.35    0.0038    0.0045   -0.0612
   7827.38    0.0038    0.0040   -0.0616
   7828.42    0.0038    0.0037   -0.0618
   7829.45    0.0038    0.0033   -0.0619
   7830.48    0.0039    0.0031   -0.0620
   7831.51    0.0038    0.0029   -0.0620
   7832.55    0.0038    0.0027   -0.0619
   7833.58    0.0038    0.0025   -0.0620
   7834.61    0.0039    0.0022   -0.0621
   7835.64    0.0039    0.0019   -0.0623
   7836.68    0.0039    0.0016   -0.0626
   7837.71    0.0040    0.0012   -0.0629
   7838.74    0.0040    0.0009   -0.0632
   7839.77    0.0040    0.0006   -0.0634
   7840.81    0.0040    0.0003   -0.0635
   7841.84    0.0040    0.0002   -0.0635
   7842.87    0.0040   -0.0000   -0.0634
   7843.90    0.0040   -0.0001   -0.0634
   7844.94    0.0040   -0.0003   -0.0634
   7845.97    0.0040   -0.0005   -0.0635
   7847.00    0.0041   -0.0007   -0.0637
   7848.03    0.0041   -0.0009   -0.0639
   7849.07    0.0041   -0.0012   -0.0643
   7850.10    0.0042   -0.0014   -0.0646
   7851.13    0.0042   -0.0016   -0.0649
   7852.16    0.0042   -0.0019   -0.0651
   7853.20    0.0043   -0.0020   -0.0652
   7854.23    0.0043   -0.0022   -0.0653
   7855.26    0.0043   -0.0024   -0.0652
   7856.29    0.0043   -0.0025   -0.0652
   7857.33    0.0042   -0.0026   -0.0651
   7858.36    0.0042   -0.0028   -0.0651
   7859.39    0.0043   -0.0030   -0.0652
   7860.42    0.0043   -0.0032   -0.0653
   7861.46    0.0043   -0.0034   -0.0656
   7862.49    0.0043   -0.0036   -0.0658
   7863.52    0.0044   -0.0038   -0.0661
   7864.55    0.0044   -0.0040   -0.0663
   7865.59    0.0044   -0.0042   -0.0664
   7866.62    0.0044   -0.0044   -0.0664
   7867.65    0.0044   -0.0046   -0.0663
   7868.68    0.0044   -0.0048   -0.0662
   7869.72    0.0044   -0.0050   -0.0660
   7870.75    0.0043   -0.0052   -0.0657
   7871.78    0.0043   -0.0054   -0.0655
   7872.81    0.0043   -0.0056   -0.0654
   7873.85    0.0043   -0.0057   -0.0653
   7874.88    0.0043   -0.0059   -0.0653
   7875.91    0.0043   -0.0060   -0.0654
   7876.94    0.0043   -0.0061   -0.0655
   7877.98    0.0043   -0.0062   -0.0656
   7879.01    0.0044   -0.0064   -0.0657
   7880.04    0.0044   -0.0065   -0.0657
   7881.07    0.0044   -0.0066   -0.0656
   7882.11    0.0043   -0.0067   -0.0655
   7883.14    0.0043   -0.0068   -0.0653
   7884.17    0.0043   -0.0069   -0.0651
   7885.20    0.0042   -0.0070   -0.0648
   7886.24    0.0042   -0.0071   -0.0645
   7887.27    0.0042   -0.0072   -0.0643
   7888.30    0.0042   -0.0073   -0.0642
   7889.33    0.0042   -0.0073   -0.0642
   7890.37    0.0042   -0.0072   -0.0642
   7891.40    0.0042   -0.0072   -0.0643
   7892.43    0.0042   -0.0070   -0.0644
   7893.46    0.0042   -0.0068   -0.0644
   7894.50    0.0042   -0.0067   -0.0644
   7895.53    0.0042   -0.0066   -0.0643
   7896.56    0.0042   -0.0066   -0.0642
   7897.59    0.0042   -0.0067   -0.0641
   7898.63    0.0041   -0.0068   -0.0640
   7899.66    0.0041   -0.0069   -0.0640
   7900.69    0.0042   -0.0070   -0.0641
   7901.72    0.0042   -0.0069   -0.0642
   7902.76    0.0042   -0.0068   -0.0643
   7903.79    0.0042   -0.0066   -0.0643
   7904.82    0.0042   -0.0064   -0.0643
   7905.85    0.0042   -0.0064   -0.0642
   7906.89    0.0041   -0.0064   -0.0641
   7907.92    0.0041   -0.0065   -0.0639
   7908.95    0.0041   -0.0067   -0.0638
   7909.98    0.0041   -0.0070   -0.0638
   7911.02    0.0041   -0.0071   -0.0638
   7912.05    0.0041   -0.0072   -0.0638
   7913.08    0.0041   -0.0072   -0.0638
   7914.11    0.0041   -0.0070   -0.0638
   7915.15    0.0041   -0.0069   -0.0638
   7916.18    0.0041   -0.0068   -0.0637
   7917.21    0.0041   -0.0067   -0.0636
   7918.24    0.0041   -0.0068   -0.0635
   7919.28    0.0041   -0.0069   -0.0633
   7920.31    0.0040   -0.0070   -0.0632
   7921.34    0.0040   -0.0072   -0.0632
   7922.37    0.0040   -0.0073   -0.0632
   7923.41    0.0041   -0.0073   -0.0633
   7924.44    0.0041   -0.0072   -0.0633
   7925.47    0.0041   -0.0070   -0.0634
   7926.50    0.0041   -0.0068   -0.0634
   7927.54    0.0041   -0.0065   -0.0634
   7928.57    0.0041   -0.0063   -0.0634
   7929.60    0.0041   -0.0062   -0.0633
   7930.63    0.0040   -0.0061   -0.0633
   7931.67    0.0040   -0.0061   -0.0633
   7932.70    0.0040   -0.0062   -0.0633
   7933.73    0.0041   -0.0063   -0.0634
   7934.76    0.0041   -0.0064   -0.0635
   7935.80    0.0041   -0.0064   -0.0636
   7936.83    0.0041   -0.0064   -0.0638
   7937.86    0.0041   -0.0062   -0.0639
   7938.89    0.0041   -0.0061   -0.0639
   7939.93    0.0041   -0.0059   -0.0639
   7940.96    0.0041   -0.0058   -0.0639
   7941.99    0.0041   -0.0058   -0.0639
   7943.02    0.0041   -0.0059   -0.0639
   7944.06    0.0041   -0.0060   -0.0639
   7945.09    0.0041   -0.0062   -0.0639
   7946.12    0.0041   -0.0065   -0.0640
   7947.15    0.0042   -0.0066   -0.0641
   7948.19    0.0042   -0.0068   -0.0642
   7949.22    0.0042   -0.0068   -0.0644
   7950.25    0.0042   -0.0067   -0.0645
   7951.28    0.0042   -0.0066   -0.0646
   7952.32    0.0042   -0.0065   -0.0646
   7953.35    0.0042   -0.0063   -0.0646
   7954.38    0.0042   -0.0062   -0.0646
   7955.41    0.0042   -0.0062   -0.0646
   7956.45    0.0042   -0.0062   -0.0647
   7957.48    0.0042   -0.0063   -0.0648
   7958.51    0.0043   -0.0064   -0.0649
   7959.54    0.0043   -0.0066   -0.0651
   7960.58    0.0043   -0.0067   -0.0653
   7961.61    0.0043   -0.0067   -0.0656
   7962.64    0.0044   -0.0068   -0.0658
   7963.67    0.0044   -0.0068   -0.0659
   7964.71    0.0044   -0.0067   -0.0660
   7965.74    0.0044   -0.0067   -0.0661
   7966.77    0.0044   -0.0068   -0.0662
   7967.80    0.0044   -0.0069   -0.0662
   7968.84    0.0044   -0.0070   -0.0663
   7969.87    0.0045   -0.0073   -0.0664
   7970.90    0.0045   -0.0075   -0.0666
   7971.93    0.0045   -0.0078   -0.0668
   7972.97    0.0046   -0.0080   -0.0670
   7974.00    0.0046   -0.0082   -0.0672
   7975.03    0.0046   -0.0083   -0.0675
   7976.06    0.0046   -0.0084   -0.0676
   7977.10    0.0047   -0.0083   -0.0678
   7978.13    0.0047   -0.0083   -0.0679
   7979.16    0.0047   -0.0083   -0.0679
   7980.19    0.0047   -0.0084   -0.0680
   7981.23    0.0047   -0.0085   -0.0681
   7982.26    0.0047   -0.0087   -0.0682
   7983.29    0.0048   -0.0090   -0.0684
   7984.32    0.0048   -0.0093   -0.0687
   7985.36    0.0048   -0.0096   -0.0690
   7986.39    0.0049   -0.0099   -0.0692
   7987.42    0.0049   -0.0102   -0.0695
   7988.45    0.0050   -0.0104   -0.0697
   7989.49    0.0050   -0.0106   -0.0699
   7990.52    0.0050   -0.0108   -0.0700
   7991.55    0.0050   -0.0110   -0.0701
   7992.58    0.0050   -0.0111   -0.0702
   7993.62    0.0051   -0.0113   -0.0703
   7994.65    0.0051   -0.0116   -0.0704
   7995.68    0.0051   -0.0118   -0.0705
   7996.71    0.0052   -0.0121   -0.0707
   7997.75    0.0052   -0.0124   -0.0710
   7998.78    0.0052   -0.0127   -0.0712
   7999.81    0.0053   -0.0129   -0.0714
   8000.84    0.0053   -0.0132   -0.0716
   8001.88    0.0053   -0.0134   -0.0718
   8002.91    0.0054   -0.0137   -0.0719
   8003.94    0.0054   -0.0139   -0.0720
   8004.97    0.0054   -0.0143   -0.0720
   8006.01    0.0054   -0.0146   -0.0721
   8007.04    0.0054   -0.0149   -0.0722
   8008.07    0.0055   -0.0153   -0.0723
   8009.10    0.0055   -0.0156   -0.0725
   8010.14    0.0055   -0.0160   -0.0727
   8011.17    0.0056   -0.0162   -0.0729
   8012.20    0.0056   -0.0165   -0.0730
   8013.23    0.0056   -0.0168   -0.0732
   8014.27    0.0057   -0.0171   -0.0732
   8015.30    0.0057   -0.0174   -0.0733
   8016.33    0.0057   -0.0178   -0.0733
   8017.36    0.0057   -0.0181   -0.0733
   8018.40    0.0057   -0.0185   -0.0734
   8019.43    0.0058   -0.0189   -0.0734
   8020.46    0.0058   -0.0192   -0.0736
   8021.49    0.0058   -0.0195   -0.0737
   8022.53    0.0058   -0.0199   -0.0738
   8023.56    0.0059   -0.0202   -0.0739
   8024.59    0.0059   -0.0206   -0.0739
   8025.62    0.0059   -0.0209   -0.0740
   8026.66    0.0059   -0.0212   -0.0740
   8027.69    0.0059   -0.0216   -0.0740
   8028.72    0.0060   -0.0219   -0.0740
   8029.75    0.0060   -0.0223   -0.0740
   8030.79    0.0060   -0.0226   -0.0739
   8031.82    0.0060   -0.0229   -0.0739
   8032.85    0.0060   -0.0232   -0.0738
   8033.88    0.0060   -0.0236   -0.0737
   8034.92    0.0060   -0.0239   -0.0735
   8035.95    0.0060   -0.0242   -0.0734
   8036.98    0.0060   -0.0245   -0.0732
   8038.01    0.0060   -0.0248   -0.0731
   8039.05    0.0059   -0.0251   -0.0729
   8040.08    0.0059   -0.0254   -0.0727
   8041.11    0.0059   -0.0257   -0.0725
   8042.14    0.0059   -0.0259   -0.0723
   8043.18    0.0059   -0.0262   -0.0721
   8044.21    0.0059   -0.0265   -0.0719
   8045.24    0.0058   -0.0267   -0.0716
   8046.27    0.0058   -0.0270   -0.0714
   8047.31    0.0058   -0.0272   -0.0712
   8048.34    0.0058   -0.0274   -0.0710
   8049.37    0.0058   -0.0277   -0.0707
   8050.40    0.0057   -0.0279   -0.0705
   8051.44    0.0057   -0.0281   -0.0703
   8052.47    0.0057   -0.0283   -0.0701
   8053.50    0.0057   -0.0285   -0.0698
   8054.53    0.0057   -0.0287   -0.0696
   8055.57    0.0056   -0.0289   -0.0694
   8056.60    0.0056   -0.0290   -0.0692
   8057.63    0.0056   -0.0292   -0.0690
   8058.66    0.0056   -0.0293   -0.0687
   8059.70    0.0056   -0.0295   -0.0685
   8060.73    0.0055   -0.0296   -0.0683
   8061.76    0.0055   -0.0298   -0.0681
   8062.79    0.0055   -0.0299   -0.0679
   8063.83    0.0055   -0.0301   -0.0677
   8064.86    0.0055   -0.0302   -0.0675
   8065.89    0.0054   -0.0303   -0.0673
   8066.92    0.0054   -0.0304   -0.0671
   8067.96    0.0054   -0.0305   -0.0669
   8068.99    0.0054   -0.0307   -0.0666
   8070.02    0.0054   -0.0308   -0.0664
   8071.05    0.0053   -0.0309   -0.0662
   8072.09    0.0053   -0.0310   -0.0660
   8073.12    0.0053   -0.0310   -0.0657
   8074.15    0.0053   -0.0311   -0.0655
   8075.18    0.0052   -0.0312   -0.0652
   8076.22    0.0052   -0.0313   -0.0650
   8077.25    0.0052   -0.0313   -0.0647
   8078.28    0.0051   -0.0313   -0.0644
   8079.31    0.0051   -0.0314   -0.0641
   8080.35    0.0050   -0.0314   -0.0638
   8081.38    0.0050   -0.0314   -0.0635
   8082.41    0.0050   -0.0313   -0.0632
   8083.44    0.0049   -0.0313   -0.0630
   8084.48    0.0049   -0.0312   -0.0628
   8085.51    0.0049   -0.0311   -0.0626
   8086.54    0.0049   -0.0311   -0.0625
   8087.57    0.0048   -0.0310   -0.0623
   8088.61    0.0048   -0.0309   -0.0622
   8089.64    0.0048   -0.0309   -0.0620
   8090.67    0.0048   -0.0308   -0.0618
   8091.70    0.0047   -0.0308   -0.0615
   8092.74    0.0047   -0.0307   -0.0612
   8093.77    0.0047   -0.0307   -0.0609
   8094.80    0.0046   -0.0306   -0.0606
   8095.83    0.0046   -0.0306   -0.0603
   8096.87    0.0045   -0.0305   -0.0600
   8097.90    0.0045   -0.0305   -0.0597
   8098.93    0.0044   -0.0304   -0.0594
   8099.96    0.0044   -0.0303   -0.0591
   8101.00    0.0044   -0.0303   -0.0588
   8102.03    0.0043   -0.0302   -0.0586
   8103.06    0.0043   -0.0301   -0.0583
   8104.09    0.0043   -0.0300   -0.0581
   8105.13    0.0042   -0.0299   -0.0579
   8106.16    0.0042   -0.0298   -0.0576
   8107.19    0.0042   -0.0297   -0.0574
   8108.22    0.0042   -0.0296   -0.0572
   8109.26    0.0041   -0.0295   -0.0570
   8110.29    0.0041   -0.0295   -0.0568
   8111.32    0.0041   -0.0294   -0.0565
   8112.35    0.0040   -0.0294   -0.0563
   8113.39    0.0040   -0.0294   -0.0561
   8114.42    0.0040   -0.0293   -0.0558
   8115.45    0.0039   -0.0293   -0.0555
   8116.48    0.0039   -0.0293   -0.0553
   8117.52    0.0039   -0.0293   -0.0550
   8118.55    0.0039   -0.0293   -0.0547
   8119.58    0.0038   -0.0294   -0.0544
   8120.61    0.0038   -0.0294   -0.0541
   8121.65    0.0038   -0.0294   -0.0538
   8122.68    0.0037   -0.0294   -0.0536
   8123.71    0.0037   -0.0294   -0.0533
   8124.74    0.0037   -0.0295   -0.0530
   8125.78    0.0036   -0.0295   -0.0527
   8126.81    0.0036   -0.0295   -0.0524
   8127.84    0.0036   -0.0294   -0.0521
   8128.87    0.0035   -0.0294   -0.0518
   8129.91    0.0035   -0.0294   -0.0515
   8130.94    0.0035   -0.0294   -0.0513
   8131.97    0.0035   -0.0294   -0.0512
   8133.00    0.0035   -0.0295   -0.0511
   8134.04    0.0035   -0.0296   -0.0510
   8135.07    0.0035   -0.0296   -0.0509
   8136.10    0.0034   -0.0296   -0.0507
   8137.13    0.0034   -0.0296   -0.0505
   8138.17    0.0034   -0.0297   -0.0502
   8139.20    0.0034   -0.0297   -0.0500
   8140.23    0.0034   -0.0297   -0.0498
   8141.26    0.0034   -0.0298   -0.0498
   8142.30    0.0034   -0.0299   -0.0498
   8143.33    0.0034   -0.0300   -0.0498
   8144.36    0.0034   -0.0301   -0.0498
   8145.39    0.0034   -0.0302   -0.0497
   8146.43    0.0034   -0.0303   -0.0495
   8147.46    0.0034   -0.0304   -0.0493
   8148.49    0.0033   -0.0306   -0.0490
   8149.52    0.0033   -0.0308   -0.0487
   8150.56    0.0033   -0.0309   -0.0485
   8151.59    0.0033   -0.0311   -0.0484
   8152.62    0.0033   -0.0312   -0.0483
   8153.65    0.0033   -0.0313   -0.0482
   8154.69    0.0033   -0.0313   -0.0482
   8155.72    0.0033   -0.0314   -0.0481
   8156.75    0.0033   -0.0315   -0.0480
   8157.78    0.0033   -0.0315   -0.0479
   8158.82    0.0033   -0.0316   -0.0477
   8159.85    0.0033   -0.0317   -0.0474
   8160.88    0.0032   -0.0318   -0.0472
   8161.91    0.0032   -0.0319   -0.0470
   8162.95    0.0032   -0.0320   -0.0468
   8163.98    0.0032   -0.0321   -0.0468
   8165.01    0.0032   -0.0322   -0.0467
   8166.04    0.0032   -0.0323   -0.0467
   8167.08    0.0032   -0.0324   -0.0468
   8168.11    0.0032   -0.0325   -0.0468
   8169.14    0.0033   -0.0326   -0.0468
   8170.17    0.0033   -0.0328   -0.0467
   8171.21    0.0033   -0.0330   -0.0466
   8172.24    0.0033   -0.0331   -0.0465
   8173.27    0.0033   -0.0334   -0.0463
   8174.30    0.0033   -0.0336   -0.0461
   8175.34    0.0032   -0.0338   -0.0459
   8176.37    0.0032   -0.0341   -0.0457
   8177.40    0.0032   -0.0343   -0.0455
   8178.43    0.0032   -0.0345   -0.0454
   8179.47    0.0033   -0.0347   -0.0453
   8180.50    0.0033   -0.0349   -0.0452
   8181.53    0.0033   -0.0350   -0.0451
   8182.56    0.0033   -0.0352   -0.0451
   8183.60    0.0033   -0.0354   -0.0450
   8184.63    0.0033   -0.0355   -0.0448
   8185.66    0.0033   -0.0357   -0.0446
   8186.69    0.0033   -0.0359   -0.0444
   8187.73    0.0033   -0.0360   -0.0442
   8188.76    0.0032   -0.0361   -0.0440
   8189.79    0.0032   -0.0362   -0.0439
   8190.82    0.0032   -0.0363   -0.0438
   8191.86    0.0032   -0.0364   -0.0437
   8192.89    0.0032   -0.0365   -0.0436
   8193.92    0.0032   -0.0365   -0.0435
   8194.95    0.0032   -0.0366   -0.0435
   8195.99    0.0032   -0.0368   -0.0434
   8197.02    0.0032   -0.0369   -0.0433
   8198.05    0.0032   -0.0371   -0.0431
   8199.08    0.0032   -0.0373   -0.0430
   8200.12    0.0032   -0.0375   -0.0429
   8201.15    0.0032   -0.0376   -0.0428
   8202.18    0.0032   -0.0378   -0.0427
   8203.21    0.0033   -0.0379   -0.0426
   8204.25    0.0033   -0.0380   -0.0426
   8205.28    0.0033   -0.0382   -0.0426
   8206.31    0.0033   -0.0383   -0.0426
   8207.34    0.0033   -0.0384   -0.0426
   8208.38    0.0033   -0.0385   -0.0426
   8209.41    0.0033   -0.0387   -0.0426
   8210.44    0.0033   -0.0389   -0.0425
   8211.47    0.0033   -0.0391   -0.0425
   8212.51    0.0034   -0.0394   -0.0425
   8213.54    0.0034   -0.0396   -0.0424
   8214.57    0.0034   -0.0399   -0.0423
   8215.60    0.0034   -0.0401   -0.0423
   8216.64    0.0034   -0.0403   -0.0422
   8217.67    0.0034   -0.0405   -0.0422
   8218.70    0.0034   -0.0407   -0.0421
   8219.73    0.0034   -0.0409   -0.0421
   8220.77    0.0034   -0.0410   -0.0420
   8221.80    0.0035   -0.0411   -0.0419
   8222.83    0.0035   -0.0412   -0.0419
   8223.86    0.0035   -0.0413   -0.0418
   8224.90    0.0035   -0.0415   -0.0418
   8225.93    0.0035   -0.0416   -0.0417
   8226.96    0.0035   -0.0417   -0.0416
   8227.99    0.0035   -0.0419   -0.0415
   8229.03    0.0035   -0.0421   -0.0414
   8230.06    0.0035   -0.0423   -0.0413
   8231.09    0.0035   -0.0424   -0.0412
   8232.12    0.0035   -0.0426   -0.0411
   8233.16    0.0035   -0.0428   -0.0409
   8234.19    0.0035   -0.0430   -0.0408
   8235.22    0.0035   -0.0432   -0.0407
   8236.25    0.0035   -0.0434   -0.0405
   8237.29    0.0035   -0.0435   -0.0404
   8238.32    0.0035   -0.0436   -0.0402
   8239.35    0.0035   -0.0437   -0.0400
   8240.38    0.0035   -0.0438   -0.0399
   8241.42    0.0035   -0.0438   -0.0397
   8242.45    0.0035   -0.0439   -0.0395
   8243.48    0.0035   -0.0439   -0.0394
   8244.51    0.0035   -0.0439   -0.0392
   8245.55    0.0035   -0.0440   -0.0390
   8246.58    0.0034   -0.0440   -0.0389
   8247.61    0.0034   -0.0440   -0.0387
   8248.64    0.0034   -0.0441   -0.0386
   8249.68    0.0034   -0.0441   -0.0384
   8250.71    0.0034   -0.0441   -0.0383
   8251.74    0.0034   -0.0442   -0.0382
   8252.77    0.0034   -0.0443   -0.0381
   8253.81    0.0034   -0.0443   -0.0380
   8254.84    0.0034   -0.0444   -0.0379
   8255.87    0.0034   -0.0445   -0.0379
   8256.90    0.0034   -0.0446   -0.0378
   8257.94    0.0034   -0.0446   -0.0377
   8258.97    0.0034   -0.0447   -0.0377
   8260.00    0.0034   -0.0448   -0.0376
   8261.03    0.0034   -0.0449   -0.0376
   8262.07    0.0034   -0.0449   -0.0375
   8263.10    0.0034   -0.0450   -0.0375
   8264.13    0.0034   -0.0450   -0.0375
   8265.16    0.0034   -0.0450   -0.0374
   8266.20    0.0034   -0.0450   -0.0374
   8267.23    0.0034   -0.0451   -0.0373
   8268.26    0.0034   -0.0451   -0.0373
   8269.29    0.0034   -0.0450   -0.0373
   8270.33    0.0034   -0.0450   -0.0372
   8271.36    0.0034   -0.0450   -0.0372
   8272.39    0.0034   -0.0449   -0.0371
   8273.42    0.0034   -0.0449   -0.0370
   8274.46    0.0034   -0.0448   -0.0370
   8275.49    0.0034   -0.0448   -0.0369
   8276.52    0.0034   -0.0447   -0.0369
   8277.55    0.0034   -0.0446   -0.0368
   8278.59    0.0033   -0.0446   -0.0368
   8279.62    0.0033   -0.0445   -0.0368
   8280.65    0.0033   -0.0445   -0.0367
   8281.68    0.0033   -0.0444   -0.0367
   8282.72    0.0033   -0.0443   -0.0367
   8283.75    0.0033   -0.0443   -0.0367
   8284.78    0.0033   -0.0442   -0.0367
   8285.81    0.0033   -0.0442   -0.0367
   8286.85    0.0033   -0.0441   -0.0367
   8287.88    0.0033   -0.0441   -0.0367
   8288.91    0.0033   -0.0441   -0.0367
   8289.94    0.0033   -0.0441   -0.0368
   8290.98    0.0033   -0.0440   -0.0368
   8292.01    0.0033   -0.0440   -0.0368
   8293.04    0.0033   -0.0440   -0.0369
   8294.07    0.0033   -0.0440   -0.0370
   8295.11    0.0033   -0.0440   -0.0370
   8296.14    0.0033   -0.0440   -0.0371
   8297.17    0.0033   -0.0440   -0.0371
   8298.20    0.0033   -0.0440   -0.0372
   8299.24    0.0033   -0.0441   -0.0373
   8300.27    0.0033   -0.0441   -0.0373
   8301.30    0.0034   -0.0442   -0.0374
   8302.33    0.0034   -0.0442   -0.0375
