     #Time      Norm      Real      Imag
   7395.80    0.0000    0.0000    0.0000
   7396.83    0.0000    0.0001    0.0001
   7397.86    0.0000    0.0001    0.0001
   7398.90    0.0000    0.0002    0.0001
   7399.93    0.0000    0.0002    0.0001
   7400.96    0.0000    0.0003    0.0002
   7401.99    0.0000    0.0004    0.0002
   7403.03    0.0000    0.0004    0.0002
   7404.06    0.0000    0.0005    0.0002
   7405.09    0.0000    0.0005    0.0002
   7406.12    0.0000    0.0006    0.0002
   7407.16    0.0000    0.0007    0.0002
   7408.19    0.0000    0.0007    0.0002
   7409.22    0.0000    0.0008    0.0002
   7410.25    0.0000    0.0009    0.0002
   7411.29    0.0000    0.0010    0.0002
   7412.32    0.0000    0.0010    0.0002
   7413.35    0.0000    0.0011    0.0002
   7414.38    0.0000    0.0012    0.0002
   7415.42    0.0000    0.0013    0.0001
   7416.45    0.0000    0.0013    0.0001
   7417.48    0.0000    0.0014    0.0001
   7418.51    0.0000    0.0015    0.0001
   7419.55    0.0000    0.0016    0.0001
   7420.58    0.0000    0.0017    0.0000
   7421.61    0.0000    0.0018    0.0000
   7422.64    0.0000    0.0018   -0.0000
   7423.68    0.0000    0.0019   -0.0001
   7424.71    0.0000    0.0020   -0.0001
   7425.74    0.0000    0.0021   -0.0001
   7426.77    0.0000    0.0022   -0.0002
   7427.81    0.0000    0.0023   -0.0002
   7428.84    0.0000    0.0024   -0.0002
   7429.87    0.0000    0.0025   -0.0003
   7430.90    0.0000    0.0026   -0.0003
   7431.94    0.0000    0.0027   -0.0004
   7432.97    0.0000    0.0028   -0.0004
   7434.00    0.0000    0.0029   -0.0004
   7435.03    0.0000    0.0030   -0.0005
   7436.07    0.0000    0.0030   -0.0005
   7437.10    0.0000    0.0030   -0.0005
   7438.13    0.0000    0.0029   -0.0005
   7439.16    0.0000    0.0029   -0.0005
   7440.20    0.0000    0.0028   -0.0006
   7441.23    0.0000    0.0027   -0.0006
   7442.26    0.0000    0.0027   -0.0006
   7443.29    0.0000    0.0027   -0.0006
   7444.33    0.0000    0.0028   -0.0005
   7445.36    0.0000    0.0029   -0.0006
   7446.39    0.0000    0.0029   -0.0006
   7447.42    0.0000    0.0029   -0.0007
   7448.46    0.0000    0.0028   -0.0008
   7449.49    0.0000    0.0028   -0.0009
   7450.52    0.0000    0.0027   -0.0009
   7451.55    0.0000    0.0027   -0.0009
   7452.59    0.0000    0.0028   -0.0008
   7453.62    0.0000    0.0029   -0.0008
   7454.65    0.0000    0.0030   -0.0009
   7455.68    0.0000    0.0030   -0.0009
   7456.72    0.0000    0.0030   -0.0010
   7457.75    0.0000    0.0029   -0.0011
   7458.78    0.0000    0.0028   -0.0012
   7459.81    0.0000    0.0028   -0.0012
   7460.85    0.0000    0.0027   -0.0012
   7461.88    0.0000    0.0028   -0.0011
   7462.91    0.0000    0.0029   -0.0011
   7463.94    0.0000    0.0029   -0.0011
   7464.98    0.0000    0.0030   -0.0011
   7466.01    0.0000    0.0030   -0.0012
   7467.04    0.0000    0.0030   -0.0013
   7468.07    0.0000    0.0029   -0.0014
   7469.11    0.0000    0.0029   -0.0015
   7470.14    0.0000    0.0028   -0.0015
   7471.17    0.0000    0.0027   -0.0015
   7472.20    0.0000    0.0027   -0.0014
   7473.24    0.0000    0.0028   -0.0014
   7474.27    0.0000    0.0028   -0.0013
   7475.30    0.0000    0.0029   -0.0013
   7476.33    0.0000    0.0030   -0.0013
   7477.37    0.0000    0.0030   -0.0013
   7478.40    0.0000    0.0030   -0.0014
   7479.43    0.0000    0.0029   -0.0015
   7480.46    0.0000    0.0029   -0.0016
   7481.50    0.0000    0.0028   -0.0017
   7482.53    0.0000    0.0027   -0.0017
   7483.56    0.0000    0.0026   -0.0017
   7484.59    0.0000    0.0026   -0.0016
   7485.63    0.0000    0.0026   -0.0015
   7486.66    0.0000    0.0027   -0.0014
   7487.69    0.0000    0.0028   -0.0014
   7488.72    0.0000    0.0028   -0.0014
   7489.76    0.0000    0.0029   -0.0014
   7490.79    0.0000    0.0029   -0.0014
   7491.82    0.0000    0.0029   -0.0015
   7492.85    0.0000    0.0028   -0.0016
   7493.89    0.0000    0.0027   -0.0017
   7494.92    0.0000    0.0026   -0.0018
   7495.95    0.0000    0.0025   -0.0018
   7496.98    0.0000    0.0025   -0.0018
   7498.02    0.0000    0.0024   -0.0017
   7499.05    0.0000    0.0024   -0.0017
   7500.08    0.0000    0.0024   -0.0016
   7501.11    0.0000    0.0025   -0.0015
   7502.15    0.0000    0.0025   -0.0014
   7503.18    0.0000    0.0026   -0.0014
   7504.21    0.0000    0.0026   -0.0014
   7505.24    0.0000    0.0027   -0.0014
   7506.28    0.0000    0.0027   -0.0015
   7507.31    0.0000    0.0026   -0.0016
   7508.34    0.0000    0.0026   -0.0017
   7509.37    0.0000    0.0025   -0.0018
   7510.41    0.0000    0.0024   -0.0019
   7511.44    0.0000    0.0023   -0.0020
   7512.47    0.0000    0.0022   -0.0020
   7513.50    0.0000    0.0022   -0.0019
   7514.54    0.0000    0.0021   -0.0019
   7515.57    0.0000    0.0021   -0.0018
   7516.60    0.0000    0.0021   -0.0017
   7517.63    0.0000    0.0021   -0.0016
   7518.67    0.0000    0.0022   -0.0015
   7519.70    0.0000    0.0022   -0.0015
   7520.73    0.0000    0.0023   -0.0015
   7521.76    0.0000    0.0023   -0.0015
   7522.80    0.0000    0.0023   -0.0016
   7523.83    0.0000    0.0024   -0.0017
   7524.86    0.0000    0.0023   -0.0018
   7525.89    0.0000    0.0023   -0.0019
   7526.93    0.0000    0.0023   -0.0021
   7527.96    0.0000    0.0022   -0.0022
   7528.99    0.0000    0.0021   -0.0023
   7530.02    0.0000    0.0020   -0.0023
   7531.06    0.0000    0.0019   -0.0024
   7532.09    0.0000    0.0019   -0.0023
   7533.12    0.0000    0.0018   -0.0023
   7534.15    0.0000    0.0018   -0.0022
   7535.19    0.0000    0.0018   -0.0022
   7536.22    0.0000    0.0018   -0.0021
   7537.25    0.0000    0.0018   -0.0020
   7538.28    0.0000    0.0018   -0.0019
   7539.32    0.0000    0.0018   -0.0019
   7540.35    0.0000    0.0019   -0.0019
   7541.38    0.0000    0.0019   -0.0020
   7542.41    0.0000    0.0020   -0.0021
   7543.45    0.0000    0.0020   -0.0022
   7544.48    0.0000    0.0020   -0.0023
   7545.51    0.0000    0.0020   -0.0025
   7546.54    0.0000    0.0020   -0.0027
   7547.58    0.0000    0.0020   -0.0028
   7548.61    0.0000    0.0019   -0.0030
   7549.64    0.0000    0.0019   -0.0031
   7550.67    0.0000    0.0018   -0.0033
   7551.71    0.0000    0.0017   -0.0033
   7552.74    0.0000    0.0016   -0.0034
   7553.77    0.0000    0.0016   -0.0034
   7554.80    0.0000    0.0015   -0.0034
   7555.84    0.0000    0.0014   -0.0034
   7556.87    0.0000    0.0014   -0.0033
   7557.90    0.0000    0.0014   -0.0033
   7558.93    0.0000    0.0013   -0.0033
   7559.97    0.0000    0.0013   -0.0032
   7561.00    0.0000    0.0014   -0.0032
   7562.03    0.0000    0.0014   -0.0032
   7563.06    0.0000    0.0014   -0.0033
   7564.10    0.0000    0.0015   -0.0034
   7565.13    0.0000    0.0015   -0.0035
   7566.16    0.0000    0.0016   -0.0036
   7567.19    0.0000    0.0016   -0.0038
   7568.23    0.0000    0.0017   -0.0040
   7569.26    0.0000    0.0017   -0.0042
   7570.29    0.0000    0.0017   -0.0045
   7571.32    0.0000    0.0017   -0.0047
   7572.36    0.0000    0.0017   -0.0049
   7573.39    0.0000    0.0016   -0.0051
   7574.42    0.0000    0.0016   -0.0053
   7575.45    0.0000    0.0015   -0.0054
   7576.49    0.0000    0.0014   -0.0056
   7577.52    0.0000    0.0013   -0.0057
   7578.55    0.0000    0.0012   -0.0058
   7579.58    0.0000    0.0011   -0.0058
   7580.62    0.0000    0.0011   -0.0059
   7581.65    0.0000    0.0010   -0.0059
   7582.68    0.0000    0.0009   -0.0059
   7583.71    0.0000    0.0009   -0.0059
   7584.75    0.0000    0.0008   -0.0060
   7585.78    0.0000    0.0008   -0.0060
   7586.81    0.0000    0.0008   -0.0061
   7587.84    0.0000    0.0008   -0.0062
   7588.88    0.0000    0.0008   -0.0063
   7589.91    0.0000    0.0009   -0.0064
   7590.94    0.0000    0.0009   -0.0066
   7591.97    0.0000    0.0010   -0.0067
   7593.01    0.0000    0.0010   -0.0070
   7594.04    0.0001    0.0011   -0.0072
   7595.07    0.0001    0.0011   -0.0074
   7596.10    0.0001    0.0012   -0.0077
   7597.14    0.0001    0.0012   -0.0080
   7598.17    0.0001    0.0012   -0.0083
   7599.20    0.0001    0.0012   -0.0085
   7600.23    0.0001    0.0012   -0.0088
   7601.27    0.0001    0.0011   -0.0091
   7602.30    0.0001    0.0011   -0.0093
   7603.33    0.0001    0.0010   -0.0095
   7604.36    0.0001    0.0009   -0.0097
   7605.40    0.0001    0.0008   -0.0099
   7606.43    0.0001    0.0007   -0.0101
   7607.46    0.0001    0.0005   -0.0102
   7608.49    0.0001    0.0004   -0.0103
   7609.53    0.0001    0.0003   -0.0105
   7610.56    0.0001    0.0002   -0.0106
   7611.59    0.0001    0.0001   -0.0107
   7612.62    0.0001    0.0000   -0.0108
   7613.66    0.0001   -0.0001   -0.0109
   7614.69    0.0001   -0.0001   -0.0110
   7615.72    0.0001   -0.0002   -0.0111
   7616.75    0.0001   -0.0002   -0.0112
   7617.79    0.0001   -0.0002   -0.0114
   7618.82    0.0001   -0.0002   -0.0115
   7619.85    0.0001   -0.0001   -0.0117
   7620.88    0.0001   -0.0001   -0.0119
   7621.92    0.0001   -0.0000   -0.0121
   7622.95    0.0002    0.0000   -0.0124
   7623.98    0.0002    0.0001   -0.0127
   7625.01    0.0002    0.0001   -0.0129
   7626.05    0.0002    0.0002   -0.0132
   7627.08    0.0002    0.0002   -0.0135
   7628.11    0.0002    0.0002   -0.0138
   7629.14    0.0002    0.0002   -0.0141
   7630.18    0.0002    0.0002   -0.0144
   7631.21    0.0002    0.0002   -0.0147
   7632.24    0.0002    0.0001   -0.0150
   7633.27    0.0002    0.0000   -0.0152
   7634.31    0.0002   -0.0001   -0.0155
   7635.34    0.0002   -0.0002   -0.0157
   7636.37    0.0003   -0.0003   -0.0159
   7637.40    0.0003   -0.0004   -0.0161
   7638.44    0.0003   -0.0006   -0.0163
   7639.47    0.0003   -0.0007   -0.0165
   7640.50    0.0003   -0.0009   -0.0166
   7641.53    0.0003   -0.0010   -0.0167
   7642.57    0.0003   -0.0011   -0.0169
   7643.60    0.0003   -0.0011   -0.0170
   7644.63    0.0003   -0.0010   -0.0172
   7645.66    0.0003   -0.0010   -0.0175
   7646.70    0.0003   -0.0009   -0.0177
   7647.73    0.0003   -0.0009   -0.0180
   7648.76    0.0003   -0.0009   -0.0182
   7649.79    0.0003   -0.0010   -0.0184
   7650.83    0.0003   -0.0011   -0.0186
   7651.86    0.0004   -0.0013   -0.0187
   7652.89    0.0004   -0.0014   -0.0189
   7653.92    0.0004   -0.0016   -0.0190
   7654.96    0.0004   -0.0017   -0.0191
   7655.99    0.0004   -0.0017   -0.0192
   7657.02    0.0004   -0.0017   -0.0194
   7658.05    0.0004   -0.0017   -0.0195
   7659.09    0.0004   -0.0016   -0.0197
   7660.12    0.0004   -0.0016   -0.0200
   7661.15    0.0004   -0.0015   -0.0202
   7662.18    0.0004   -0.0015   -0.0204
   7663.22    0.0004   -0.0015   -0.0207
   7664.25    0.0004   -0.0015   -0.0209
   7665.28    0.0004   -0.0016   -0.0210
   7666.31    0.0004   -0.0016   -0.0211
   7667.35    0.0005   -0.0016   -0.0212
   7668.38    0.0005   -0.0015   -0.0213
   7669.41    0.0005   -0.0015   -0.0213
   7670.44    0.0005   -0.0015   -0.0214
   7671.48    0.0005   -0.0015   -0.0216
   7672.51    0.0005   -0.0016   -0.0219
   7673.54    0.0005   -0.0017   -0.0221
   7674.57    0.0005   -0.0018   -0.0224
   7675.61    0.0005   -0.0020   -0.0227
   7676.64    0.0005   -0.0021   -0.0229
   7677.67    0.0005   -0.0021   -0.0230
   7678.70    0.0005   -0.0021   -0.0231
   7679.74    0.0005   -0.0021   -0.0232
   7680.77    0.0005   -0.0021   -0.0232
   7681.80    0.0005   -0.0020   -0.0233
   7682.83    0.0005   -0.0019   -0.0233
   7683.87    0.0006   -0.0019   -0.0234
   7684.90    0.0006   -0.0018   -0.0235
   7685.93    0.0006   -0.0019   -0.0237
   7686.96    0.0006   -0.0019   -0.0239
   7688.00    0.0006   -0.0020   -0.0242
   7689.03    0.0006   -0.0021   -0.0244
   7690.06    0.0006   -0.0022   -0.0247
   7691.09    0.0006   -0.0024   -0.0250
   7692.13    0.0006   -0.0025   -0.0252
   7693.16    0.0007   -0.0026   -0.0254
   7694.19    0.0007   -0.0027   -0.0256
   7695.22    0.0007   -0.0027   -0.0258
   7696.26    0.0007   -0.0028   -0.0259
   7697.29    0.0007   -0.0027   -0.0260
   7698.32    0.0007   -0.0027   -0.0260
   7699.35    0.0007   -0.0026   -0.0261
   7700.39    0.0007   -0.0025   -0.0261
   7701.42    0.0007   -0.0025   -0.0262
   7702.45    0.0007   -0.0024   -0.0262
   7703.48    0.0007   -0.0023   -0.0263
   7704.52    0.0007   -0.0022   -0.0264
   7705.55    0.0007   -0.0022   -0.0265
   7706.58    0.0007   -0.0022   -0.0266
   7707.61    0.0007   -0.0022   -0.0268
   7708.65    0.0007   -0.0022   -0.0270
   7709.68    0.0007   -0.0022   -0.0272
   7710.71    0.0008   -0.0023   -0.0275
   7711.74    0.0008   -0.0024   -0.0278
   7712.78    0.0008   -0.0025   -0.0281
   7713.81    0.0008   -0.0026   -0.0284
   7714.84    0.0008   -0.0028   -0.0287
   7715.87    0.0008   -0.0029   -0.0290
   7716.91    0.0009   -0.0030   -0.0293
   7717.94    0.0009   -0.0031   -0.0295
   7718.97    0.0009   -0.0032   -0.0298
   7720.00    0.0009   -0.0033   -0.0300
   7721.04    0.0009   -0.0034   -0.0303
   7722.07    0.0009   -0.0035   -0.0304
   7723.10    0.0009   -0.0035   -0.0306
   7724.13    0.0010   -0.0035   -0.0308
   7725.17    0.0010   -0.0035   -0.0309
   7726.20    0.0010   -0.0035   -0.0310
   7727.23    0.0010   -0.0034   -0.0311
   7728.26    0.0010   -0.0034   -0.0312
   7729.30    0.0010   -0.0033   -0.0312
   7730.33    0.0010   -0.0033   -0.0313
   7731.36    0.0010   -0.0032   -0.0314
   7732.39    0.0010   -0.0031   -0.0314
   7733.43    0.0010   -0.0030   -0.0315
   7734.46    0.0010   -0.0030   -0.0316
   7735.49    0.0010   -0.0029   -0.0316
   7736.52    0.0010   -0.0028   -0.0317
   7737.56    0.0010   -0.0028   -0.0319
   7738.59    0.0010   -0.0027   -0.0320
   7739.62    0.0010   -0.0027   -0.0322
   7740.65    0.0011   -0.0027   -0.0323
   7741.69    0.0011   -0.0027   -0.0326
   7742.72    0.0011   -0.0027   -0.0328
   7743.75    0.0011   -0.0027   -0.0330
   7744.78    0.0011   -0.0028   -0.0333
   7745.82    0.0011   -0.0028   -0.0336
   7746.85    0.0012   -0.0029   -0.0339
   7747.88    0.0012   -0.0030   -0.0343
   7748.91    0.0012   -0.0031   -0.0346
   7749.95    0.0012   -0.0032   -0.0350
   7750.98    0.0013   -0.0033   -0.0353
   7752.01    0.0013   -0.0034   -0.0357
   7753.04    0.0013   -0.0035   -0.0361
   7754.08    0.0013   -0.0036   -0.0364
   7755.11    0.0014   -0.0037   -0.0368
   7756.14    0.0014   -0.0038   -0.0372
   7757.17    0.0014   -0.0039   -0.0375
   7758.21    0.0014   -0.0040   -0.0378
   7759.24    0.0015   -0.0041   -0.0381
   7760.27    0.0015   -0.0041   -0.0384
   7761.30    0.0015   -0.0042   -0.0387
   7762.34    0.0015   -0.0043   -0.0390
   7763.37    0.0016   -0.0043   -0.0392
   7764.40    0.0016   -0.0043   -0.0394
   7765.43    0.0016   -0.0044   -0.0396
   7766.47    0.0016   -0.0044   -0.0398
   7767.50    0.0016   -0.0044   -0.0399
   7768.53    0.0016   -0.0044   -0.0400
   7769.56    0.0016   -0.0044   -0.0401
   7770.60    0.0016   -0.0043   -0.0402
   7771.63    0.0016   -0.0043   -0.0403
   7772.66    0.0017   -0.0043   -0.0404
   7773.69    0.0017   -0.0043   -0.0405
   7774.73    0.0017   -0.0042   -0.0406
   7775.76    0.0017   -0.0042   -0.0406
   7776.79    0.0017   -0.0042   -0.0407
   7777.82    0.0017   -0.0041   -0.0408
   7778.86    0.0017   -0.0041   -0.0409
   7779.89    0.0017   -0.0041   -0.0410
   7780.92    0.0017   -0.0040   -0.0411
   7781.95    0.0017   -0.0040   -0.0412
   7782.99    0.0017   -0.0040   -0.0414
   7784.02    0.0017   -0.0040   -0.0415
   7785.05    0.0018   -0.0040   -0.0417
   7786.08    0.0018   -0.0040   -0.0419
   7787.12    0.0018   -0.0040   -0.0420
   7788.15    0.0018   -0.0041   -0.0422
   7789.18    0.0018   -0.0041   -0.0423
   7790.21    0.0018   -0.0042   -0.0425
   7791.25    0.0018   -0.0044   -0.0427
   7792.28    0.0019   -0.0045   -0.0429
   7793.31    0.0019   -0.0047   -0.0432
   7794.34    0.0019   -0.0049   -0.0435
   7795.38    0.0019   -0.0051   -0.0438
   7796.41    0.0020   -0.0053   -0.0441
   7797.44    0.0020   -0.0055   -0.0444
   7798.47    0.0020   -0.0058   -0.0447
   7799.51    0.0021   -0.0060   -0.0450
   7800.54    0.0021   -0.0063   -0.0453
   7801.57    0.0021   -0.0065   -0.0455
   7802.60    0.0021   -0.0068   -0.0457
   7803.64    0.0022   -0.0071   -0.0459
   7804.67    0.0022   -0.0074   -0.0461
   7805.70    0.0022   -0.0077   -0.0463
   7806.73    0.0022   -0.0080   -0.0464
   7807.77    0.0022   -0.0083   -0.0466
   7808.80    0.0023   -0.0087   -0.0467
   7809.83    0.0023   -0.0090   -0.0469
   7810.86    0.0023   -0.0093   -0.0470
   7811.90    0.0023   -0.0096   -0.0472
   7812.93    0.0023   -0.0099   -0.0473
   7813.96    0.0023   -0.0101   -0.0474
   7814.99    0.0024   -0.0104   -0.0474
   7816.03    0.0024   -0.0106   -0.0474
   7817.06    0.0024   -0.0108   -0.0475
   7818.09    0.0024   -0.0110   -0.0475
   7819.12    0.0024   -0.0112   -0.0475
   7820.16    0.0024   -0.0113   -0.0475
   7821.19    0.0024   -0.0115   -0.0475
   7822.22    0.0024   -0.0116   -0.0476
   7823.25    0.0024   -0.0117   -0.0476
   7824.29    0.0024   -0.0118   -0.0475
   7825.32    0.0024   -0.0118   -0.0475
   7826.35    0.0024   -0.0118   -0.0475
   7827.38    0.0024   -0.0119   -0.0474
   7828.42    0.0024   -0.0119   -0.0474
   7829.45    0.0024   -0.0119   -0.0474
   7830.48    0.0024   -0.0119   -0.0474
   7831.51    0.0024   -0.0119   -0.0474
   7832.55    0.0024   -0.0119   -0.0475
   7833.58    0.0024   -0.0118   -0.0475
   7834.61    0.0024   -0.0118   -0.0475
   7835.64    0.0024   -0.0118   -0.0476
   7836.68    0.0024   -0.0118   -0.0476
   7837.71    0.0024   -0.0118   -0.0477
   7838.74    0.0024   -0.0118   -0.0478
   7839.77    0.0024   -0.0118   -0.0479
   7840.81    0.0024   -0.0118   -0.0480
   7841.84    0.0025   -0.0119   -0.0481
   7842.87    0.0025   -0.0119   -0.0482
   7843.90    0.0025   -0.0120   -0.0484
   7844.94    0.0025   -0.0121   -0.0485
   7845.97    0.0025   -0.0122   -0.0487
   7847.00    0.0025   -0.0123   -0.0489
   7848.03    0.0026   -0.0124   -0.0490
   7849.07    0.0026   -0.0126   -0.0492
   7850.10    0.0026   -0.0127   -0.0493
   7851.13    0.0026   -0.0129   -0.0495
   7852.16    0.0026   -0.0131   -0.0497
   7853.20    0.0027   -0.0133   -0.0498
   7854.23    0.0027   -0.0135   -0.0499
   7855.26    0.0027   -0.0137   -0.0501
   7856.29    0.0027   -0.0139   -0.0502
   7857.33    0.0027   -0.0141   -0.0503
   7858.36    0.0027   -0.0143   -0.0504
   7859.39    0.0028   -0.0145   -0.0505
   7860.42    0.0028   -0.0146   -0.0505
   7861.46    0.0028   -0.0148   -0.0506
   7862.49    0.0028   -0.0150   -0.0506
   7863.52    0.0028   -0.0151   -0.0506
   7864.55    0.0028   -0.0152   -0.0506
   7865.59    0.0028   -0.0153   -0.0506
   7866.62    0.0028   -0.0154   -0.0505
   7867.65    0.0028   -0.0155   -0.0505
   7868.68    0.0028   -0.0155   -0.0504
   7869.72    0.0028   -0.0155   -0.0503
   7870.75    0.0028   -0.0155   -0.0502
   7871.78    0.0028   -0.0155   -0.0501
   7872.81    0.0027   -0.0154   -0.0500
   7873.85    0.0027   -0.0153   -0.0499
   7874.88    0.0027   -0.0153   -0.0498
   7875.91    0.0027   -0.0152   -0.0498
   7876.94    0.0027   -0.0151   -0.0497
   7877.98    0.0027   -0.0149   -0.0496
   7879.01    0.0027   -0.0148   -0.0496
   7880.04    0.0027   -0.0147   -0.0496
   7881.07    0.0027   -0.0146   -0.0496
   7882.11    0.0027   -0.0145   -0.0496
   7883.14    0.0027   -0.0144   -0.0496
   7884.17    0.0027   -0.0143   -0.0496
   7885.20    0.0027   -0.0142   -0.0497
   7886.24    0.0027   -0.0141   -0.0498
   7887.27    0.0027   -0.0140   -0.0499
   7888.30    0.0027   -0.0140   -0.0500
   7889.33    0.0027   -0.0140   -0.0501
   7890.37    0.0027   -0.0140   -0.0503
   7891.40    0.0027   -0.0140   -0.0505
   7892.43    0.0028   -0.0140   -0.0507
   7893.46    0.0028   -0.0140   -0.0509
   7894.50    0.0028   -0.0141   -0.0512
   7895.53    0.0028   -0.0141   -0.0514
   7896.56    0.0029   -0.0142   -0.0516
   7897.59    0.0029   -0.0142   -0.0518
   7898.63    0.0029   -0.0143   -0.0520
   7899.66    0.0029   -0.0144   -0.0522
   7900.69    0.0029   -0.0145   -0.0523
   7901.72    0.0030   -0.0146   -0.0524
   7902.76    0.0030   -0.0147   -0.0526
   7903.79    0.0030   -0.0147   -0.0527
   7904.82    0.0030   -0.0148   -0.0527
   7905.85    0.0030   -0.0148   -0.0528
   7906.89    0.0030   -0.0148   -0.0528
   7907.92    0.0030   -0.0148   -0.0527
   7908.95    0.0030   -0.0148   -0.0527
   7909.98    0.0030   -0.0147   -0.0526
   7911.02    0.0030   -0.0147   -0.0525
   7912.05    0.0030   -0.0146   -0.0524
   7913.08    0.0029   -0.0146   -0.0523
   7914.11    0.0029   -0.0145   -0.0522
   7915.15    0.0029   -0.0144   -0.0522
   7916.18    0.0029   -0.0143   -0.0521
   7917.21    0.0029   -0.0142   -0.0521
   7918.24    0.0029   -0.0140   -0.0521
   7919.28    0.0029   -0.0139   -0.0521
   7920.31    0.0029   -0.0138   -0.0521
   7921.34    0.0029   -0.0137   -0.0522
   7922.37    0.0029   -0.0136   -0.0523
   7923.41    0.0029   -0.0135   -0.0524
   7924.44    0.0030   -0.0135   -0.0526
   7925.47    0.0030   -0.0135   -0.0529
   7926.50    0.0030   -0.0134   -0.0531
   7927.54    0.0030   -0.0134   -0.0534
   7928.57    0.0031   -0.0134   -0.0537
   7929.60    0.0031   -0.0134   -0.0540
   7930.63    0.0031   -0.0135   -0.0543
   7931.67    0.0032   -0.0135   -0.0546
   7932.70    0.0032   -0.0135   -0.0549
   7933.73    0.0032   -0.0136   -0.0551
   7934.76    0.0032   -0.0137   -0.0553
   7935.80    0.0033   -0.0138   -0.0555
   7936.83    0.0033   -0.0138   -0.0556
   7937.86    0.0033   -0.0139   -0.0557
   7938.89    0.0033   -0.0139   -0.0558
   7939.93    0.0033   -0.0140   -0.0559
   7940.96    0.0033   -0.0140   -0.0559
   7941.99    0.0033   -0.0140   -0.0559
   7943.02    0.0033   -0.0140   -0.0559
   7944.06    0.0033   -0.0139   -0.0559
   7945.09    0.0033   -0.0139   -0.0558
   7946.12    0.0033   -0.0139   -0.0558
   7947.15    0.0033   -0.0138   -0.0559
   7948.19    0.0033   -0.0138   -0.0559
   7949.22    0.0033   -0.0137   -0.0560
   7950.25    0.0033   -0.0137   -0.0562
   7951.28    0.0034   -0.0136   -0.0564
   7952.32    0.0034   -0.0136   -0.0567
   7953.35    0.0034   -0.0136   -0.0570
   7954.38    0.0035   -0.0135   -0.0574
   7955.41    0.0035   -0.0135   -0.0577
   7956.45    0.0036   -0.0136   -0.0581
   7957.48    0.0036   -0.0136   -0.0585
   7958.51    0.0037   -0.0137   -0.0589
   7959.54    0.0037   -0.0138   -0.0592
   7960.58    0.0037   -0.0139   -0.0595
   7961.61    0.0038   -0.0140   -0.0598
   7962.64    0.0038   -0.0141   -0.0600
   7963.67    0.0038   -0.0142   -0.0602
   7964.71    0.0038   -0.0143   -0.0603
   7965.74    0.0039   -0.0144   -0.0604
   7966.77    0.0039   -0.0145   -0.0605
   7967.80    0.0039   -0.0146   -0.0605
   7968.84    0.0039   -0.0146   -0.0606
   7969.87    0.0039   -0.0147   -0.0607
   7970.90    0.0039   -0.0147   -0.0609
   7971.93    0.0039   -0.0147   -0.0611
   7972.97    0.0040   -0.0148   -0.0613
   7974.00    0.0040   -0.0148   -0.0616
   7975.03    0.0041   -0.0148   -0.0619
   7976.06    0.0041   -0.0149   -0.0623
   7977.10    0.0042   -0.0150   -0.0628
   7978.13    0.0042   -0.0150   -0.0632
   7979.16    0.0043   -0.0151   -0.0636
   7980.19    0.0043   -0.0153   -0.0640
   7981.23    0.0044   -0.0154   -0.0644
   7982.26    0.0044   -0.0156   -0.0647
   7983.29    0.0045   -0.0158   -0.0650
   7984.32    0.0045   -0.0160   -0.0652
   7985.36    0.0045   -0.0162   -0.0654
   7986.39    0.0046   -0.0163   -0.0655
   7987.42    0.0046   -0.0165   -0.0656
   7988.45    0.0046   -0.0167   -0.0658
   7989.49    0.0046   -0.0168   -0.0660
   7990.52    0.0047   -0.0169   -0.0662
   7991.55    0.0047   -0.0170   -0.0665
   7992.58    0.0048   -0.0171   -0.0669
   7993.62    0.0048   -0.0172   -0.0673
   7994.65    0.0049   -0.0173   -0.0678
   7995.68    0.0050   -0.0175   -0.0683
   7996.71    0.0050   -0.0176   -0.0688
   7997.75    0.0051   -0.0178   -0.0691
   7998.78    0.0052   -0.0180   -0.0695
   7999.81    0.0052   -0.0183   -0.0698
   8000.84    0.0053   -0.0185   -0.0701
   8001.88    0.0053   -0.0188   -0.0704
   8002.91    0.0054   -0.0190   -0.0707
   8003.94    0.0054   -0.0193   -0.0711
   8004.97    0.0055   -0.0195   -0.0714
   8006.01    0.0055   -0.0197   -0.0717
   8007.04    0.0056   -0.0200   -0.0720
   8008.07    0.0056   -0.0203   -0.0723
   8009.10    0.0057   -0.0205   -0.0726
   8010.14    0.0058   -0.0208   -0.0730
   8011.17    0.0058   -0.0211   -0.0733
   8012.20    0.0059   -0.0214   -0.0736
   8013.23    0.0059   -0.0216   -0.0739
   8014.27    0.0060   -0.0219   -0.0742
   8015.30    0.0061   -0.0222   -0.0746
   8016.33    0.0061   -0.0225   -0.0749
   8017.36    0.0062   -0.0227   -0.0752
   8018.40    0.0062   -0.0230   -0.0755
   8019.43    0.0063   -0.0233   -0.0758
   8020.46    0.0063   -0.0236   -0.0761
   8021.49    0.0064   -0.0239   -0.0764
   8022.53    0.0065   -0.0241   -0.0767
   8023.56    0.0065   -0.0244   -0.0769
   8024.59    0.0066   -0.0247   -0.0772
   8025.62    0.0066   -0.0250   -0.0775
   8026.66    0.0067   -0.0252   -0.0778
   8027.69    0.0067   -0.0255   -0.0780
   8028.72    0.0068   -0.0257   -0.0783
   8029.75    0.0068   -0.0259   -0.0785
   8030.79    0.0069   -0.0262   -0.0787
   8031.82    0.0069   -0.0264   -0.0790
   8032.85    0.0070   -0.0266   -0.0792
   8033.88    0.0070   -0.0268   -0.0794
   8034.92    0.0071   -0.0270   -0.0796
   8035.95    0.0071   -0.0271   -0.0798
   8036.98    0.0071   -0.0273   -0.0800
   8038.01    0.0072   -0.0275   -0.0802
   8039.05    0.0072   -0.0276   -0.0803
   8040.08    0.0073   -0.0278   -0.0805
   8041.11    0.0073   -0.0279   -0.0807
   8042.14    0.0073   -0.0280   -0.0808
   8043.18    0.0073   -0.0281   -0.0810
   8044.21    0.0074   -0.0282   -0.0811
   8045.24    0.0074   -0.0283   -0.0813
   8046.27    0.0074   -0.0283   -0.0814
   8047.31    0.0075   -0.0284   -0.0816
   8048.34    0.0075   -0.0284   -0.0817
   8049.37    0.0075   -0.0285   -0.0818
   8050.40    0.0075   -0.0285   -0.0820
   8051.44    0.0076   -0.0285   -0.0821
   8052.47    0.0076   -0.0285   -0.0823
   8053.50    0.0076   -0.0285   -0.0825
   8054.53    0.0076   -0.0285   -0.0826
   8055.57    0.0077   -0.0285   -0.0828
   8056.60    0.0077   -0.0285   -0.0830
   8057.63    0.0077   -0.0285   -0.0831
   8058.66    0.0078   -0.0286   -0.0833
   8059.70    0.0078   -0.0286   -0.0835
   8060.73    0.0078   -0.0286   -0.0837
   8061.76    0.0079   -0.0287   -0.0839
   8062.79    0.0079   -0.0287   -0.0841
   8063.83    0.0079   -0.0288   -0.0843
   8064.86    0.0080   -0.0289   -0.0845
   8065.89    0.0080   -0.0290   -0.0847
   8066.92    0.0081   -0.0292   -0.0849
   8067.96    0.0081   -0.0293   -0.0851
   8068.99    0.0081   -0.0295   -0.0853
   8070.02    0.0082   -0.0296   -0.0855
   8071.05    0.0082   -0.0298   -0.0856
   8072.09    0.0083   -0.0300   -0.0858
   8073.12    0.0083   -0.0302   -0.0860
   8074.15    0.0083   -0.0304   -0.0861
   8075.18    0.0084   -0.0305   -0.0863
   8076.22    0.0084   -0.0307   -0.0864
   8077.25    0.0084   -0.0308   -0.0866
   8078.28    0.0085   -0.0309   -0.0867
   8079.31    0.0085   -0.0309   -0.0868
   8080.35    0.0085   -0.0310   -0.0870
   8081.38    0.0086   -0.0310   -0.0871
   8082.41    0.0086   -0.0310   -0.0873
   8083.44    0.0086   -0.0310   -0.0875
   8084.48    0.0086   -0.0310   -0.0877
   8085.51    0.0087   -0.0310   -0.0879
   8086.54    0.0087   -0.0310   -0.0881
   8087.57    0.0088   -0.0310   -0.0883
   8088.61    0.0088   -0.0310   -0.0886
   8089.64    0.0088   -0.0310   -0.0888
   8090.67    0.0089   -0.0310   -0.0890
   8091.70    0.0089   -0.0311   -0.0892
   8092.74    0.0090   -0.0311   -0.0894
   8093.77    0.0090   -0.0311   -0.0896
   8094.80    0.0090   -0.0312   -0.0898
   8095.83    0.0091   -0.0312   -0.0900
   8096.87    0.0091   -0.0313   -0.0902
   8097.90    0.0092   -0.0314   -0.0904
   8098.93    0.0092   -0.0316   -0.0906
   8099.96    0.0092   -0.0317   -0.0908
   8101.00    0.0093   -0.0318   -0.0910
   8102.03    0.0093   -0.0318   -0.0912
   8103.06    0.0094   -0.0318   -0.0914
   8104.09    0.0094   -0.0318   -0.0916
   8105.13    0.0094   -0.0318   -0.0918
   8106.16    0.0095   -0.0318   -0.0920
   8107.19    0.0095   -0.0319   -0.0922
   8108.22    0.0095   -0.0319   -0.0923
   8109.26    0.0096   -0.0319   -0.0925
   8110.29    0.0096   -0.0319   -0.0927
   8111.32    0.0097   -0.0320   -0.0929
   8112.35    0.0097   -0.0320   -0.0931
   8113.39    0.0097   -0.0321   -0.0933
   8114.42    0.0098   -0.0321   -0.0934
   8115.45    0.0098   -0.0322   -0.0936
   8116.48    0.0098   -0.0323   -0.0938
   8117.52    0.0099   -0.0324   -0.0940
   8118.55    0.0099   -0.0325   -0.0942
   8119.58    0.0100   -0.0326   -0.0944
   8120.61    0.0100   -0.0328   -0.0947
   8121.65    0.0101   -0.0329   -0.0949
   8122.68    0.0101   -0.0330   -0.0951
   8123.71    0.0102   -0.0332   -0.0953
   8124.74    0.0102   -0.0334   -0.0956
   8125.78    0.0103   -0.0335   -0.0958
   8126.81    0.0104   -0.0337   -0.0960
   8127.84    0.0104   -0.0339   -0.0963
   8128.87    0.0105   -0.0341   -0.0966
   8129.91    0.0106   -0.0343   -0.0968
   8130.94    0.0106   -0.0346   -0.0971
   8131.97    0.0107   -0.0349   -0.0974
   8133.00    0.0108   -0.0352   -0.0976
   8134.04    0.0108   -0.0355   -0.0979
   8135.07    0.0109   -0.0358   -0.0981
   8136.10    0.0110   -0.0360   -0.0983
   8137.13    0.0110   -0.0363   -0.0986
   8138.17    0.0111   -0.0365   -0.0988
   8139.20    0.0112   -0.0368   -0.0991
   8140.23    0.0113   -0.0371   -0.0994
   8141.26    0.0113   -0.0374   -0.0996
   8142.30    0.0114   -0.0378   -0.0999
   8143.33    0.0115   -0.0381   -0.1002
   8144.36    0.0116   -0.0385   -0.1004
   8145.39    0.0116   -0.0388   -0.1006
   8146.43    0.0117   -0.0391   -0.1009
   8147.46    0.0118   -0.0393   -0.1011
   8148.49    0.0118   -0.0396   -0.1014
   8149.52    0.0119   -0.0399   -0.1017
   8150.56    0.0120   -0.0402   -0.1019
   8151.59    0.0121   -0.0405   -0.1022
   8152.62    0.0122   -0.0409   -0.1025
   8153.65    0.0123   -0.0412   -0.1028
   8154.69    0.0124   -0.0416   -0.1031
   8155.72    0.0124   -0.0420   -0.1034
   8156.75    0.0125   -0.0423   -0.1036
   8157.78    0.0126   -0.0427   -0.1039
   8158.82    0.0127   -0.0430   -0.1042
   8159.85    0.0128   -0.0433   -0.1044
   8160.88    0.0129   -0.0436   -0.1047
   8161.91    0.0129   -0.0440   -0.1049
   8162.95    0.0130   -0.0443   -0.1052
   8163.98    0.0131   -0.0447   -0.1055
   8165.01    0.0132   -0.0451   -0.1058
   8166.04    0.0133   -0.0455   -0.1061
   8167.08    0.0134   -0.0459   -0.1064
   8168.11    0.0135   -0.0463   -0.1066
   8169.14    0.0136   -0.0467   -0.1069
   8170.17    0.0137   -0.0470   -0.1072
   8171.21    0.0138   -0.0474   -0.1074
   8172.24    0.0139   -0.0477   -0.1077
   8173.27    0.0139   -0.0480   -0.1079
   8174.30    0.0140   -0.0483   -0.1081
   8175.34    0.0141   -0.0487   -0.1084
   8176.37    0.0142   -0.0490   -0.1087
   8177.40    0.0143   -0.0493   -0.1089
   8178.43    0.0144   -0.0497   -0.1092
   8179.47    0.0145   -0.0500   -0.1095
   8180.50    0.0146   -0.0504   -0.1099
   8181.53    0.0147   -0.0508   -0.1102
   8182.56    0.0148   -0.0512   -0.1105
   8183.60    0.0149   -0.0516   -0.1108
   8184.63    0.0150   -0.0520   -0.1111
   8185.66    0.0152   -0.0523   -0.1114
   8186.69    0.0153   -0.0527   -0.1118
   8187.73    0.0154   -0.0531   -0.1121
   8188.76    0.0155   -0.0535   -0.1124
   8189.79    0.0156   -0.0539   -0.1128
   8190.82    0.0157   -0.0543   -0.1131
   8191.86    0.0159   -0.0547   -0.1135
   8192.89    0.0160   -0.0551   -0.1138
   8193.92    0.0161   -0.0555   -0.1142
   8194.95    0.0162   -0.0560   -0.1145
   8195.99    0.0164   -0.0564   -0.1148
   8197.02    0.0165   -0.0568   -0.1151
   8198.05    0.0166   -0.0572   -0.1154
   8199.08    0.0167   -0.0576   -0.1157
   8200.12    0.0168   -0.0580   -0.1160
   8201.15    0.0169   -0.0584   -0.1163
   8202.18    0.0170   -0.0587   -0.1166
   8203.21    0.0172   -0.0591   -0.1169
   8204.25    0.0173   -0.0595   -0.1172
   8205.28    0.0174   -0.0599   -0.1175
   8206.31    0.0175   -0.0603   -0.1178
   8207.34    0.0176   -0.0606   -0.1180
   8208.38    0.0177   -0.0610   -0.1183
   8209.41    0.0178   -0.0614   -0.1186
   8210.44    0.0179   -0.0618   -0.1188
   8211.47    0.0180   -0.0621   -0.1191
   8212.51    0.0181   -0.0625   -0.1193
   8213.54    0.0182   -0.0628   -0.1196
   8214.57    0.0183   -0.0632   -0.1198
   8215.60    0.0184   -0.0635   -0.1201
   8216.64    0.0186   -0.0639   -0.1203
   8217.67    0.0187   -0.0642   -0.1206
   8218.70    0.0188   -0.0645   -0.1209
   8219.73    0.0189   -0.0648   -0.1212
   8220.77    0.0190   -0.0651   -0.1215
   8221.80    0.0191   -0.0654   -0.1218
   8222.83    0.0192   -0.0657   -0.1221
   8223.86    0.0193   -0.0659   -0.1224
   8224.90    0.0195   -0.0662   -0.1227
   8225.93    0.0196   -0.0665   -0.1231
   8226.96    0.0197   -0.0668   -0.1234
   8227.99    0.0198   -0.0671   -0.1237
   8229.03    0.0199   -0.0673   -0.1241
   8230.06    0.0200   -0.0676   -0.1244
   8231.09    0.0202   -0.0679   -0.1248
   8232.12    0.0203   -0.0681   -0.1251
   8233.16    0.0204   -0.0684   -0.1255
   8234.19    0.0205   -0.0686   -0.1258
   8235.22    0.0207   -0.0688   -0.1262
   8236.25    0.0208   -0.0691   -0.1266
   8237.29    0.0209   -0.0693   -0.1270
   8238.32    0.0211   -0.0695   -0.1274
   8239.35    0.0212   -0.0697   -0.1278
   8240.38    0.0213   -0.0699   -0.1282
   8241.42    0.0215   -0.0700   -0.1287
   8242.45    0.0216   -0.0702   -0.1291
   8243.48    0.0217   -0.0704   -0.1295
   8244.51    0.0219   -0.0705   -0.1300
   8245.55    0.0220   -0.0707   -0.1304
   8246.58    0.0222   -0.0709   -0.1309
   8247.61    0.0223   -0.0711   -0.1313
   8248.64    0.0224   -0.0712   -0.1318
   8249.68    0.0226   -0.0714   -0.1322
   8250.71    0.0227   -0.0716   -0.1327
   8251.74    0.0229   -0.0718   -0.1331
   8252.77    0.0230   -0.0720   -0.1336
   8253.81    0.0232   -0.0722   -0.1340
   8254.84    0.0233   -0.0724   -0.1345
   8255.87    0.0235   -0.0726   -0.1349
   8256.90    0.0236   -0.0729   -0.1353
   8257.94    0.0238   -0.0731   -0.1358
   8258.97    0.0239   -0.0733   -0.1362
   8260.00    0.0241   -0.0735   -0.1367
   8261.03    0.0242   -0.0737   -0.1372
   8262.07    0.0244   -0.0739   -0.1376
   8263.10    0.0246   -0.0742   -0.1381
   8264.13    0.0247   -0.0744   -0.1385
   8265.16    0.0249   -0.0746   -0.1390
   8266.20    0.0250   -0.0748   -0.1394
   8267.23    0.0252   -0.0750   -0.1399
   8268.26    0.0253   -0.0751   -0.1403
   8269.29    0.0255   -0.0753   -0.1408
   8270.33    0.0256   -0.0755   -0.1412
   8271.36    0.0258   -0.0757   -0.1416
   8272.39    0.0259   -0.0758   -0.1421
   8273.42    0.0261   -0.0760   -0.1425
   8274.46    0.0262   -0.0762   -0.1430
   8275.49    0.0264   -0.0763   -0.1434
   8276.52    0.0265   -0.0765   -0.1439
   8277.55    0.0267   -0.0766   -0.1443
   8278.59    0.0268   -0.0768   -0.1447
   8279.62    0.0270   -0.0769   -0.1452
   8280.65    0.0272   -0.0771   -0.1456
   8281.68    0.0273   -0.0772   -0.1461
   8282.72    0.0275   -0.0774   -0.1465
   8283.75    0.0276   -0.0775   -0.1470
   8284.78    0.0278   -0.0777   -0.1474
   8285.81    0.0279   -0.0778   -0.1479
   8286.85    0.0281   -0.0780   -0.1484
   8287.88    0.0283   -0.0781   -0.1488
   8288.91    0.0284   -0.0783   -0.1493
   8289.94    0.0286   -0.0784   -0.1498
   8290.98    0.0287   -0.0785   -0.1502
   8292.01    0.0289   -0.0787   -0.1507
   8293.04    0.0291   -0.0788   -0.1512
   8294.07    0.0292   -0.0789   -0.1517
   8295.11    0.0294   -0.0791   -0.1522
   8296.14    0.0296   -0.0792   -0.1527
   8297.17    0.0297   -0.0793   -0.1531
   8298.20    0.0299   -0.0794   -0.1536
   8299.24    0.0301   -0.0795   -0.1541
   8300.27    0.0302   -0.0796   -0.1546
   8301.30    0.0304   -0.0797   -0.1551
   8302.33    0.0306   -0.0798   -0.1556
