     #Time      Norm      Real      Imag
   7379.28    0.0000    0.0001    0.0003
   7380.31    0.0000    0.0004    0.0010
   7381.34    0.0000    0.0007    0.0016
   7382.38    0.0000    0.0009    0.0023
   7383.41    0.0000    0.0011    0.0029
   7384.44    0.0000    0.0013    0.0035
   7385.47    0.0000    0.0015    0.0041
   7386.51    0.0000    0.0017    0.0047
   7387.54    0.0000    0.0018    0.0053
   7388.57    0.0000    0.0020    0.0058
   7389.60    0.0000    0.0021    0.0064
   7390.64    0.0001    0.0023    0.0070
   7391.67    0.0001    0.0024    0.0075
   7392.70    0.0001    0.0025    0.0080
   7393.73    0.0001    0.0026    0.0085
   7394.77    0.0001    0.0026    0.0090
   7395.80    0.0001    0.0027    0.0095
   7396.83    0.0001    0.0027    0.0100
   7397.86    0.0001    0.0028    0.0105
   7398.90    0.0001    0.0028    0.0110
   7399.93    0.0001    0.0028    0.0115
   7400.96    0.0002    0.0027    0.0120
   7401.99    0.0002    0.0027    0.0125
   7403.03    0.0002    0.0027    0.0129
   7404.06    0.0002    0.0026    0.0134
   7405.09    0.0002    0.0026    0.0138
   7406.12    0.0002    0.0025    0.0143
   7407.16    0.0002    0.0025    0.0147
   7408.19    0.0002    0.0024    0.0151
   7409.22    0.0002    0.0023    0.0156
   7410.25    0.0003    0.0022    0.0160
   7411.29    0.0003    0.0021    0.0164
   7412.32    0.0003    0.0020    0.0168
   7413.35    0.0003    0.0019    0.0171
   7414.38    0.0003    0.0018    0.0175
   7415.42    0.0003    0.0017    0.0179
   7416.45    0.0003    0.0015    0.0182
   7417.48    0.0003    0.0014    0.0186
   7418.51    0.0004    0.0013    0.0189
   7419.55    0.0004    0.0011    0.0193
   7420.58    0.0004    0.0010    0.0196
   7421.61    0.0004    0.0008    0.0199
   7422.64    0.0004    0.0007    0.0202
   7423.68    0.0004    0.0005    0.0205
   7424.71    0.0004    0.0003    0.0208
   7425.74    0.0004    0.0002    0.0211
   7426.77    0.0005    0.0000    0.0213
   7427.81    0.0005   -0.0002    0.0216
   7428.84    0.0005   -0.0003    0.0218
   7429.87    0.0005   -0.0005    0.0221
   7430.90    0.0005   -0.0007    0.0223
   7431.94    0.0005   -0.0009    0.0225
   7432.97    0.0004    0.0008    0.0209
   7434.00    0.0004    0.0041    0.0193
   7435.03    0.0005    0.0062    0.0204
   7436.07    0.0006    0.0065    0.0239
   7437.10    0.0008    0.0051    0.0286
   7438.13    0.0011    0.0023    0.0334
   7439.16    0.0014   -0.0011    0.0370
   7440.20    0.0015   -0.0043    0.0388
   7441.23    0.0013    0.0055    0.0360
   7442.26    0.0007    0.0164    0.0215
   7443.29    0.0001    0.0078    0.0035
   7444.33    0.0003   -0.0147   -0.0070
   7445.36    0.0014   -0.0375   -0.0044
   7446.39    0.0024   -0.0479    0.0091
   7447.42    0.0023   -0.0408    0.0253
   7448.46    0.0017   -0.0207    0.0353
   7449.49    0.0011    0.0011    0.0338
   7450.52    0.0007    0.0135    0.0221
   7451.55    0.0001    0.0104    0.0064
   7452.59    0.0001   -0.0061   -0.0055
   7453.62    0.0008   -0.0278   -0.0084
   7454.65    0.0020   -0.0446   -0.0012
   7455.68    0.0026   -0.0493    0.0119
   7456.72    0.0022   -0.0403    0.0249
   7457.75    0.0015   -0.0222    0.0318
   7458.78    0.0009   -0.0029    0.0299
   7459.81    0.0005    0.0094    0.0202
   7460.85    0.0001    0.0101    0.0068
   7461.88    0.0000   -0.0009   -0.0050
   7462.91    0.0005   -0.0189   -0.0108
   7463.94    0.0015   -0.0371   -0.0088
   7464.98    0.0024   -0.0489   -0.0004
   7466.01    0.0027   -0.0506    0.0111
   7467.04    0.0022   -0.0419    0.0212
   7468.07    0.0014   -0.0264    0.0264
   7469.11    0.0007   -0.0095    0.0249
   7470.14    0.0003    0.0032    0.0174
   7471.17    0.0001    0.0077    0.0063
   7472.20    0.0000    0.0028   -0.0048
   7473.24    0.0003   -0.0097   -0.0127
   7474.27    0.0009   -0.0259   -0.0153
   7475.30    0.0018   -0.0410   -0.0121
   7476.33    0.0026   -0.0508   -0.0046
   7477.37    0.0028   -0.0529    0.0049
   7478.40    0.0024   -0.0469    0.0132
   7479.43    0.0015   -0.0349    0.0177
   7480.46    0.0007   -0.0204    0.0172
   7481.50    0.0002   -0.0076    0.0119
   7482.53    0.0000    0.0004    0.0033
   7483.56    0.0000    0.0016   -0.0066
   7484.59    0.0003   -0.0042   -0.0153
   7485.63    0.0007   -0.0153   -0.0208
   7486.66    0.0013   -0.0290   -0.0221
   7487.69    0.0021   -0.0420   -0.0191
   7488.72    0.0028   -0.0515   -0.0130
   7489.76    0.0031   -0.0556   -0.0052
   7490.79    0.0029   -0.0534    0.0021
   7491.82    0.0022   -0.0459    0.0073
   7492.85    0.0013   -0.0348    0.0091
   7493.89    0.0006   -0.0226    0.0071
   7494.92    0.0001   -0.0118    0.0017
   7495.95    0.0001   -0.0046   -0.0060
   7496.98    0.0002   -0.0023   -0.0146
   7498.02    0.0005   -0.0053   -0.0224
   7499.05    0.0010   -0.0128   -0.0282
   7500.08    0.0015   -0.0233   -0.0309
   7501.11    0.0021   -0.0350   -0.0304
   7502.15    0.0028   -0.0456   -0.0269
   7503.18    0.0033   -0.0535   -0.0213
   7504.21    0.0035   -0.0573   -0.0147
   7505.24    0.0033   -0.0566   -0.0084
   7506.28    0.0027   -0.0516   -0.0036
   7507.31    0.0019   -0.0433   -0.0013
   7508.34    0.0011   -0.0331   -0.0017
   7509.37    0.0005   -0.0228   -0.0049
   7510.41    0.0003   -0.0139   -0.0105
   7511.44    0.0004   -0.0077   -0.0175
   7512.47    0.0007   -0.0051   -0.0250
   7513.50    0.0011   -0.0064   -0.0319
   7514.54    0.0015   -0.0113   -0.0373
   7515.57    0.0020   -0.0190   -0.0405
   7516.60    0.0025   -0.0285   -0.0413
   7517.63    0.0030   -0.0382   -0.0395
   7518.67    0.0035   -0.0470   -0.0356
   7519.70    0.0038   -0.0536   -0.0303
   7520.73    0.0039   -0.0573   -0.0243
   7521.76    0.0037   -0.0577   -0.0185
   7522.80    0.0032   -0.0547   -0.0138
   7523.83    0.0025   -0.0488   -0.0108
   7524.86    0.0018   -0.0408   -0.0098
   7525.89    0.0011   -0.0316   -0.0111
   7526.93    0.0007   -0.0224   -0.0144
   7527.96    0.0006   -0.0143   -0.0194
   7528.99    0.0007   -0.0080   -0.0256
   7530.02    0.0011   -0.0043   -0.0321
   7531.06    0.0015   -0.0035   -0.0384
   7532.09    0.0019   -0.0056   -0.0437
   7533.12    0.0024   -0.0104   -0.0474
   7534.15    0.0027   -0.0171   -0.0493
   7535.19    0.0031   -0.0251   -0.0492
   7536.22    0.0033   -0.0335   -0.0471
   7537.25    0.0036   -0.0414   -0.0433
   7538.28    0.0038   -0.0480   -0.0382
   7539.32    0.0038   -0.0526   -0.0325
   7540.35    0.0037   -0.0547   -0.0265
   7541.38    0.0034   -0.0542   -0.0211
   7542.41    0.0029   -0.0511   -0.0166
   7543.45    0.0023   -0.0458   -0.0136
   7544.48    0.0016   -0.0386   -0.0122
   7545.51    0.0011   -0.0302   -0.0127
   7546.54    0.0007   -0.0214   -0.0148
   7547.58    0.0005   -0.0129   -0.0185
   7548.61    0.0006   -0.0054   -0.0233
   7549.64    0.0008    0.0004   -0.0288
   7550.67    0.0012    0.0043   -0.0345
   7551.71    0.0016    0.0058   -0.0400
   7552.74    0.0020    0.0050   -0.0446
   7553.77    0.0023    0.0020   -0.0481
   7554.80    0.0025   -0.0030   -0.0502
   7555.84    0.0026   -0.0094   -0.0505
   7556.87    0.0027   -0.0167   -0.0493
   7557.90    0.0027   -0.0243   -0.0464
   7558.93    0.0028   -0.0315   -0.0421
   7559.97    0.0028   -0.0378   -0.0368
   7561.00    0.0028   -0.0427   -0.0308
   7562.03    0.0027   -0.0457   -0.0246
   7563.06    0.0025   -0.0466   -0.0186
   7564.10    0.0022   -0.0453   -0.0131
   7565.13    0.0018   -0.0420   -0.0087
   7566.16    0.0014   -0.0367   -0.0054
   7567.19    0.0009   -0.0299   -0.0036
   7568.23    0.0005   -0.0220   -0.0033
   7569.26    0.0002   -0.0134   -0.0045
   7570.29    0.0001   -0.0049   -0.0071
   7571.32    0.0001    0.0032   -0.0107
   7572.36    0.0003    0.0104   -0.0152
   7573.39    0.0007    0.0161   -0.0203
   7574.42    0.0010    0.0201   -0.0254
   7575.45    0.0014    0.0222   -0.0303
   7576.49    0.0017    0.0223   -0.0346
   7577.52    0.0019    0.0204   -0.0380
   7578.55    0.0019    0.0167   -0.0402
   7579.58    0.0018    0.0116   -0.0412
   7580.62    0.0017    0.0053   -0.0407
   7581.65    0.0015   -0.0018   -0.0388
   7582.68    0.0014   -0.0091   -0.0356
   7583.71    0.0012   -0.0162   -0.0313
   7584.75    0.0012   -0.0226   -0.0260
   7585.78    0.0012   -0.0279   -0.0201
   7586.81    0.0012   -0.0319   -0.0138
   7587.84    0.0012   -0.0341   -0.0076
   7588.88    0.0012   -0.0346   -0.0016
   7589.91    0.0011   -0.0333    0.0037
   7590.94    0.0010   -0.0301    0.0082
   7591.97    0.0008   -0.0254    0.0115
   7593.01    0.0006   -0.0193    0.0137
   7594.04    0.0004   -0.0121    0.0146
   7595.07    0.0002   -0.0042    0.0141
   7596.10    0.0002    0.0040    0.0125
   7597.14    0.0002    0.0120    0.0097
   7598.17    0.0004    0.0195    0.0060
   7599.20    0.0007    0.0261    0.0017
   7600.23    0.0010    0.0315   -0.0030
   7601.27    0.0013    0.0355   -0.0079
   7602.30    0.0016    0.0379   -0.0127
   7603.33    0.0018    0.0386   -0.0170
   7604.36    0.0018    0.0376   -0.0207
   7605.40    0.0018    0.0350   -0.0235
   7606.43    0.0016    0.0310   -0.0252
   7607.46    0.0013    0.0258   -0.0259
   7608.49    0.0010    0.0197   -0.0254
   7609.53    0.0007    0.0130   -0.0237
   7610.56    0.0005    0.0061   -0.0209
   7611.59    0.0003   -0.0007   -0.0172
   7612.62    0.0002   -0.0071   -0.0126
   7613.66    0.0002   -0.0127   -0.0075
   7614.69    0.0003   -0.0172   -0.0019
   7615.72    0.0004   -0.0205    0.0038
   7616.75    0.0006   -0.0225    0.0094
   7617.79    0.0007   -0.0229    0.0147
   7618.82    0.0009   -0.0218    0.0195
   7619.85    0.0009   -0.0193    0.0236
   7620.88    0.0010   -0.0155    0.0268
   7621.92    0.0009   -0.0105    0.0290
   7622.95    0.0009   -0.0046    0.0302
   7623.98    0.0009    0.0020    0.0303
   7625.01    0.0009    0.0090    0.0294
   7626.05    0.0010    0.0161    0.0275
   7627.08    0.0011    0.0230    0.0248
   7628.11    0.0013    0.0295    0.0214
   7629.14    0.0015    0.0352    0.0174
   7630.18    0.0018    0.0400    0.0131
   7631.21    0.0020    0.0438    0.0087
   7632.24    0.0022    0.0463    0.0043
   7633.27    0.0023    0.0475    0.0002
   7634.31    0.0023    0.0474   -0.0036
   7635.34    0.0022    0.0461   -0.0067
   7636.37    0.0020    0.0436   -0.0092
   7637.40    0.0017    0.0401   -0.0109
   7638.44    0.0014    0.0357   -0.0117
   7639.47    0.0011    0.0306   -0.0116
   7640.50    0.0006    0.0229   -0.0096
   7641.53    0.0002    0.0136   -0.0047
   7642.57    0.0001    0.0079    0.0010
   7643.60    0.0001    0.0074    0.0057
   7644.63    0.0002    0.0122    0.0081
   7645.66    0.0005    0.0208    0.0075
   7646.70    0.0010    0.0306    0.0043
   7647.73    0.0015    0.0392   -0.0006
   7648.76    0.0020    0.0445   -0.0057
   7649.79    0.0022    0.0455   -0.0097
   7650.83    0.0019    0.0422   -0.0116
   7651.86    0.0014    0.0356   -0.0110
   7652.89    0.0008    0.0274   -0.0080
   7653.92    0.0004    0.0195   -0.0033
   7654.96    0.0002    0.0135    0.0022
   7655.99    0.0002    0.0104    0.0075
   7657.02    0.0002    0.0109    0.0115
   7658.05    0.0004    0.0146    0.0137
   7659.09    0.0006    0.0209    0.0138
   7660.12    0.0010    0.0287    0.0119
   7661.15    0.0014    0.0368    0.0084
   7662.18    0.0019    0.0440    0.0039
   7663.22    0.0024    0.0493   -0.0008
   7664.25    0.0028    0.0523   -0.0050
   7665.28    0.0026    0.0505   -0.0085
   7666.31    0.0024    0.0483   -0.0100
   7667.35    0.0026    0.0500   -0.0085
   7668.38    0.0031    0.0553   -0.0046
   7669.41    0.0039    0.0625    0.0002
   7670.44    0.0049    0.0697    0.0045
   7671.48    0.0057    0.0750    0.0071
   7672.51    0.0060    0.0772    0.0075
   7673.54    0.0058    0.0761    0.0056
   7674.57    0.0052    0.0721    0.0022
   7675.61    0.0044    0.0666   -0.0018
   7676.64    0.0038    0.0611   -0.0054
   7677.67    0.0033    0.0569   -0.0079
   7678.70    0.0031    0.0551   -0.0086
   7679.74    0.0032    0.0562   -0.0076
   7680.77    0.0036    0.0599   -0.0050
   7681.80    0.0043    0.0657   -0.0015
   7682.83    0.0053    0.0726    0.0024
   7683.87    0.0064    0.0797    0.0060
   7684.90    0.0074    0.0858    0.0087
   7685.93    0.0083    0.0904    0.0103
   7686.96    0.0087    0.0928    0.0105
   7688.00    0.0087    0.0930    0.0094
   7689.03    0.0083    0.0910    0.0073
   7690.06    0.0077    0.0874    0.0043
   7691.09    0.0068    0.0827    0.0010
   7692.13    0.0060    0.0774   -0.0023
   7693.16    0.0053    0.0724   -0.0052
   7694.19    0.0047    0.0682   -0.0073
   7695.22    0.0043    0.0651   -0.0086
   7696.26    0.0041    0.0636   -0.0089
   7697.29    0.0041    0.0638   -0.0081
   7698.32    0.0044    0.0657   -0.0064
   7699.35    0.0048    0.0691   -0.0040
   7700.39    0.0054    0.0737   -0.0010
   7701.42    0.0063    0.0793    0.0023
   7702.45    0.0073    0.0854    0.0057
   7703.48    0.0085    0.0917    0.0090
   7704.52    0.0097    0.0978    0.0119
   7705.55    0.0109    0.1033    0.0142
   7706.58    0.0119    0.1080    0.0159
   7707.61    0.0128    0.1117    0.0169
   7708.65    0.0133    0.1142    0.0170
   7709.68    0.0136    0.1154    0.0164
   7710.71    0.0136    0.1155    0.0151
   7711.74    0.0132    0.1143    0.0132
   7712.78    0.0127    0.1121    0.0107
   7713.81    0.0120    0.1090    0.0078
   7714.84    0.0111    0.1052    0.0047
   7715.87    0.0102    0.1009    0.0014
   7716.91    0.0093    0.0963   -0.0018
   7717.94    0.0084    0.0917   -0.0048
   7718.97    0.0076    0.0871   -0.0075
   7720.00    0.0070    0.0829   -0.0098
   7721.04    0.0064    0.0792   -0.0116
   7722.07    0.0060    0.0761   -0.0128
   7723.10    0.0056    0.0738   -0.0134
   7724.13    0.0054    0.0723   -0.0134
   7725.17    0.0053    0.0716   -0.0127
   7726.20    0.0053    0.0719   -0.0114
   7727.23    0.0054    0.0730   -0.0096
   7728.26    0.0057    0.0750   -0.0072
   7729.30    0.0061    0.0778   -0.0043
   7730.33    0.0066    0.0813   -0.0011
   7731.36    0.0073    0.0854    0.0024
   7732.39    0.0081    0.0900    0.0061
   7733.43    0.0091    0.0950    0.0098
   7734.46    0.0102    0.1002    0.0136
   7735.49    0.0114    0.1056    0.0172
   7736.52    0.0127    0.1110    0.0206
   7737.56    0.0141    0.1162    0.0237
   7738.59    0.0154    0.1212    0.0265
   7739.62    0.0167    0.1258    0.0288
   7740.65    0.0178    0.1300    0.0306
   7741.69    0.0189    0.1336    0.0318
   7742.72    0.0197    0.1366    0.0325
   7743.75    0.0204    0.1389    0.0325
   7744.78    0.0208    0.1406    0.0320
   7745.82    0.0210    0.1415    0.0309
   7746.85    0.0209    0.1417    0.0292
   7747.88    0.0207    0.1411    0.0270
   7748.91    0.0202    0.1399    0.0244
   7749.95    0.0195    0.1380    0.0214
   7750.98    0.0187    0.1354    0.0180
   7752.01    0.0177    0.1324    0.0144
   7753.04    0.0167    0.1288    0.0106
   7754.08    0.0156    0.1249    0.0067
   7755.11    0.0146    0.1207    0.0029
   7756.14    0.0135    0.1162   -0.0008
   7757.17    0.0125    0.1117   -0.0043
   7758.21    0.0115    0.1072   -0.0075
   7759.24    0.0107    0.1027   -0.0103
   7760.27    0.0098    0.0984   -0.0126
   7761.30    0.0091    0.0944   -0.0144
   7762.34    0.0085    0.0908   -0.0157
   7763.37    0.0079    0.0876   -0.0163
   7764.40    0.0075    0.0849   -0.0162
   7765.43    0.0071    0.0828   -0.0154
   7766.47    0.0068    0.0813   -0.0140
   7767.50    0.0066    0.0804   -0.0119
   7768.53    0.0065    0.0802   -0.0091
   7769.56    0.0065    0.0807   -0.0057
   7770.60    0.0067    0.0819   -0.0017
   7771.63    0.0070    0.0837    0.0028
   7772.66    0.0075    0.0861    0.0078
   7773.69    0.0081    0.0892    0.0131
   7774.73    0.0090    0.0928    0.0186
   7775.76    0.0100    0.0968    0.0244
   7776.79    0.0112    0.1013    0.0302
   7777.82    0.0125    0.1061    0.0360
   7778.86    0.0141    0.1111    0.0416
   7779.89    0.0157    0.1163    0.0470
   7780.92    0.0175    0.1216    0.0521
   7781.95    0.0193    0.1269    0.0567
   7782.99    0.0231    0.1378    0.0638
   7784.02    0.0309    0.1491    0.0933
   7785.05    0.0429    0.1523    0.1404
   7786.08    0.0586    0.1481    0.1916
   7787.12    0.0736    0.1387    0.2332
   7788.15    0.0814    0.1273    0.2553
   7789.18    0.0779    0.1171    0.2533
   7790.21    0.0646    0.1106    0.2288
   7791.25    0.0474    0.1090    0.1883
   7792.28    0.0327    0.1126    0.1413
   7793.31    0.0240    0.1203    0.0978
   7794.34    0.0214    0.1303    0.0661
   7795.38    0.0224    0.1406    0.0515
   7796.41    0.0253    0.1489    0.0555
   7797.44    0.0295    0.1538    0.0764
   7798.47    0.0357    0.1542    0.1092
   7799.51    0.0444    0.1500    0.1479
   7800.54    0.0545    0.1416    0.1857
   7801.57    0.0638    0.1300    0.2167
   7802.60    0.0696    0.1165    0.2366
   7803.64    0.0696    0.1026    0.2431
   7804.67    0.0637    0.0897    0.2360
   7805.70    0.0532    0.0788    0.2168
   7806.73    0.0406    0.0708    0.1886
   7807.77    0.0285    0.0661    0.1552
   7808.80    0.0188    0.0646    0.1208
   7809.83    0.0123    0.0661    0.0893
   7810.86    0.0067    0.0560    0.0597
   7811.90    0.0059    0.0516    0.0567
   7812.93    0.0134    0.0714    0.0908
   7813.96    0.0317    0.1034    0.1450
   7814.99    0.0545    0.1306    0.1935
   7816.03    0.0655    0.1398    0.2145
   7817.06    0.0561    0.1268    0.2000
   7818.09    0.0348    0.0982    0.1585
   7819.12    0.0166    0.0672    0.1099
   7820.16    0.0081    0.0473    0.0765
   7821.19    0.0075    0.0468    0.0730
   7822.22    0.0146    0.0656    0.1014
   7823.25    0.0318    0.0959    0.1505
   7824.29    0.0565    0.1262    0.2016
   7825.32    0.0769    0.1459    0.2359
   7826.35    0.0809    0.1494    0.2420
   7827.38    0.0670    0.1375    0.2194
   7828.42    0.0453    0.1168    0.1779
   7829.45    0.0273    0.0967    0.1338
   7830.48    0.0181    0.0857    0.1036
   7831.51    0.0175    0.0887    0.0980
   7832.55    0.0253    0.1054    0.1192
   7833.58    0.0429    0.1312    0.1602
   7834.61    0.0683    0.1586    0.2077
   7835.64    0.0935    0.1802    0.2470
   7836.68    0.1074    0.1909    0.2663
   7837.71    0.1036    0.1892    0.2604
   7838.74    0.0852    0.1773    0.2318
   7839.77    0.0617    0.1603    0.1896
   7840.81    0.0422    0.1441    0.1464
   7841.84    0.0310    0.1340    0.1144
   7842.87    0.0281    0.1328    0.1023
   7843.90    0.0325    0.1406    0.1128
   7844.94    0.0442    0.1550    0.1422
   7845.97    0.0626    0.1716    0.1820
   7847.00    0.0834    0.1857    0.2211
   7848.03    0.0995    0.1937    0.2490
   7849.07    0.1042    0.1935    0.2584
   7850.10    0.0952    0.1852    0.2468
   7851.13    0.0763    0.1708    0.2172
   7852.16    0.0548    0.1536    0.1766
   7853.20    0.0370    0.1373    0.1346
   7854.23    0.0258    0.1250    0.1009
   7855.26    0.0209    0.1185    0.0828
   7856.29    0.0210    0.1183    0.0839
   7857.33    0.0259    0.1232    0.1035
   7858.36    0.0358    0.1312    0.1365
   7859.39    0.0502    0.1395    0.1754
   7860.42    0.0661    0.1458    0.2117
   7861.46    0.0784    0.1485    0.2375
   7862.49    0.0829    0.1468    0.2476
   7863.52    0.0778    0.1413    0.2405
   7864.55    0.0653    0.1331    0.2181
   7865.59    0.0498    0.1242    0.1855
   7866.62    0.0360    0.1165    0.1499
   7867.65    0.0266    0.1116    0.1188
   7868.68    0.0220    0.1107    0.0989
   7869.72    0.0218    0.1138    0.0943
   7870.75    0.0258    0.1205    0.1062
   7871.78    0.0344    0.1296    0.1326
   7872.81    0.0481    0.1398    0.1689
   7873.85    0.0659    0.1495    0.2087
   7874.88    0.0848    0.1577    0.2449
   7875.91    0.1005    0.1637    0.2715
   7876.94    0.1087    0.1672    0.2842
   7877.98    0.1076    0.1685    0.2814
   7879.01    0.0981    0.1685    0.2640
   7880.04    0.0837    0.1679    0.2357
   7881.07    0.0688    0.1676    0.2018
   7882.11    0.0567    0.1681    0.1686
   7883.14    0.0490    0.1698    0.1418
   7884.17    0.0457    0.1727    0.1261
   7885.20    0.0464    0.1762    0.1240
   7886.24    0.0508    0.1799    0.1357
   7887.27    0.0587    0.1830    0.1589
   7888.30    0.0700    0.1849    0.1894
   7889.33    0.0835    0.1852    0.2218
   7890.37    0.0965    0.1838    0.2504
   7891.40    0.0981    0.1613    0.2686
   7892.43    0.0828    0.1258    0.2588
   7893.46    0.0612    0.1099    0.2216
   7894.50    0.0430    0.1186    0.1702
   7895.53    0.0367    0.1472    0.1227
   7896.56    0.0428    0.1837    0.0950
   7897.59    0.0545    0.2133    0.0952
   7898.63    0.0648    0.2240    0.1210
   7899.66    0.0706    0.2110    0.1615
   7900.69    0.0721    0.1781    0.2009
   7901.72    0.0691    0.1362    0.2247
   7902.76    0.0603    0.0991    0.2246
   7903.79    0.0465    0.0788    0.2008
   7904.82    0.0328    0.0818    0.1616
   7905.85    0.0259    0.1065    0.1206
   7906.89    0.0293    0.1447    0.0915
   7907.92    0.0409    0.1839    0.0842
   7908.95    0.0552    0.2119    0.1014
   7909.98    0.0677    0.2205    0.1383
   7911.02    0.0771    0.2077    0.1843
   7912.05    0.0831    0.1786    0.2263
   7913.08    0.0846    0.1433    0.2532
   7914.11    0.0798    0.1137    0.2585
   7915.15    0.0689    0.0998    0.2427
   7916.18    0.0564    0.1068    0.2121
   7917.21    0.0492    0.1335    0.1772
   7918.24    0.0522    0.1729    0.1494
   7919.28    0.0647    0.2142    0.1373
   7920.31    0.0815    0.2461    0.1447
   7921.34    0.0963    0.2601    0.1693
   7922.37    0.1054    0.2524    0.2041
   7923.41    0.1079    0.2255    0.2389
   7924.44    0.1043    0.1867    0.2635
   7925.47    0.0947    0.1466    0.2705
   7926.50    0.0796    0.1157    0.2574
   7927.54    0.0618    0.1017    0.2268
   7928.57    0.0461    0.1077    0.1859
   7929.60    0.0380    0.1311    0.1443
   7930.63    0.0397    0.1649    0.1117
   7931.67    0.0487    0.1991    0.0952
   7932.70    0.0597    0.2238    0.0978
   7933.73    0.0676    0.2319    0.1176
   7934.76    0.0707    0.2205    0.1484
   7935.80    0.0700    0.1921    0.1819
   7936.83    0.0674    0.1537    0.2093
   7937.86    0.0633    0.1149    0.2238
   7938.89    0.0568    0.0857    0.2224
   7939.93    0.0481    0.0737    0.2065
   7940.96    0.0395    0.0822    0.1810
   7941.99    0.0357    0.1098    0.1537
   7943.02    0.0402    0.1502    0.1327
   7944.06    0.0531    0.1939    0.1244
   7945.09    0.0708    0.2309    0.1323
   7946.12    0.0880    0.2526    0.1555
   7947.15    0.1005    0.2542    0.1894
   7948.19    0.1069    0.2358    0.2265
   7949.22    0.1076    0.2020    0.2583
   7950.25    0.1030    0.1613    0.2774
   7951.28    0.0931    0.1236    0.2790
   7952.32    0.0784    0.0977    0.2624
   7953.35    0.0613    0.0896    0.2308
   7954.38    0.0466    0.1008    0.1908
   7955.41    0.0391    0.1279    0.1507
   7956.45    0.0409    0.1638    0.1187
   7957.48    0.0497    0.1988    0.1010
   7958.51    0.0603    0.2239    0.1006
   7959.54    0.0675    0.2323    0.1163
   7960.58    0.0695    0.2212    0.1435
   7961.61    0.0679    0.1929    0.1752
   7962.64    0.0653    0.1541    0.2037
   7963.67    0.0626    0.1142    0.2225
   7964.71    0.0588    0.0830    0.2278
   7965.74    0.0528    0.0686    0.2192
   7966.77    0.0457    0.0752    0.2001
   7967.80    0.0415    0.1018    0.1766
   7968.84    0.0445    0.1425    0.1555
   7969.87    0.0559    0.1879    0.1435
   7970.90    0.0725    0.2272    0.1443
   7971.93    0.0880    0.2507    0.1587
   7972.97    0.0973    0.2524    0.1833
   7974.00    0.0984    0.2312    0.2121
   7975.03    0.0931    0.1918    0.2373
   7976.06    0.0839    0.1432    0.2517
   7977.10    0.0721    0.0967    0.2504
   7978.13    0.0579    0.0635    0.2321
   7979.16    0.0426    0.0515    0.1999
   7980.19    0.0298    0.0635    0.1605
   7981.23    0.0244    0.0967    0.1229
   7982.26    0.0296    0.1428    0.0961
   7983.29    0.0438    0.1904    0.0871
   7984.32    0.0617    0.2279    0.0990
   7985.36    0.0773    0.2460    0.1297
   7986.39    0.0877    0.2404    0.1729
   7987.42    0.0931    0.2127    0.2187
   7988.45    0.0946    0.1703    0.2562
   7989.49    0.0917    0.1241    0.2763
   7990.52    0.0824    0.0859    0.2738
   7991.55    0.0663    0.0652    0.2491
   7992.58    0.0476    0.0668    0.2078
   7993.62    0.0336    0.0894    0.1602
   7994.65    0.0299    0.1262    0.1181
   7995.68    0.0364    0.1668    0.0924
   7996.71    0.0480    0.1999    0.0898
   7997.75    0.0594    0.2168    0.1111
   7998.78    0.0666    0.2152    0.1424
   7999.81    0.0641    0.1946    0.1620
   8000.84    0.0532    0.1586    0.1674
   8001.88    0.0384    0.1178    0.1566
   8002.91    0.0246    0.0842    0.1323
   8003.94    0.0149    0.0679    0.1016
   8004.97    0.0109    0.0740    0.0735
   8006.01    0.0134    0.1008    0.0567
   8007.04    0.0228    0.1400    0.0562
   8008.07    0.0374    0.1794    0.0724
   8009.10    0.0526    0.2064    0.1000
   8010.14    0.0618    0.2119    0.1301
   8011.17    0.0610    0.1940    0.1527
   8012.20    0.0506    0.1580    0.1601
   8013.23    0.0357    0.1155    0.1495
   8014.27    0.0218    0.0803    0.1238
   8015.30    0.0125    0.0643    0.0914
   8016.33    0.0093    0.0730    0.0631
   8017.36    0.0130    0.1035    0.0484
   8018.40    0.0239    0.1453    0.0524
   8019.43    0.0392    0.1838    0.0737
   8020.46    0.0464    0.1968    0.0876
   8021.49    0.0451    0.1943    0.0856
   8022.53    0.0432    0.1901    0.0840
   8023.56    0.0408    0.1842    0.0829
   8024.59    0.0381    0.1770    0.0822
   8025.62    0.0351    0.1686    0.0818
   8026.66    0.0321    0.1594    0.0817
   8027.69    0.0291    0.1496    0.0820
   8028.72    0.0263    0.1396    0.0825
   8029.75    0.0237    0.1295    0.0831
   8030.79    0.0214    0.1198    0.0838
   8031.82    0.0194    0.1105    0.0846
   8032.85    0.0177    0.1021    0.0853
   8033.88    0.0163    0.0945    0.0858
   8034.92    0.0152    0.0881    0.0862
   8035.95    0.0143    0.0828    0.0864
   8036.98    0.0137    0.0789    0.0862
   8038.01    0.0131    0.0762    0.0857
   8039.05    0.0128    0.0747    0.0849
   8040.08    0.0125    0.0745    0.0836
   8041.11    0.0124    0.0754    0.0820
   8042.14    0.0124    0.0774    0.0799
   8043.18    0.0124    0.0802    0.0775
   8044.21    0.0126    0.0837    0.0748
   8045.24    0.0129    0.0878    0.0717
   8046.27    0.0132    0.0923    0.0685
   8047.31    0.0136    0.0970    0.0650
   8048.34    0.0141    0.1017    0.0615
   8049.37    0.0147    0.1063    0.0579
   8050.40    0.0152    0.1106    0.0545
   8051.44    0.0157    0.1145    0.0511
   8052.47    0.0162    0.1178    0.0481
   8053.50    0.0166    0.1205    0.0454
   8054.53    0.0169    0.1226    0.0431
   8055.57    0.0171    0.1240    0.0414
   8056.60    0.0171    0.1246    0.0402
   8057.63    0.0171    0.1246    0.0397
   8058.66    0.0169    0.1239    0.0399
   8059.70    0.0167    0.1226    0.0408
   8060.73    0.0164    0.1210    0.0424
   8061.76    0.0162    0.1190    0.0447
   8062.79    0.0159    0.1168    0.0477
   8063.83    0.0158    0.1147    0.0513
   8064.86    0.0157    0.1126    0.0553
   8065.89    0.0159    0.1109    0.0597
   8066.92    0.0162    0.1097    0.0644
   8067.96    0.0167    0.1090    0.0691
   8068.99    0.0173    0.1091    0.0736
   8070.02    0.0182    0.1100    0.0779
   8071.05    0.0191    0.1117    0.0817
   8072.09    0.0202    0.1142    0.0848
   8073.12    0.0214    0.1175    0.0870
   8074.15    0.0226    0.1215    0.0884
   8075.18    0.0238    0.1260    0.0888
   8076.22    0.0249    0.1307    0.0883
   8077.25    0.0509    0.2035    0.0973
   8078.28    0.1022    0.3045    0.0973
   8079.31    0.1175    0.3350    0.0730
   8080.35    0.0854    0.2907    0.0303
   8081.38    0.0344    0.1843   -0.0213
   8082.41    0.0066    0.0401   -0.0710
   8083.44    0.0245   -0.1123   -0.1089
   8084.48    0.0761   -0.2442   -0.1282
   8085.51    0.1271   -0.3337   -0.1256
   8086.54    0.1460   -0.3682   -0.1020
   8087.57    0.1235   -0.3459   -0.0618
   8088.61    0.0752   -0.2740   -0.0118
   8089.64    0.0295   -0.1670    0.0403
   8090.67    0.0094   -0.0427    0.0870
   8091.70    0.0214    0.0809    0.1218
   8092.74    0.0552    0.1881    0.1407
   8093.77    0.0917    0.2675    0.1420
   8094.80    0.1141    0.3132    0.1263
   8095.83    0.1145    0.3244    0.0964
   8096.87    0.0959    0.3045    0.0565
   8097.90    0.0675    0.2596    0.0115
   8098.93    0.0400    0.1972   -0.0336
   8099.96    0.0210    0.1245   -0.0744
   8101.00    0.0138    0.0476   -0.1075
   8102.03    0.0180   -0.0292   -0.1308
   8103.06    0.0312   -0.1030   -0.1433
   8104.09    0.0500   -0.1716   -0.1434
   8105.13    0.0689   -0.2269   -0.1320
   8106.16    0.0825   -0.2644   -0.1125
   8107.19    0.0873   -0.2824   -0.0867
   8108.22    0.0822   -0.2812   -0.0565
   8109.26    0.0692   -0.2619   -0.0241
   8110.29    0.0517   -0.2271    0.0085
   8111.32    0.0339   -0.1798    0.0395
   8112.35    0.0198   -0.1236    0.0673
   8113.39    0.0121   -0.0620    0.0907
   8114.42    0.0119    0.0013    0.1089
   8115.45    0.0187    0.0631    0.1213
   8116.48    0.0309    0.1205    0.1278
   8117.52    0.0458    0.1712    0.1285
   8118.55    0.0608    0.2134    0.1237
   8119.58    0.0734    0.2458    0.1140
   8120.61    0.0818    0.2679    0.1001
   8121.65    0.0849    0.2794    0.0828
   8122.68    0.0827    0.2806    0.0629
   8123.71    0.0757    0.2721    0.0413
   8124.74    0.0653    0.2549    0.0188
   8125.78    0.0529    0.2300   -0.0037
   8126.81    0.0500    0.2229    0.0189
   8127.84    0.0530    0.2233    0.0560
   8128.87    0.0378    0.1925    0.0276
   8129.91    0.0211    0.1296   -0.0654
   8130.94    0.0390    0.0474   -0.1916
   8131.97    0.0944   -0.0344   -0.3054
   8133.00    0.1444   -0.0975   -0.3673
   8134.04    0.1453   -0.1397   -0.3547
   8135.07    0.0516   -0.1099   -0.1989
   8136.10    0.0019   -0.0242    0.0364
   8137.13    0.0591    0.0534    0.2372
   8138.17    0.1077    0.0729    0.3200
   8139.20    0.0704    0.0210    0.2644
   8140.23    0.0188   -0.0777    0.1132
   8141.26    0.0337   -0.1753   -0.0542
   8142.30    0.0757   -0.2242   -0.1594
   8143.33    0.0632   -0.1964   -0.1567
   8144.36    0.0110   -0.0934   -0.0479
   8145.39    0.0184    0.0568    0.1233
   8146.43    0.1296    0.2113    0.2915
   8147.46    0.2630    0.3276    0.3945
   8148.49    0.2980    0.3768    0.3950
   8149.52    0.2076    0.3510    0.2905
   8150.56    0.0816    0.2629    0.1116
   8151.59    0.0276    0.1396   -0.0903
   8152.62    0.0678    0.0135   -0.2600
   8153.65    0.1331   -0.0870   -0.3543
   8154.69    0.1457   -0.1446   -0.3532
   8155.72    0.0932   -0.1556   -0.2627
   8156.75    0.0289   -0.1287   -0.1111
   8157.78    0.0102   -0.0807    0.0607
   8158.82    0.0454   -0.0312    0.2107
   8159.85    0.0936    0.0033    0.3059
   8160.88    0.1087    0.0127    0.3295
   8161.91    0.0803   -0.0045    0.2833
   8162.95    0.0362   -0.0420    0.1855
   8163.98    0.0119   -0.0880    0.0644
   8165.01    0.0189   -0.1287   -0.0480
   8166.04    0.0383   -0.1513   -0.1243
   8167.08    0.0431   -0.1471   -0.1465
   8168.11    0.0248   -0.1130   -0.1096
   8169.14    0.0031   -0.0518   -0.0214
   8170.17    0.0108    0.0286    0.1000
   8171.21    0.0668    0.1172    0.2304
   8172.24    0.1593    0.2016    0.3445
   8173.27    0.2505    0.2708    0.4209
   8174.30    0.2986    0.3165    0.4454
   8175.34    0.2828    0.3345    0.4134
   8176.37    0.2142    0.3247    0.3299
   8177.40    0.1279    0.2910    0.2079
   8178.43    0.0621    0.2402    0.0661
   8179.47    0.0382    0.1807   -0.0746
   8180.50    0.0450    0.1246   -0.1718
   8181.53    0.0461    0.0842   -0.1974
   8182.56    0.0339    0.0616   -0.1736
   8183.60    0.0172    0.0544   -0.1192
   8184.63    0.0068    0.0558   -0.0608
   8185.66    0.0038    0.0568   -0.0238
   8186.69    0.0030    0.0493   -0.0245
   8187.73    0.0052    0.0288   -0.0660
   8188.76    0.0189   -0.0048   -0.1375
   8189.79    0.0500   -0.0473   -0.2186
   8190.82    0.0897   -0.0914   -0.2853
   8191.86    0.1173   -0.1293   -0.3171
   8192.89    0.1152   -0.1540   -0.3024
   8193.92    0.0843   -0.1618   -0.2412
   8194.95    0.0440   -0.1522   -0.1444
   8195.99    0.0174   -0.1281   -0.0308
   8197.02    0.0151   -0.0948    0.0781
   8198.05    0.0302   -0.0586    0.1636
   8199.08    0.0461   -0.0252    0.2132
   8200.12    0.0501    0.0013    0.2238
   8201.15    0.0407    0.0191    0.2007
   8202.18    0.0253    0.0285    0.1564
   8203.21    0.0124    0.0320    0.1065
   8204.25    0.0056    0.0331    0.0668
   8205.28    0.0037    0.0355    0.0494
   8206.31    0.0055    0.0425    0.0608
   8207.34    0.0133    0.0563    0.1008
   8208.38    0.0327    0.0774    0.1636
   8209.41    0.0680    0.1051    0.2386
   8210.44    0.1171    0.1374    0.3134
   8211.47    0.1707    0.1715    0.3758
   8212.51    0.2148    0.2046    0.4159
   8213.54    0.2375    0.2338    0.4276
   8214.57    0.2334    0.2568    0.4092
   8215.60    0.2063    0.2724    0.3635
   8216.64    0.1662    0.2799    0.2964
   8217.67    0.1253    0.2799    0.2166
   8218.70    0.0925    0.2734    0.1333
   8219.73    0.0717    0.2619    0.0555
   8220.77    0.0613    0.2474   -0.0095
   8221.80    0.0568    0.2316   -0.0567
   8222.83    0.0537    0.2161   -0.0837
   8223.86    0.0491    0.2022   -0.0908
   8224.90    0.0429    0.1907   -0.0807
   8225.93    0.0365    0.1821   -0.0578
   8226.96    0.0318    0.1763   -0.0274
   8227.99    0.0299    0.1730    0.0048
   8229.03    0.0305    0.1714    0.0333
   8230.06    0.0321    0.1708    0.0538
   8231.09    0.0330    0.1704    0.0630
   8232.12    0.0322    0.1693    0.0592
   8233.16    0.0297    0.1670    0.0420
   8234.19    0.0267    0.1629    0.0126
   8235.22    0.0253    0.1568   -0.0269
   8236.25    0.0274    0.1484   -0.0735
   8237.29    0.0343    0.1380   -0.1237
   8238.32    0.0460    0.1258   -0.1738
   8239.35    0.0611    0.1122   -0.2203
   8240.38    0.0772    0.0977   -0.2602
   8241.42    0.0914    0.0829   -0.2908
   8242.45    0.1010    0.0683   -0.3104
   8243.48    0.1041    0.0546   -0.3179
   8244.51    0.0998    0.0422   -0.3131
   8245.55    0.0887    0.0316   -0.2962
   8246.58    0.0726    0.0231   -0.2684
   8247.61    0.0538    0.0170   -0.2312
   8248.64    0.0350    0.0135   -0.1865
   8249.68    0.0188    0.0127   -0.1364
   8250.71    0.0071    0.0145   -0.0831
   8251.74    0.0012    0.0188   -0.0288
   8252.77    0.0012    0.0254    0.0244
   8253.81    0.0068    0.0342    0.0748
   8254.84    0.0166    0.0448    0.1207
   8255.87    0.0291    0.0570    0.1609
   8256.90    0.0428    0.0704    0.1946
   8257.94    0.0561    0.0847    0.2212
   8258.97    0.0678    0.0996    0.2405
   8260.00    0.0770    0.1148    0.2526
   8261.03    0.0834    0.1300    0.2579
   8262.07    0.0871    0.1449    0.2570
   8263.10    0.0882    0.1594    0.2506
   8264.13    0.0874    0.1732    0.2397
   8265.16    0.0854    0.1862    0.2251
   8266.20    0.0826    0.1983    0.2081
   8267.23    0.0798    0.2094    0.1895
   8268.26    0.0772    0.2194    0.1704
   8269.29    0.0751    0.2284    0.1516
   8270.33    0.0738    0.2362    0.1339
   8271.36    0.0730    0.2431    0.1182
   8272.39    0.0729    0.2489    0.1048
   8273.42    0.0733    0.2538    0.0942
   8274.46    0.0741    0.2579    0.0868
   8275.49    0.0751    0.2612    0.0827
   8276.52    0.0763    0.2639    0.0819
   8277.55    0.0779    0.2660    0.0843
   8278.59    0.0797    0.2676    0.0898
   8279.62    0.0819    0.2689    0.0980
   8280.65    0.0847    0.2700    0.1085
   8281.68    0.0880    0.2708    0.1211
   8282.72    0.0920    0.2715    0.1351
   8283.75    0.0967    0.2722    0.1502
   8284.78    0.1020    0.2729    0.1658
   8285.81    0.1078    0.2737    0.1813
   8286.85    0.1139    0.2745    0.1964
   8287.88    0.1202    0.2755    0.2105
   8288.91    0.1264    0.2766    0.2233
   8289.94    0.1320    0.2778    0.2342
   8290.98    0.1370    0.2791    0.2431
   8292.01    0.1410    0.2805    0.2496
   8293.04    0.1438    0.2820    0.2535
   8294.07    0.1452    0.2834    0.2546
   8295.11    0.1451    0.2849    0.2529
   8296.14    0.1436    0.2862    0.2483
   8297.17    0.1406    0.2874    0.2408
   8298.20    0.1363    0.2884    0.2305
   8299.24    0.1309    0.2891    0.2176
   8300.27    0.1344    0.3483    0.1146
   8301.30    0.1396    0.3581   -0.1063
   8302.33    0.1336    0.2286   -0.2852
