     #Time      Norm      Real      Imag
   7395.80    0.0000    0.0000    0.0000
   7396.83    0.0000    0.0000    0.0000
   7397.86    0.0000    0.0000    0.0000
   7398.90    0.0000    0.0000    0.0000
   7399.93    0.0000    0.0000    0.0000
   7400.96    0.0000    0.0000    0.0000
   7401.99    0.0000    0.0000    0.0000
   7403.03    0.0000    0.0000    0.0000
   7404.06    0.0000    0.0000    0.0000
   7405.09    0.0000    0.0001    0.0000
   7406.12    0.0000    0.0001    0.0000
   7407.16    0.0000    0.0001    0.0000
   7408.19    0.0000    0.0001    0.0000
   7409.22    0.0000    0.0001    0.0001
   7410.25    0.0000    0.0001    0.0001
   7411.29    0.0000    0.0001    0.0001
   7412.32    0.0000    0.0001    0.0001
   7413.35    0.0000    0.0001    0.0001
   7414.38    0.0000    0.0001    0.0001
   7415.42    0.0000    0.0001    0.0001
   7416.45    0.0000    0.0001    0.0001
   7417.48    0.0000    0.0001    0.0001
   7418.51    0.0000    0.0001    0.0001
   7419.55    0.0000    0.0001    0.0001
   7420.58    0.0000    0.0001    0.0001
   7421.61    0.0000    0.0001    0.0001
   7422.64    0.0000    0.0001    0.0001
   7423.68    0.0000    0.0002    0.0001
   7424.71    0.0000    0.0002    0.0001
   7425.74    0.0000    0.0002    0.0001
   7426.77    0.0000    0.0002    0.0001
   7427.81    0.0000    0.0002    0.0001
   7428.84    0.0000    0.0002    0.0001
   7429.87    0.0000    0.0002    0.0001
   7430.90    0.0000    0.0002    0.0001
   7431.94    0.0000    0.0002    0.0001
   7432.97    0.0000    0.0002    0.0001
   7434.00    0.0000    0.0002    0.0001
   7435.03    0.0000    0.0002    0.0001
   7436.07    0.0000    0.0002    0.0001
   7437.10    0.0000    0.0002    0.0001
   7438.13    0.0000    0.0002    0.0001
   7439.16    0.0000    0.0002    0.0001
   7440.20    0.0000    0.0002    0.0001
   7441.23    0.0000    0.0002    0.0001
   7442.26    0.0000    0.0002    0.0001
   7443.29    0.0000    0.0002    0.0001
   7444.33    0.0000    0.0002    0.0001
   7445.36    0.0000    0.0002    0.0001
   7446.39    0.0000    0.0002    0.0001
   7447.42    0.0000    0.0002    0.0001
   7448.46    0.0000    0.0002    0.0001
   7449.49    0.0000    0.0002    0.0001
   7450.52    0.0000    0.0002    0.0001
   7451.55    0.0000    0.0002    0.0001
   7452.59    0.0000    0.0002    0.0001
   7453.62    0.0000    0.0002    0.0002
   7454.65    0.0000    0.0002    0.0002
   7455.68    0.0000    0.0002    0.0002
   7456.72    0.0000    0.0002    0.0002
   7457.75    0.0000    0.0002    0.0002
   7458.78    0.0000    0.0002    0.0001
   7459.81    0.0000    0.0002    0.0001
   7460.85    0.0000    0.0002    0.0001
   7461.88    0.0000    0.0002    0.0002
   7462.91    0.0000    0.0002    0.0002
   7463.94    0.0000    0.0002    0.0002
   7464.98    0.0000    0.0002    0.0002
   7466.01    0.0000    0.0002    0.0002
   7467.04    0.0000    0.0002    0.0002
   7468.07    0.0000    0.0003    0.0002
   7469.11    0.0000    0.0003    0.0002
   7470.14    0.0000    0.0003    0.0002
   7471.17    0.0000    0.0002    0.0002
   7472.20    0.0000    0.0002    0.0002
   7473.24    0.0000    0.0002    0.0002
   7474.27    0.0000    0.0002    0.0002
   7475.30    0.0000    0.0002    0.0002
   7476.33    0.0000    0.0002    0.0002
   7477.37    0.0000    0.0002    0.0002
   7478.40    0.0000    0.0002    0.0002
   7479.43    0.0000    0.0003    0.0002
   7480.46    0.0000    0.0003    0.0002
   7481.50    0.0000    0.0003    0.0002
   7482.53    0.0000    0.0002    0.0002
   7483.56    0.0000    0.0002    0.0002
   7484.59    0.0000    0.0002    0.0002
   7485.63    0.0000    0.0002    0.0002
   7486.66    0.0000    0.0002    0.0002
   7487.69    0.0000    0.0002    0.0002
   7488.72    0.0000    0.0002    0.0002
   7489.76    0.0000    0.0002    0.0002
   7490.79    0.0000    0.0002    0.0002
   7491.82    0.0000    0.0002    0.0002
   7492.85    0.0000    0.0002    0.0002
   7493.89    0.0000    0.0002    0.0002
   7494.92    0.0000    0.0002    0.0002
   7495.95    0.0000    0.0002    0.0002
   7496.98    0.0000    0.0002    0.0002
   7498.02    0.0000    0.0002    0.0002
   7499.05    0.0000    0.0002    0.0002
   7500.08    0.0000    0.0002    0.0002
   7501.11    0.0000    0.0002    0.0002
   7502.15    0.0000    0.0002    0.0002
   7503.18    0.0000    0.0002    0.0002
   7504.21    0.0000    0.0002    0.0002
   7505.24    0.0000    0.0002    0.0002
   7506.28    0.0000    0.0002    0.0002
   7507.31    0.0000    0.0002    0.0002
   7508.34    0.0000    0.0002    0.0002
   7509.37    0.0000    0.0002    0.0002
   7510.41    0.0000    0.0002    0.0002
   7511.44    0.0000    0.0002    0.0002
   7512.47    0.0000    0.0002    0.0002
   7513.50    0.0000    0.0002    0.0002
   7514.54    0.0000    0.0002    0.0002
   7515.57    0.0000    0.0002    0.0002
   7516.60    0.0000    0.0002    0.0002
   7517.63    0.0000    0.0002    0.0002
   7518.67    0.0000    0.0002    0.0002
   7519.70    0.0000    0.0002    0.0002
   7520.73    0.0000    0.0002    0.0003
   7521.76    0.0000    0.0002    0.0003
   7522.80    0.0000    0.0002    0.0003
   7523.83    0.0000    0.0002    0.0003
   7524.86    0.0000    0.0002    0.0003
   7525.89    0.0000    0.0002    0.0003
   7526.93    0.0000    0.0002    0.0003
   7527.96    0.0000    0.0002    0.0003
   7528.99    0.0000    0.0002    0.0003
   7530.02    0.0000    0.0002    0.0003
   7531.06    0.0000    0.0002    0.0003
   7532.09    0.0000    0.0002    0.0003
   7533.12    0.0000    0.0002    0.0003
   7534.15    0.0000    0.0002    0.0003
   7535.19    0.0000    0.0002    0.0003
   7536.22    0.0000    0.0002    0.0003
   7537.25    0.0000    0.0002    0.0003
   7538.28    0.0000    0.0002    0.0003
   7539.32    0.0000    0.0002    0.0003
   7540.35    0.0000    0.0002    0.0003
   7541.38    0.0000    0.0002    0.0003
   7542.41    0.0000    0.0002    0.0003
   7543.45    0.0000    0.0002    0.0003
   7544.48    0.0000    0.0002    0.0003
   7545.51    0.0000    0.0002    0.0003
   7546.54    0.0000    0.0002    0.0003
   7547.58    0.0000    0.0002    0.0003
   7548.61    0.0000    0.0002    0.0003
   7549.64    0.0000    0.0002    0.0003
   7550.67    0.0000    0.0002    0.0003
   7551.71    0.0000    0.0002    0.0003
   7552.74    0.0000    0.0002    0.0003
   7553.77    0.0000    0.0002    0.0003
   7554.80    0.0000    0.0002    0.0003
   7555.84    0.0000    0.0002    0.0003
   7556.87    0.0000    0.0002    0.0003
   7557.90    0.0000    0.0002    0.0003
   7558.93    0.0000    0.0002    0.0003
   7559.97    0.0000    0.0002    0.0003
   7561.00    0.0000    0.0002    0.0003
   7562.03    0.0000    0.0002    0.0003
   7563.06    0.0000    0.0002    0.0003
   7564.10    0.0000    0.0002    0.0003
   7565.13    0.0000    0.0002    0.0003
   7566.16    0.0000    0.0002    0.0003
   7567.19    0.0000    0.0002    0.0003
   7568.23    0.0000    0.0002    0.0003
   7569.26    0.0000    0.0002    0.0003
   7570.29    0.0000    0.0002    0.0003
   7571.32    0.0000    0.0002    0.0003
   7572.36    0.0000    0.0002    0.0003
   7573.39    0.0000    0.0002    0.0003
   7574.42    0.0000    0.0002    0.0003
   7575.45    0.0000    0.0002    0.0003
   7576.49    0.0000    0.0002    0.0003
   7577.52    0.0000    0.0002    0.0003
   7578.55    0.0000    0.0002    0.0003
   7579.58    0.0000    0.0002    0.0003
   7580.62    0.0000    0.0002    0.0003
   7581.65    0.0000    0.0002    0.0003
   7582.68    0.0000    0.0002    0.0003
   7583.71    0.0000    0.0002    0.0003
   7584.75    0.0000    0.0002    0.0003
   7585.78    0.0000    0.0002    0.0003
   7586.81    0.0000    0.0002    0.0003
   7587.84    0.0000    0.0002    0.0003
   7588.88    0.0000    0.0002    0.0003
   7589.91    0.0000    0.0002    0.0003
   7590.94    0.0000    0.0002    0.0003
   7591.97    0.0000    0.0002    0.0003
   7593.01    0.0000    0.0002    0.0003
   7594.04    0.0000    0.0002    0.0003
   7595.07    0.0000    0.0002    0.0003
   7596.10    0.0000    0.0002    0.0003
   7597.14    0.0000    0.0003    0.0003
   7598.17    0.0000    0.0003    0.0003
   7599.20    0.0000    0.0003    0.0003
   7600.23    0.0000    0.0003    0.0003
   7601.27    0.0000    0.0003    0.0003
   7602.30    0.0000    0.0003    0.0003
   7603.33    0.0000    0.0003    0.0003
   7604.36    0.0000    0.0003    0.0003
   7605.40    0.0000    0.0003    0.0003
   7606.43    0.0000    0.0003    0.0003
   7607.46    0.0000    0.0003    0.0003
   7608.49    0.0000    0.0003    0.0003
   7609.53    0.0000    0.0003    0.0002
   7610.56    0.0000    0.0003    0.0002
   7611.59    0.0000    0.0003    0.0002
   7612.62    0.0000    0.0003    0.0002
   7613.66    0.0000    0.0003    0.0002
   7614.69    0.0000    0.0002    0.0002
   7615.72    0.0000    0.0002    0.0002
   7616.75    0.0000    0.0002    0.0002
   7617.79    0.0000    0.0002    0.0002
   7618.82    0.0000    0.0002    0.0002
   7619.85    0.0000    0.0002    0.0002
   7620.88    0.0000    0.0002    0.0002
   7621.92    0.0000    0.0003    0.0002
   7622.95    0.0000    0.0003    0.0002
   7623.98    0.0000    0.0003    0.0002
   7625.01    0.0000    0.0003    0.0002
   7626.05    0.0000    0.0003    0.0002
   7627.08    0.0000    0.0003    0.0002
   7628.11    0.0000    0.0003    0.0002
   7629.14    0.0000    0.0003    0.0002
   7630.18    0.0000    0.0003    0.0002
   7631.21    0.0000    0.0003    0.0002
   7632.24    0.0000    0.0003    0.0002
   7633.27    0.0000    0.0003    0.0002
   7634.31    0.0000    0.0003    0.0002
   7635.34    0.0000    0.0003    0.0002
   7636.37    0.0000    0.0003    0.0002
   7637.40    0.0000    0.0003    0.0002
   7638.44    0.0000    0.0003    0.0002
   7639.47    0.0000    0.0003    0.0002
   7640.50    0.0000    0.0003    0.0002
   7641.53    0.0000    0.0003    0.0001
   7642.57    0.0000    0.0003    0.0001
   7643.60    0.0000    0.0003    0.0001
   7644.63    0.0000    0.0003    0.0001
   7645.66    0.0000    0.0003    0.0001
   7646.70    0.0000    0.0003    0.0001
   7647.73    0.0000    0.0003    0.0001
   7648.76    0.0000    0.0003    0.0001
   7649.79    0.0000    0.0003    0.0001
   7650.83    0.0000    0.0003    0.0001
   7651.86    0.0000    0.0003    0.0001
   7652.89    0.0000    0.0003    0.0001
   7653.92    0.0000    0.0003    0.0001
   7654.96    0.0000    0.0003    0.0001
   7655.99    0.0000    0.0003    0.0001
   7657.02    0.0000    0.0003    0.0001
   7658.05    0.0000    0.0003    0.0001
   7659.09    0.0000    0.0003    0.0001
   7660.12    0.0000    0.0003    0.0001
   7661.15    0.0000    0.0003    0.0001
   7662.18    0.0000    0.0003    0.0001
   7663.22    0.0000    0.0003    0.0001
   7664.25    0.0000    0.0003    0.0001
   7665.28    0.0000    0.0003    0.0001
   7666.31    0.0000    0.0003    0.0001
   7667.35    0.0000    0.0003    0.0001
   7668.38    0.0000    0.0003    0.0001
   7669.41    0.0000    0.0003    0.0001
   7670.44    0.0000    0.0003    0.0001
   7671.48    0.0000    0.0003    0.0001
   7672.51    0.0000    0.0003    0.0001
   7673.54    0.0000    0.0003    0.0001
   7674.57    0.0000    0.0003    0.0001
   7675.61    0.0000    0.0003    0.0001
   7676.64    0.0000    0.0003    0.0000
   7677.67    0.0000    0.0003    0.0000
   7678.70    0.0000    0.0003    0.0000
   7679.74    0.0000    0.0003    0.0000
   7680.77    0.0000    0.0003    0.0000
   7681.80    0.0000    0.0003    0.0001
   7682.83    0.0000    0.0003    0.0001
   7683.87    0.0000    0.0003    0.0001
   7684.90    0.0000    0.0003    0.0001
   7685.93    0.0000    0.0003    0.0001
   7686.96    0.0000    0.0003    0.0001
   7688.00    0.0000    0.0003    0.0000
   7689.03    0.0000    0.0003    0.0000
   7690.06    0.0000    0.0003    0.0000
   7691.09    0.0000    0.0003    0.0000
   7692.13    0.0000    0.0003    0.0000
   7693.16    0.0000    0.0003    0.0000
   7694.19    0.0000    0.0003   -0.0000
   7695.22    0.0000    0.0003   -0.0000
   7696.26    0.0000    0.0003   -0.0000
   7697.29    0.0000    0.0003   -0.0000
   7698.32    0.0000    0.0003   -0.0000
   7699.35    0.0000    0.0003    0.0000
   7700.39    0.0000    0.0003    0.0000
   7701.42    0.0000    0.0003    0.0000
   7702.45    0.0000    0.0003    0.0000
   7703.48    0.0000    0.0003    0.0000
   7704.52    0.0000    0.0003    0.0000
   7705.55    0.0000    0.0003    0.0000
   7706.58    0.0000    0.0003    0.0000
   7707.61    0.0000    0.0003    0.0000
   7708.65    0.0000    0.0003    0.0000
   7709.68    0.0000    0.0003    0.0000
   7710.71    0.0000    0.0003    0.0000
   7711.74    0.0000    0.0003   -0.0000
   7712.78    0.0000    0.0003   -0.0000
   7713.81    0.0000    0.0003   -0.0000
   7714.84    0.0000    0.0003   -0.0000
   7715.87    0.0000    0.0003   -0.0000
   7716.91    0.0000    0.0003   -0.0000
   7717.94    0.0000    0.0003   -0.0001
   7718.97    0.0000    0.0003   -0.0001
   7720.00    0.0000    0.0003   -0.0001
   7721.04    0.0000    0.0003   -0.0001
   7722.07    0.0000    0.0003   -0.0001
   7723.10    0.0000    0.0003   -0.0001
   7724.13    0.0000    0.0003   -0.0001
   7725.17    0.0000    0.0003   -0.0001
   7726.20    0.0000    0.0003   -0.0001
   7727.23    0.0000    0.0003   -0.0001
   7728.26    0.0000    0.0003   -0.0001
   7729.30    0.0000    0.0003   -0.0001
   7730.33    0.0000    0.0003   -0.0001
   7731.36    0.0000    0.0003   -0.0001
   7732.39    0.0000    0.0003   -0.0001
   7733.43    0.0000    0.0003   -0.0001
   7734.46    0.0000    0.0003   -0.0001
   7735.49    0.0000    0.0003   -0.0000
   7736.52    0.0000    0.0003   -0.0000
   7737.56    0.0000    0.0003   -0.0000
   7738.59    0.0000    0.0003   -0.0000
   7739.62    0.0000    0.0003   -0.0000
   7740.65    0.0000    0.0003   -0.0000
   7741.69    0.0000    0.0003   -0.0000
   7742.72    0.0000    0.0003   -0.0000
   7743.75    0.0000    0.0003   -0.0000
   7744.78    0.0000    0.0003   -0.0000
   7745.82    0.0000    0.0003   -0.0001
   7746.85    0.0000    0.0003   -0.0001
   7747.88    0.0000    0.0003   -0.0001
   7748.91    0.0000    0.0003   -0.0001
   7749.95    0.0000    0.0003   -0.0001
   7750.98    0.0000    0.0003   -0.0001
   7752.01    0.0000    0.0003   -0.0001
   7753.04    0.0000    0.0003   -0.0001
   7754.08    0.0000    0.0003   -0.0001
   7755.11    0.0000    0.0003   -0.0001
   7756.14    0.0000    0.0003   -0.0001
   7757.17    0.0000    0.0003   -0.0001
   7758.21    0.0000    0.0003   -0.0002
   7759.24    0.0000    0.0003   -0.0002
   7760.27    0.0000    0.0003   -0.0002
   7761.30    0.0000    0.0003   -0.0002
   7762.34    0.0000    0.0003   -0.0002
   7763.37    0.0000    0.0003   -0.0002
   7764.40    0.0000    0.0003   -0.0002
   7765.43    0.0000    0.0003   -0.0002
   7766.47    0.0000    0.0003   -0.0002
   7767.50    0.0000    0.0003   -0.0002
   7768.53    0.0000    0.0003   -0.0002
   7769.56    0.0000    0.0003   -0.0002
   7770.60    0.0000    0.0003   -0.0002
   7771.63    0.0000    0.0003   -0.0002
   7772.66    0.0000    0.0003   -0.0002
   7773.69    0.0000    0.0003   -0.0002
   7774.73    0.0000    0.0003   -0.0002
   7775.76    0.0000    0.0003   -0.0001
   7776.79    0.0000    0.0003   -0.0001
   7777.82    0.0000    0.0003   -0.0001
   7778.86    0.0000    0.0003   -0.0001
   7779.89    0.0000    0.0002   -0.0001
   7780.92    0.0000    0.0002   -0.0001
   7781.95    0.0000    0.0002   -0.0001
   7782.99    0.0000    0.0002   -0.0001
   7784.02    0.0000    0.0002   -0.0001
   7785.05    0.0000    0.0002   -0.0001
   7786.08    0.0000    0.0002   -0.0001
   7787.12    0.0000    0.0002   -0.0001
   7788.15    0.0000    0.0002   -0.0001
   7789.18    0.0000    0.0002   -0.0001
   7790.21    0.0000    0.0002   -0.0001
   7791.25    0.0000    0.0002   -0.0001
   7792.28    0.0000    0.0002   -0.0001
   7793.31    0.0000    0.0002   -0.0001
   7794.34    0.0000    0.0002   -0.0001
   7795.38    0.0000    0.0002   -0.0001
   7796.41    0.0000    0.0002   -0.0001
   7797.44    0.0000    0.0002   -0.0001
   7798.47    0.0000    0.0002   -0.0001
   7799.51    0.0000    0.0002   -0.0001
   7800.54    0.0000    0.0002   -0.0002
   7801.57    0.0000    0.0002   -0.0002
   7802.60    0.0000    0.0002   -0.0002
   7803.64    0.0000    0.0002   -0.0002
   7804.67    0.0000    0.0002   -0.0002
   7805.70    0.0000    0.0002   -0.0002
   7806.73    0.0000    0.0002   -0.0002
   7807.77    0.0000    0.0002   -0.0002
   7808.80    0.0000    0.0002   -0.0002
   7809.83    0.0000    0.0002   -0.0002
   7810.86    0.0000    0.0002   -0.0002
   7811.90    0.0000    0.0002   -0.0002
   7812.93    0.0000    0.0002   -0.0003
   7813.96    0.0000    0.0002   -0.0003
   7814.99    0.0000    0.0002   -0.0003
   7816.03    0.0000    0.0002   -0.0003
   7817.06    0.0000    0.0002   -0.0003
   7818.09    0.0000    0.0002   -0.0003
   7819.12    0.0000    0.0001   -0.0003
   7820.16    0.0000    0.0001   -0.0003
   7821.19    0.0000    0.0001   -0.0003
   7822.22    0.0000    0.0001   -0.0003
   7823.25    0.0000    0.0001   -0.0003
   7824.29    0.0000    0.0001   -0.0003
   7825.32    0.0000    0.0001   -0.0003
   7826.35    0.0000    0.0001   -0.0002
   7827.38    0.0000    0.0001   -0.0002
   7828.42    0.0000    0.0001   -0.0002
   7829.45    0.0000    0.0001   -0.0002
   7830.48    0.0000    0.0000   -0.0002
   7831.51    0.0000    0.0000   -0.0002
   7832.55    0.0000    0.0000   -0.0002
   7833.58    0.0000    0.0000   -0.0002
   7834.61    0.0000    0.0000   -0.0002
   7835.64    0.0000    0.0000   -0.0002
   7836.68    0.0000    0.0000   -0.0002
   7837.71    0.0000    0.0000   -0.0002
   7838.74    0.0000    0.0000   -0.0001
   7839.77    0.0000    0.0000   -0.0001
   7840.81    0.0000    0.0000   -0.0001
   7841.84    0.0000    0.0000   -0.0001
   7842.87    0.0000    0.0000   -0.0001
   7843.90    0.0000    0.0000   -0.0001
   7844.94    0.0000    0.0000   -0.0002
   7845.97    0.0000    0.0000   -0.0002
   7847.00    0.0000    0.0000   -0.0002
   7848.03    0.0000    0.0000   -0.0002
   7849.07    0.0000    0.0000   -0.0002
   7850.10    0.0000    0.0000   -0.0002
   7851.13    0.0000    0.0000   -0.0002
   7852.16    0.0000    0.0001   -0.0002
   7853.20    0.0000    0.0001   -0.0002
   7854.23    0.0000    0.0001   -0.0002
   7855.26    0.0000    0.0001   -0.0002
   7856.29    0.0000    0.0001   -0.0002
   7857.33    0.0000    0.0001   -0.0002
   7858.36    0.0000    0.0001   -0.0003
   7859.39    0.0000    0.0001   -0.0003
   7860.42    0.0000    0.0001   -0.0003
   7861.46    0.0000    0.0000   -0.0003
   7862.49    0.0000    0.0000   -0.0003
   7863.52    0.0000    0.0000   -0.0003
   7864.55    0.0000    0.0000   -0.0003
   7865.59    0.0000    0.0000   -0.0003
   7866.62    0.0000    0.0000   -0.0003
   7867.65    0.0000    0.0000   -0.0003
   7868.68    0.0000    0.0000   -0.0003
   7869.72    0.0000   -0.0000   -0.0003
   7870.75    0.0000   -0.0000   -0.0003
   7871.78    0.0000   -0.0000   -0.0003
   7872.81    0.0000   -0.0000   -0.0003
   7873.85    0.0000   -0.0000   -0.0003
   7874.88    0.0000   -0.0000   -0.0003
   7875.91    0.0000   -0.0000   -0.0003
   7876.94    0.0000   -0.0001   -0.0003
   7877.98    0.0000   -0.0001   -0.0002
   7879.01    0.0000   -0.0001   -0.0002
   7880.04    0.0000   -0.0001   -0.0002
   7881.07    0.0000   -0.0001   -0.0002
   7882.11    0.0000   -0.0001   -0.0002
   7883.14    0.0000   -0.0001   -0.0002
   7884.17    0.0000   -0.0001   -0.0002
   7885.20    0.0000   -0.0001   -0.0002
   7886.24    0.0000   -0.0001   -0.0002
   7887.27    0.0000   -0.0001   -0.0002
   7888.30    0.0000   -0.0000   -0.0002
   7889.33    0.0000   -0.0000   -0.0002
   7890.37    0.0000   -0.0000   -0.0002
   7891.40    0.0000   -0.0000   -0.0002
   7892.43    0.0000   -0.0000   -0.0002
   7893.46    0.0000   -0.0000   -0.0002
   7894.50    0.0000   -0.0000   -0.0002
   7895.53    0.0000    0.0000   -0.0002
   7896.56    0.0000    0.0000   -0.0003
   7897.59    0.0000    0.0000   -0.0003
   7898.63    0.0000    0.0000   -0.0003
   7899.66    0.0000    0.0000   -0.0003
   7900.69    0.0000    0.0000   -0.0003
   7901.72    0.0000    0.0000   -0.0003
   7902.76    0.0000    0.0000   -0.0003
   7903.79    0.0000    0.0000   -0.0003
   7904.82    0.0000    0.0000   -0.0003
   7905.85    0.0000    0.0000   -0.0003
   7906.89    0.0000    0.0000   -0.0003
   7907.92    0.0000    0.0000   -0.0003
   7908.95    0.0000    0.0000   -0.0003
   7909.98    0.0000    0.0000   -0.0003
   7911.02    0.0000    0.0000   -0.0003
   7912.05    0.0000   -0.0000   -0.0003
   7913.08    0.0000   -0.0000   -0.0003
   7914.11    0.0000   -0.0000   -0.0003
   7915.15    0.0000   -0.0001   -0.0003
   7916.18    0.0000   -0.0001   -0.0003
   7917.21    0.0000   -0.0001   -0.0003
   7918.24    0.0000   -0.0001   -0.0003
   7919.28    0.0000   -0.0001   -0.0003
   7920.31    0.0000   -0.0001   -0.0003
   7921.34    0.0000   -0.0001   -0.0003
   7922.37    0.0000   -0.0001   -0.0003
   7923.41    0.0000   -0.0001   -0.0003
   7924.44    0.0000   -0.0001   -0.0003
   7925.47    0.0000   -0.0001   -0.0003
   7926.50    0.0000   -0.0001   -0.0003
   7927.54    0.0000   -0.0001   -0.0003
   7928.57    0.0000   -0.0000   -0.0003
   7929.60    0.0000   -0.0000   -0.0003
   7930.63    0.0000   -0.0000   -0.0003
   7931.67    0.0000   -0.0000   -0.0003
   7932.70    0.0000   -0.0000   -0.0003
   7933.73    0.0000    0.0000   -0.0004
   7934.76    0.0000    0.0000   -0.0004
   7935.80    0.0000    0.0000   -0.0004
   7936.83    0.0000    0.0000   -0.0004
   7937.86    0.0000   -0.0000   -0.0004
   7938.89    0.0000   -0.0000   -0.0004
   7939.93    0.0000   -0.0000   -0.0004
   7940.96    0.0000   -0.0000   -0.0004
   7941.99    0.0000   -0.0001   -0.0004
   7943.02    0.0000   -0.0001   -0.0004
   7944.06    0.0000   -0.0001   -0.0004
   7945.09    0.0000   -0.0001   -0.0004
   7946.12    0.0000   -0.0001   -0.0004
   7947.15    0.0000   -0.0001   -0.0004
   7948.19    0.0000   -0.0001   -0.0004
   7949.22    0.0000   -0.0001   -0.0004
   7950.25    0.0000   -0.0001   -0.0004
   7951.28    0.0000   -0.0001   -0.0004
   7952.32    0.0000   -0.0001   -0.0004
   7953.35    0.0000   -0.0001   -0.0004
   7954.38    0.0000   -0.0001   -0.0004
   7955.41    0.0000   -0.0001   -0.0004
   7956.45    0.0000   -0.0001   -0.0004
   7957.48    0.0000   -0.0001   -0.0004
   7958.51    0.0000   -0.0001   -0.0004
   7959.54    0.0000   -0.0001   -0.0004
   7960.58    0.0000   -0.0001   -0.0004
   7961.61    0.0000   -0.0001   -0.0004
   7962.64    0.0000   -0.0001   -0.0004
   7963.67    0.0000   -0.0001   -0.0004
   7964.71    0.0000   -0.0001   -0.0004
   7965.74    0.0000   -0.0001   -0.0005
   7966.77    0.0000   -0.0002   -0.0005
   7967.80    0.0000   -0.0002   -0.0005
   7968.84    0.0000   -0.0002   -0.0005
   7969.87    0.0000   -0.0002   -0.0005
   7970.90    0.0000   -0.0002   -0.0005
   7971.93    0.0000   -0.0002   -0.0005
   7972.97    0.0000   -0.0002   -0.0005
   7974.00    0.0000   -0.0002   -0.0005
   7975.03    0.0000   -0.0002   -0.0005
   7976.06    0.0000   -0.0002   -0.0005
   7977.10    0.0000   -0.0002   -0.0005
   7978.13    0.0000   -0.0002   -0.0005
   7979.16    0.0000   -0.0002   -0.0005
   7980.19    0.0000   -0.0002   -0.0005
   7981.23    0.0000   -0.0002   -0.0005
   7982.26    0.0000   -0.0002   -0.0005
   7983.29    0.0000   -0.0002   -0.0005
   7984.32    0.0000   -0.0002   -0.0005
   7985.36    0.0000   -0.0003   -0.0005
   7986.39    0.0000   -0.0003   -0.0005
   7987.42    0.0000   -0.0003   -0.0005
   7988.45    0.0000   -0.0003   -0.0005
   7989.49    0.0000   -0.0003   -0.0005
   7990.52    0.0000   -0.0003   -0.0005
   7991.55    0.0000   -0.0004   -0.0005
   7992.58    0.0000   -0.0004   -0.0005
   7993.62    0.0000   -0.0004   -0.0005
   7994.65    0.0000   -0.0003   -0.0005
   7995.68    0.0000   -0.0003   -0.0005
   7996.71    0.0000   -0.0003   -0.0005
   7997.75    0.0000   -0.0003   -0.0005
   7998.78    0.0000   -0.0004   -0.0005
   7999.81    0.0000   -0.0004   -0.0005
   8000.84    0.0000   -0.0004   -0.0006
   8001.88    0.0000   -0.0004   -0.0006
   8002.91    0.0000   -0.0004   -0.0006
   8003.94    0.0000   -0.0004   -0.0006
   8004.97    0.0000   -0.0004   -0.0006
   8006.01    0.0000   -0.0004   -0.0006
   8007.04    0.0000   -0.0004   -0.0006
   8008.07    0.0000   -0.0004   -0.0006
   8009.10    0.0000   -0.0004   -0.0006
   8010.14    0.0000   -0.0004   -0.0006
   8011.17    0.0000   -0.0005   -0.0006
   8012.20    0.0000   -0.0005   -0.0006
   8013.23    0.0000   -0.0005   -0.0006
   8014.27    0.0000   -0.0005   -0.0007
   8015.30    0.0000   -0.0005   -0.0007
   8016.33    0.0000   -0.0005   -0.0007
   8017.36    0.0000   -0.0005   -0.0007
   8018.40    0.0000   -0.0005   -0.0007
   8019.43    0.0000   -0.0005   -0.0007
   8020.46    0.0000   -0.0005   -0.0007
   8021.49    0.0000   -0.0005   -0.0007
   8022.53    0.0000   -0.0006   -0.0007
   8023.56    0.0000   -0.0006   -0.0007
   8024.59    0.0000   -0.0006   -0.0007
   8025.62    0.0000   -0.0006   -0.0007
   8026.66    0.0000   -0.0006   -0.0007
   8027.69    0.0000   -0.0006   -0.0007
   8028.72    0.0000   -0.0006   -0.0007
   8029.75    0.0000   -0.0006   -0.0008
   8030.79    0.0000   -0.0006   -0.0008
   8031.82    0.0000   -0.0006   -0.0008
   8032.85    0.0000   -0.0006   -0.0008
   8033.88    0.0000   -0.0007   -0.0008
   8034.92    0.0000   -0.0007   -0.0008
   8035.95    0.0000   -0.0007   -0.0008
   8036.98    0.0000   -0.0007   -0.0008
   8038.01    0.0000   -0.0007   -0.0008
   8039.05    0.0000   -0.0007   -0.0008
   8040.08    0.0000   -0.0007   -0.0008
   8041.11    0.0000   -0.0007   -0.0008
   8042.14    0.0000   -0.0007   -0.0008
   8043.18    0.0000   -0.0007   -0.0008
   8044.21    0.0000   -0.0008   -0.0008
   8045.24    0.0000   -0.0008   -0.0008
   8046.27    0.0000   -0.0008   -0.0008
   8047.31    0.0000   -0.0008   -0.0008
   8048.34    0.0000   -0.0008   -0.0008
   8049.37    0.0000   -0.0008   -0.0008
   8050.40    0.0000   -0.0008   -0.0008
   8051.44    0.0000   -0.0008   -0.0008
   8052.47    0.0000   -0.0008   -0.0008
   8053.50    0.0000   -0.0008   -0.0008
   8054.53    0.0000   -0.0008   -0.0008
   8055.57    0.0000   -0.0009   -0.0008
   8056.60    0.0000   -0.0009   -0.0008
   8057.63    0.0000   -0.0009   -0.0008
   8058.66    0.0000   -0.0009   -0.0008
   8059.70    0.0000   -0.0009   -0.0008
   8060.73    0.0000   -0.0009   -0.0008
   8061.76    0.0000   -0.0009   -0.0008
   8062.79    0.0000   -0.0009   -0.0008
   8063.83    0.0000   -0.0009   -0.0008
   8064.86    0.0000   -0.0009   -0.0008
   8065.89    0.0000   -0.0009   -0.0008
   8066.92    0.0000   -0.0009   -0.0008
   8067.96    0.0000   -0.0009   -0.0008
   8068.99    0.0000   -0.0009   -0.0008
   8070.02    0.0000   -0.0009   -0.0009
   8071.05    0.0000   -0.0009   -0.0009
   8072.09    0.0000   -0.0009   -0.0009
   8073.12    0.0000   -0.0009   -0.0009
   8074.15    0.0000   -0.0009   -0.0009
   8075.18    0.0000   -0.0009   -0.0009
   8076.22    0.0000   -0.0009   -0.0009
   8077.25    0.0000   -0.0009   -0.0010
   8078.28    0.0000   -0.0009   -0.0010
   8079.31    0.0000   -0.0009   -0.0010
   8080.35    0.0000   -0.0009   -0.0010
   8081.38    0.0000   -0.0009   -0.0010
   8082.41    0.0000   -0.0009   -0.0010
   8083.44    0.0000   -0.0009   -0.0010
   8084.48    0.0000   -0.0009   -0.0010
   8085.51    0.0000   -0.0009   -0.0010
   8086.54    0.0000   -0.0009   -0.0010
   8087.57    0.0000   -0.0009   -0.0010
   8088.61    0.0000   -0.0009   -0.0010
   8089.64    0.0000   -0.0009   -0.0011
   8090.67    0.0000   -0.0009   -0.0011
   8091.70    0.0000   -0.0009   -0.0011
   8092.74    0.0000   -0.0009   -0.0011
   8093.77    0.0000   -0.0009   -0.0011
   8094.80    0.0000   -0.0009   -0.0011
   8095.83    0.0000   -0.0009   -0.0011
   8096.87    0.0000   -0.0009   -0.0011
   8097.90    0.0000   -0.0009   -0.0011
   8098.93    0.0000   -0.0009   -0.0011
   8099.96    0.0000   -0.0009   -0.0012
   8101.00    0.0000   -0.0009   -0.0012
   8102.03    0.0000   -0.0009   -0.0012
   8103.06    0.0000   -0.0009   -0.0012
   8104.09    0.0000   -0.0009   -0.0012
   8105.13    0.0000   -0.0009   -0.0012
   8106.16    0.0000   -0.0009   -0.0012
   8107.19    0.0000   -0.0010   -0.0012
   8108.22    0.0000   -0.0010   -0.0012
   8109.26    0.0000   -0.0010   -0.0012
   8110.29    0.0000   -0.0010   -0.0012
   8111.32    0.0000   -0.0010   -0.0012
   8112.35    0.0000   -0.0010   -0.0012
   8113.39    0.0000   -0.0010   -0.0012
   8114.42    0.0000   -0.0010   -0.0012
   8115.45    0.0000   -0.0010   -0.0013
   8116.48    0.0000   -0.0010   -0.0013
   8117.52    0.0000   -0.0010   -0.0013
   8118.55    0.0000   -0.0010   -0.0013
   8119.58    0.0000   -0.0010   -0.0013
   8120.61    0.0000   -0.0010   -0.0013
   8121.65    0.0000   -0.0010   -0.0013
   8122.68    0.0000   -0.0010   -0.0013
   8123.71    0.0000   -0.0010   -0.0013
   8124.74    0.0000   -0.0010   -0.0013
   8125.78    0.0000   -0.0010   -0.0013
   8126.81    0.0000   -0.0010   -0.0014
   8127.84    0.0000   -0.0010   -0.0014
   8128.87    0.0000   -0.0010   -0.0014
   8129.91    0.0000   -0.0010   -0.0014
   8130.94    0.0000   -0.0010   -0.0014
   8131.97    0.0000   -0.0010   -0.0014
   8133.00    0.0000   -0.0010   -0.0014
   8134.04    0.0000   -0.0011   -0.0014
   8135.07    0.0000   -0.0011   -0.0015
   8136.10    0.0000   -0.0011   -0.0015
   8137.13    0.0000   -0.0011   -0.0015
   8138.17    0.0000   -0.0011   -0.0015
   8139.20    0.0000   -0.0011   -0.0015
   8140.23    0.0000   -0.0011   -0.0015
   8141.26    0.0000   -0.0011   -0.0015
   8142.30    0.0000   -0.0011   -0.0015
   8143.33    0.0000   -0.0011   -0.0015
   8144.36    0.0000   -0.0011   -0.0016
   8145.39    0.0000   -0.0011   -0.0016
   8146.43    0.0000   -0.0012   -0.0016
   8147.46    0.0000   -0.0012   -0.0016
   8148.49    0.0000   -0.0012   -0.0016
   8149.52    0.0000   -0.0012   -0.0016
   8150.56    0.0000   -0.0012   -0.0016
   8151.59    0.0000   -0.0012   -0.0016
   8152.62    0.0000   -0.0012   -0.0016
   8153.65    0.0000   -0.0012   -0.0016
   8154.69    0.0000   -0.0012   -0.0017
   8155.72    0.0000   -0.0012   -0.0017
   8156.75    0.0000   -0.0012   -0.0017
   8157.78    0.0000   -0.0013   -0.0017
   8158.82    0.0000   -0.0013   -0.0017
   8159.85    0.0000   -0.0013   -0.0017
   8160.88    0.0000   -0.0013   -0.0017
   8161.91    0.0000   -0.0013   -0.0017
   8162.95    0.0000   -0.0013   -0.0017
   8163.98    0.0000   -0.0013   -0.0017
   8165.01    0.0000   -0.0013   -0.0017
   8166.04    0.0000   -0.0013   -0.0018
   8167.08    0.0000   -0.0014   -0.0018
   8168.11    0.0000   -0.0014   -0.0018
   8169.14    0.0000   -0.0014   -0.0018
   8170.17    0.0000   -0.0014   -0.0018
   8171.21    0.0000   -0.0014   -0.0018
   8172.24    0.0000   -0.0014   -0.0018
   8173.27    0.0000   -0.0014   -0.0018
   8174.30    0.0000   -0.0015   -0.0018
   8175.34    0.0000   -0.0015   -0.0018
   8176.37    0.0000   -0.0015   -0.0018
   8177.40    0.0000   -0.0015   -0.0018
   8178.43    0.0000   -0.0015   -0.0018
   8179.47    0.0000   -0.0015   -0.0018
   8180.50    0.0000   -0.0015   -0.0019
   8181.53    0.0000   -0.0015   -0.0019
   8182.56    0.0000   -0.0015   -0.0019
   8183.60    0.0000   -0.0016   -0.0019
   8184.63    0.0000   -0.0016   -0.0019
   8185.66    0.0000   -0.0016   -0.0019
   8186.69    0.0000   -0.0016   -0.0019
   8187.73    0.0000   -0.0016   -0.0019
   8188.76    0.0000   -0.0016   -0.0019
   8189.79    0.0000   -0.0016   -0.0019
   8190.82    0.0000   -0.0016   -0.0019
   8191.86    0.0000   -0.0016   -0.0019
   8192.89    0.0000   -0.0016   -0.0020
   8193.92    0.0000   -0.0017   -0.0020
   8194.95    0.0000   -0.0017   -0.0020
   8195.99    0.0000   -0.0017   -0.0020
   8197.02    0.0000   -0.0017   -0.0020
   8198.05    0.0000   -0.0017   -0.0020
   8199.08    0.0000   -0.0017   -0.0020
   8200.12    0.0000   -0.0017   -0.0020
   8201.15    0.0000   -0.0017   -0.0020
   8202.18    0.0000   -0.0017   -0.0021
   8203.21    0.0000   -0.0018   -0.0021
   8204.25    0.0000   -0.0018   -0.0021
   8205.28    0.0000   -0.0018   -0.0021
   8206.31    0.0000   -0.0018   -0.0021
   8207.34    0.0000   -0.0018   -0.0021
   8208.38    0.0000   -0.0018   -0.0021
   8209.41    0.0000   -0.0018   -0.0021
   8210.44    0.0000   -0.0018   -0.0022
   8211.47    0.0000   -0.0019   -0.0022
   8212.51    0.0000   -0.0019   -0.0022
   8213.54    0.0000   -0.0019   -0.0022
   8214.57    0.0000   -0.0019   -0.0022
   8215.60    0.0000   -0.0019   -0.0022
   8216.64    0.0000   -0.0019   -0.0022
   8217.67    0.0000   -0.0019   -0.0022
   8218.70    0.0000   -0.0019   -0.0022
   8219.73    0.0000   -0.0020   -0.0023
   8220.77    0.0000   -0.0020   -0.0023
   8221.80    0.0000   -0.0020   -0.0023
   8222.83    0.0000   -0.0020   -0.0023
   8223.86    0.0000   -0.0020   -0.0023
   8224.90    0.0000   -0.0020   -0.0023
   8225.93    0.0000   -0.0020   -0.0023
   8226.96    0.0000   -0.0020   -0.0023
   8227.99    0.0000   -0.0020   -0.0024
   8229.03    0.0000   -0.0020   -0.0024
   8230.06    0.0000   -0.0020   -0.0024
   8231.09    0.0000   -0.0020   -0.0024
   8232.12    0.0000   -0.0020   -0.0024
   8233.16    0.0000   -0.0020   -0.0024
   8234.19    0.0000   -0.0021   -0.0024
   8235.22    0.0000   -0.0021   -0.0024
   8236.25    0.0000   -0.0021   -0.0024
   8237.29    0.0000   -0.0021   -0.0025
   8238.32    0.0000   -0.0021   -0.0025
   8239.35    0.0000   -0.0021   -0.0025
   8240.38    0.0000   -0.0021   -0.0025
   8241.42    0.0000   -0.0021   -0.0025
   8242.45    0.0000   -0.0021   -0.0025
   8243.48    0.0000   -0.0021   -0.0025
   8244.51    0.0000   -0.0021   -0.0025
   8245.55    0.0000   -0.0021   -0.0025
   8246.58    0.0000   -0.0021   -0.0026
   8247.61    0.0000   -0.0021   -0.0026
   8248.64    0.0000   -0.0021   -0.0026
   8249.68    0.0000   -0.0021   -0.0026
   8250.71    0.0000   -0.0021   -0.0026
   8251.74    0.0000   -0.0021   -0.0026
   8252.77    0.0000   -0.0021   -0.0026
   8253.81    0.0000   -0.0021   -0.0026
   8254.84    0.0000   -0.0021   -0.0027
   8255.87    0.0000   -0.0021   -0.0027
   8256.90    0.0000   -0.0020   -0.0027
   8257.94    0.0000   -0.0020   -0.0027
   8258.97    0.0000   -0.0020   -0.0027
   8260.00    0.0000   -0.0020   -0.0028
   8261.03    0.0000   -0.0020   -0.0028
   8262.07    0.0000   -0.0020   -0.0028
   8263.10    0.0000   -0.0020   -0.0028
   8264.13    0.0000   -0.0020   -0.0028
   8265.16    0.0000   -0.0020   -0.0028
   8266.20    0.0000   -0.0020   -0.0029
   8267.23    0.0000   -0.0020   -0.0029
   8268.26    0.0000   -0.0020   -0.0029
   8269.29    0.0000   -0.0020   -0.0029
   8270.33    0.0000   -0.0020   -0.0029
   8271.36    0.0000   -0.0020   -0.0030
   8272.39    0.0000   -0.0020   -0.0030
   8273.42    0.0000   -0.0020   -0.0030
   8274.46    0.0000   -0.0020   -0.0030
   8275.49    0.0000   -0.0020   -0.0030
   8276.52    0.0000   -0.0020   -0.0030
   8277.55    0.0000   -0.0020   -0.0031
   8278.59    0.0000   -0.0020   -0.0031
   8279.62    0.0000   -0.0020   -0.0031
   8280.65    0.0000   -0.0020   -0.0031
   8281.68    0.0000   -0.0020   -0.0031
   8282.72    0.0000   -0.0020   -0.0032
   8283.75    0.0000   -0.0020   -0.0032
   8284.78    0.0000   -0.0020   -0.0032
   8285.81    0.0000   -0.0020   -0.0032
   8286.85    0.0000   -0.0020   -0.0032
   8287.88    0.0000   -0.0020   -0.0032
   8288.91    0.0000   -0.0020   -0.0033
   8289.94    0.0000   -0.0020   -0.0033
   8290.98    0.0000   -0.0020   -0.0033
   8292.01    0.0000   -0.0020   -0.0033
   8293.04    0.0000   -0.0020   -0.0033
   8294.07    0.0000   -0.0020   -0.0034
   8295.11    0.0000   -0.0020   -0.0034
   8296.14    0.0000   -0.0020   -0.0034
   8297.17    0.0000   -0.0020   -0.0034
   8298.20    0.0000   -0.0020   -0.0034
   8299.24    0.0000   -0.0020   -0.0035
   8300.27    0.0000   -0.0020   -0.0035
   8301.30    0.0000   -0.0020   -0.0035
   8302.33    0.0000   -0.0020   -0.0035
