     #Time      Norm      Real      Imag
   7386.51    0.0000    0.0000    0.0000
   7387.54    0.0000    0.0000    0.0000
   7388.57    0.0000    0.0000    0.0000
   7389.60    0.0000    0.0000    0.0000
   7390.64    0.0000    0.0000    0.0000
   7391.67    0.0000    0.0001    0.0000
   7392.70    0.0000    0.0001    0.0000
   7393.73    0.0000    0.0001    0.0000
   7394.77    0.0000    0.0001    0.0000
   7395.80    0.0000    0.0001    0.0000
   7396.83    0.0000    0.0001    0.0000
   7397.86    0.0000    0.0001    0.0000
   7398.90    0.0000    0.0001    0.0000
   7399.93    0.0000    0.0002    0.0000
   7400.96    0.0000    0.0002    0.0000
   7401.99    0.0000    0.0002    0.0000
   7403.03    0.0000    0.0002    0.0000
   7404.06    0.0000    0.0002    0.0000
   7405.09    0.0000    0.0002    0.0000
   7406.12    0.0000    0.0002    0.0000
   7407.16    0.0000    0.0002    0.0000
   7408.19    0.0000    0.0003    0.0000
   7409.22    0.0000    0.0003    0.0000
   7410.25    0.0000    0.0003    0.0000
   7411.29    0.0000    0.0003    0.0000
   7412.32    0.0000    0.0003    0.0000
   7413.35    0.0000    0.0003    0.0000
   7414.38    0.0000    0.0003    0.0000
   7415.42    0.0000    0.0003    0.0000
   7416.45    0.0000    0.0004    0.0000
   7417.48    0.0000    0.0004    0.0000
   7418.51    0.0000    0.0004    0.0000
   7419.55    0.0000    0.0004    0.0000
   7420.58    0.0000    0.0004    0.0000
   7421.61    0.0000    0.0004    0.0000
   7422.64    0.0000    0.0004    0.0000
   7423.68    0.0000    0.0004    0.0000
   7424.71    0.0000    0.0004    0.0000
   7425.74    0.0000    0.0005    0.0000
   7426.77    0.0000    0.0005    0.0000
   7427.81    0.0000    0.0005    0.0000
   7428.84    0.0000    0.0005   -0.0000
   7429.87    0.0000    0.0005   -0.0000
   7430.90    0.0000    0.0005   -0.0000
   7431.94    0.0000    0.0005   -0.0000
   7432.97    0.0000    0.0005   -0.0000
   7434.00    0.0000    0.0005   -0.0000
   7435.03    0.0000    0.0005   -0.0000
   7436.07    0.0000    0.0006   -0.0000
   7437.10    0.0000    0.0006   -0.0000
   7438.13    0.0000    0.0006   -0.0000
   7439.16    0.0000    0.0006   -0.0000
   7440.20    0.0000    0.0006   -0.0000
   7441.23    0.0000    0.0006   -0.0000
   7442.26    0.0000    0.0006   -0.0000
   7443.29    0.0000    0.0006   -0.0000
   7444.33    0.0000    0.0006   -0.0000
   7445.36    0.0000    0.0006   -0.0001
   7446.39    0.0000    0.0007   -0.0001
   7447.42    0.0000    0.0007   -0.0001
   7448.46    0.0000    0.0007   -0.0001
   7449.49    0.0000    0.0007   -0.0001
   7450.52    0.0000    0.0007   -0.0001
   7451.55    0.0000    0.0007   -0.0001
   7452.59    0.0000    0.0007   -0.0001
   7453.62    0.0000    0.0007   -0.0001
   7454.65    0.0000    0.0007   -0.0001
   7455.68    0.0000    0.0007   -0.0001
   7456.72    0.0000    0.0007   -0.0001
   7457.75    0.0000    0.0007   -0.0001
   7458.78    0.0000    0.0008   -0.0001
   7459.81    0.0000    0.0008   -0.0001
   7460.85    0.0000    0.0008   -0.0001
   7461.88    0.0000    0.0008   -0.0001
   7462.91    0.0000    0.0008   -0.0001
   7463.94    0.0000    0.0008   -0.0001
   7464.98    0.0000    0.0008   -0.0001
   7466.01    0.0000    0.0008   -0.0001
   7467.04    0.0000    0.0008   -0.0001
   7468.07    0.0000    0.0008   -0.0001
   7469.11    0.0000    0.0008   -0.0001
   7470.14    0.0000    0.0008   -0.0001
   7471.17    0.0000    0.0008   -0.0001
   7472.20    0.0000    0.0008   -0.0001
   7473.24    0.0000    0.0008   -0.0001
   7474.27    0.0000    0.0008   -0.0001
   7475.30    0.0000    0.0008   -0.0001
   7476.33    0.0000    0.0008   -0.0001
   7477.37    0.0000    0.0008   -0.0001
   7478.40    0.0000    0.0009   -0.0001
   7479.43    0.0000    0.0009   -0.0001
   7480.46    0.0000    0.0009   -0.0001
   7481.50    0.0000    0.0009   -0.0000
   7482.53    0.0000    0.0009   -0.0000
   7483.56    0.0000    0.0009   -0.0000
   7484.59    0.0000    0.0009   -0.0000
   7485.63    0.0000    0.0009   -0.0000
   7486.66    0.0000    0.0009   -0.0000
   7487.69    0.0000    0.0009   -0.0000
   7488.72    0.0000    0.0009   -0.0000
   7489.76    0.0000    0.0009   -0.0000
   7490.79    0.0000    0.0009   -0.0000
   7491.82    0.0000    0.0009   -0.0000
   7492.85    0.0000    0.0009   -0.0000
   7493.89    0.0000    0.0009    0.0000
   7494.92    0.0000    0.0009    0.0000
   7495.95    0.0000    0.0009    0.0000
   7496.98    0.0000    0.0009    0.0000
   7498.02    0.0000    0.0009    0.0000
   7499.05    0.0000    0.0009    0.0000
   7500.08    0.0000    0.0009    0.0000
   7501.11    0.0000    0.0009    0.0000
   7502.15    0.0000    0.0009    0.0000
   7503.18    0.0000    0.0009    0.0000
   7504.21    0.0000    0.0009    0.0001
   7505.24    0.0000    0.0009    0.0001
   7506.28    0.0000    0.0009    0.0001
   7507.31    0.0000    0.0009    0.0001
   7508.34    0.0000    0.0009    0.0001
   7509.37    0.0000    0.0009    0.0001
   7510.41    0.0000    0.0009    0.0001
   7511.44    0.0000    0.0009    0.0001
   7512.47    0.0000    0.0009    0.0001
   7513.50    0.0000    0.0009    0.0001
   7514.54    0.0000    0.0009    0.0001
   7515.57    0.0000    0.0009    0.0001
   7516.60    0.0000    0.0009    0.0001
   7517.63    0.0000    0.0009    0.0001
   7518.67    0.0000    0.0009    0.0002
   7519.70    0.0000    0.0009    0.0002
   7520.73    0.0000    0.0009    0.0002
   7521.76    0.0000    0.0009    0.0002
   7522.80    0.0000    0.0009    0.0002
   7523.83    0.0000    0.0009    0.0002
   7524.86    0.0000    0.0009    0.0002
   7525.89    0.0000    0.0009    0.0002
   7526.93    0.0000    0.0009    0.0002
   7527.96    0.0000    0.0009    0.0002
   7528.99    0.0000    0.0009    0.0002
   7530.02    0.0000    0.0009    0.0002
   7531.06    0.0000    0.0009    0.0002
   7532.09    0.0000    0.0009    0.0003
   7533.12    0.0000    0.0009    0.0003
   7534.15    0.0000    0.0009    0.0003
   7535.19    0.0000    0.0009    0.0003
   7536.22    0.0000    0.0009    0.0003
   7537.25    0.0000    0.0009    0.0003
   7538.28    0.0000    0.0009    0.0003
   7539.32    0.0000    0.0009    0.0003
   7540.35    0.0000    0.0009    0.0003
   7541.38    0.0000    0.0009    0.0003
   7542.41    0.0000    0.0009    0.0003
   7543.45    0.0000    0.0009    0.0003
   7544.48    0.0000    0.0009    0.0003
   7545.51    0.0000    0.0009    0.0003
   7546.54    0.0000    0.0009    0.0004
   7547.58    0.0000    0.0009    0.0004
   7548.61    0.0000    0.0009    0.0004
   7549.64    0.0000    0.0009    0.0004
   7550.67    0.0000    0.0009    0.0004
   7551.71    0.0000    0.0009    0.0004
   7552.74    0.0000    0.0009    0.0004
   7553.77    0.0000    0.0009    0.0004
   7554.80    0.0000    0.0009    0.0004
   7555.84    0.0000    0.0009    0.0004
   7556.87    0.0000    0.0009    0.0004
   7557.90    0.0000    0.0009    0.0004
   7558.93    0.0000    0.0009    0.0004
   7559.97    0.0000    0.0009    0.0004
   7561.00    0.0000    0.0009    0.0004
   7562.03    0.0000    0.0009    0.0004
   7563.06    0.0000    0.0009    0.0004
   7564.10    0.0000    0.0009    0.0004
   7565.13    0.0000    0.0009    0.0005
   7566.16    0.0000    0.0009    0.0005
   7567.19    0.0000    0.0009    0.0005
   7568.23    0.0000    0.0009    0.0005
   7569.26    0.0000    0.0009    0.0005
   7570.29    0.0000    0.0009    0.0005
   7571.32    0.0000    0.0009    0.0005
   7572.36    0.0000    0.0009    0.0005
   7573.39    0.0000    0.0009    0.0005
   7574.42    0.0000    0.0009    0.0005
   7575.45    0.0000    0.0009    0.0005
   7576.49    0.0000    0.0009    0.0005
   7577.52    0.0000    0.0009    0.0005
   7578.55    0.0000    0.0009    0.0005
   7579.58    0.0000    0.0010    0.0005
   7580.62    0.0000    0.0010    0.0005
   7581.65    0.0000    0.0010    0.0005
   7582.68    0.0000    0.0010    0.0005
   7583.71    0.0000    0.0010    0.0005
   7584.75    0.0000    0.0009    0.0005
   7585.78    0.0000    0.0009    0.0005
   7586.81    0.0000    0.0009    0.0005
   7587.84    0.0000    0.0009    0.0005
   7588.88    0.0000    0.0009    0.0005
   7589.91    0.0000    0.0009    0.0005
   7590.94    0.0000    0.0009    0.0005
   7591.97    0.0000    0.0009    0.0005
   7593.01    0.0000    0.0009    0.0005
   7594.04    0.0000    0.0009    0.0005
   7595.07    0.0000    0.0009    0.0005
   7596.10    0.0000    0.0009    0.0005
   7597.14    0.0000    0.0009    0.0005
   7598.17    0.0000    0.0009    0.0005
   7599.20    0.0000    0.0009    0.0005
   7600.23    0.0000    0.0009    0.0005
   7601.27    0.0000    0.0009    0.0005
   7602.30    0.0000    0.0009    0.0005
   7603.33    0.0000    0.0009    0.0005
   7604.36    0.0000    0.0009    0.0005
   7605.40    0.0000    0.0009    0.0005
   7606.43    0.0000    0.0009    0.0005
   7607.46    0.0000    0.0009    0.0005
   7608.49    0.0000    0.0009    0.0005
   7609.53    0.0000    0.0009    0.0005
   7610.56    0.0000    0.0009    0.0005
   7611.59    0.0000    0.0009    0.0005
   7612.62    0.0000    0.0009    0.0005
   7613.66    0.0000    0.0009    0.0005
   7614.69    0.0000    0.0009    0.0005
   7615.72    0.0000    0.0009    0.0005
   7616.75    0.0000    0.0009    0.0005
   7617.79    0.0000    0.0009    0.0005
   7618.82    0.0000    0.0009    0.0005
   7619.85    0.0000    0.0008    0.0004
   7620.88    0.0000    0.0008    0.0004
   7621.92    0.0000    0.0008    0.0004
   7622.95    0.0000    0.0008    0.0004
   7623.98    0.0000    0.0008    0.0004
   7625.01    0.0000    0.0008    0.0004
   7626.05    0.0000    0.0008    0.0004
   7627.08    0.0000    0.0008    0.0004
   7628.11    0.0000    0.0008    0.0004
   7629.14    0.0000    0.0008    0.0004
   7630.18    0.0000    0.0008    0.0004
   7631.21    0.0000    0.0008    0.0004
   7632.24    0.0000    0.0008    0.0004
   7633.27    0.0000    0.0008    0.0004
   7634.31    0.0000    0.0007    0.0004
   7635.34    0.0000    0.0007    0.0004
   7636.37    0.0000    0.0007    0.0004
   7637.40    0.0000    0.0007    0.0004
   7638.44    0.0000    0.0007    0.0004
   7639.47    0.0000    0.0007    0.0004
   7640.50    0.0000    0.0007    0.0004
   7641.53    0.0000    0.0007    0.0004
   7642.57    0.0000    0.0007    0.0004
   7643.60    0.0000    0.0007    0.0004
   7644.63    0.0000    0.0007    0.0004
   7645.66    0.0000    0.0007    0.0004
   7646.70    0.0000    0.0007    0.0004
   7647.73    0.0000    0.0006    0.0003
   7648.76    0.0000    0.0006    0.0003
   7649.79    0.0000    0.0006    0.0003
   7650.83    0.0000    0.0006    0.0003
   7651.86    0.0000    0.0006    0.0003
   7652.89    0.0000    0.0006    0.0003
   7653.92    0.0000    0.0006    0.0003
   7654.96    0.0000    0.0006    0.0003
   7655.99    0.0000    0.0006    0.0003
   7657.02    0.0000    0.0006    0.0003
   7658.05    0.0000    0.0006    0.0003
   7659.09    0.0000    0.0005    0.0003
   7660.12    0.0000    0.0005    0.0003
   7661.15    0.0000    0.0005    0.0003
   7662.18    0.0000    0.0005    0.0003
   7663.22    0.0000    0.0005    0.0003
   7664.25    0.0000    0.0005    0.0003
   7665.28    0.0000    0.0005    0.0003
   7666.31    0.0000    0.0005    0.0003
   7667.35    0.0000    0.0005    0.0003
   7668.38    0.0000    0.0004    0.0003
   7669.41    0.0000    0.0004    0.0003
   7670.44    0.0000    0.0004    0.0003
   7671.48    0.0000    0.0004    0.0003
   7672.51    0.0000    0.0004    0.0003
   7673.54    0.0000    0.0004    0.0003
   7674.57    0.0000    0.0004    0.0003
   7675.61    0.0000    0.0004    0.0003
   7676.64    0.0000    0.0004    0.0003
   7677.67    0.0000    0.0004    0.0003
   7678.70    0.0000    0.0003    0.0003
   7679.74    0.0000    0.0003    0.0003
   7680.77    0.0000    0.0003    0.0003
   7681.80    0.0000    0.0003    0.0003
   7682.83    0.0000    0.0003    0.0003
   7683.87    0.0000    0.0003    0.0004
   7684.90    0.0000    0.0003    0.0004
   7685.93    0.0000    0.0003    0.0004
   7686.96    0.0000    0.0002    0.0004
   7688.00    0.0000    0.0002    0.0004
   7689.03    0.0000    0.0002    0.0004
   7690.06    0.0000    0.0002    0.0004
   7691.09    0.0000    0.0002    0.0004
   7692.13    0.0000    0.0002    0.0004
   7693.16    0.0000    0.0002    0.0004
   7694.19    0.0000    0.0002    0.0004
   7695.22    0.0000    0.0002    0.0004
   7696.26    0.0000    0.0002    0.0004
   7697.29    0.0000    0.0001    0.0004
   7698.32    0.0000    0.0001    0.0004
   7699.35    0.0000    0.0001    0.0004
   7700.39    0.0000    0.0001    0.0004
   7701.42    0.0000    0.0001    0.0004
   7702.45    0.0000    0.0001    0.0004
   7703.48    0.0000    0.0001    0.0004
   7704.52    0.0000    0.0001    0.0004
   7705.55    0.0000    0.0000    0.0005
   7706.58    0.0000    0.0000    0.0005
   7707.61    0.0000    0.0000    0.0005
   7708.65    0.0000    0.0000    0.0005
   7709.68    0.0000   -0.0000    0.0005
   7710.71    0.0000   -0.0000    0.0005
   7711.74    0.0000   -0.0000    0.0005
   7712.78    0.0000   -0.0000    0.0005
   7713.81    0.0000   -0.0000    0.0005
   7714.84    0.0000   -0.0000    0.0005
   7715.87    0.0000   -0.0001    0.0005
   7716.91    0.0000   -0.0001    0.0005
   7717.94    0.0000   -0.0001    0.0005
   7718.97    0.0000   -0.0001    0.0006
   7720.00    0.0000   -0.0001    0.0006
   7721.04    0.0000   -0.0001    0.0006
   7722.07    0.0000   -0.0001    0.0006
   7723.10    0.0000   -0.0001    0.0006
   7724.13    0.0000   -0.0001    0.0006
   7725.17    0.0000   -0.0001    0.0006
   7726.20    0.0000   -0.0002    0.0006
   7727.23    0.0000   -0.0002    0.0006
   7728.26    0.0000   -0.0002    0.0006
   7729.30    0.0000   -0.0002    0.0006
   7730.33    0.0000   -0.0002    0.0006
   7731.36    0.0000   -0.0002    0.0006
   7732.39    0.0000   -0.0002    0.0006
   7733.43    0.0000   -0.0002    0.0006
   7734.46    0.0000   -0.0003    0.0006
   7735.49    0.0000   -0.0003    0.0006
   7736.52    0.0000   -0.0003    0.0007
   7737.56    0.0000   -0.0003    0.0007
   7738.59    0.0000   -0.0003    0.0007
   7739.62    0.0000   -0.0003    0.0007
   7740.65    0.0000   -0.0003    0.0007
   7741.69    0.0000   -0.0004    0.0007
   7742.72    0.0000   -0.0004    0.0007
   7743.75    0.0000   -0.0004    0.0007
   7744.78    0.0000   -0.0004    0.0007
   7745.82    0.0000   -0.0004    0.0007
   7746.85    0.0000   -0.0004    0.0007
   7747.88    0.0000   -0.0004    0.0007
   7748.91    0.0000   -0.0004    0.0007
   7749.95    0.0000   -0.0004    0.0008
   7750.98    0.0000   -0.0005    0.0008
   7752.01    0.0000   -0.0005    0.0008
   7753.04    0.0000   -0.0005    0.0008
   7754.08    0.0000   -0.0005    0.0008
   7755.11    0.0000   -0.0005    0.0008
   7756.14    0.0000   -0.0005    0.0008
   7757.17    0.0000   -0.0005    0.0008
   7758.21    0.0000   -0.0005    0.0008
   7759.24    0.0000   -0.0005    0.0008
   7760.27    0.0000   -0.0006    0.0008
   7761.30    0.0000   -0.0006    0.0009
   7762.34    0.0000   -0.0006    0.0009
   7763.37    0.0000   -0.0006    0.0009
   7764.40    0.0000   -0.0006    0.0009
   7765.43    0.0000   -0.0006    0.0009
   7766.47    0.0000   -0.0006    0.0009
   7767.50    0.0000   -0.0006    0.0009
   7768.53    0.0000   -0.0007    0.0009
   7769.56    0.0000   -0.0007    0.0009
   7770.60    0.0000   -0.0007    0.0009
   7771.63    0.0000   -0.0007    0.0009
   7772.66    0.0000   -0.0007    0.0009
   7773.69    0.0000   -0.0007    0.0009
   7774.73    0.0000   -0.0008    0.0009
   7775.76    0.0000   -0.0008    0.0009
   7776.79    0.0000   -0.0008    0.0009
   7777.82    0.0000   -0.0008    0.0010
   7778.86    0.0000   -0.0008    0.0010
   7779.89    0.0000   -0.0008    0.0010
   7780.92    0.0000   -0.0009    0.0010
   7781.95    0.0000   -0.0009    0.0010
   7782.99    0.0000   -0.0009    0.0010
   7784.02    0.0000   -0.0009    0.0010
   7785.05    0.0000   -0.0009    0.0010
   7786.08    0.0000   -0.0009    0.0010
   7787.12    0.0000   -0.0010    0.0010
   7788.15    0.0000   -0.0010    0.0010
   7789.18    0.0000   -0.0010    0.0010
   7790.21    0.0000   -0.0010    0.0010
   7791.25    0.0000   -0.0010    0.0010
   7792.28    0.0000   -0.0010    0.0010
   7793.31    0.0000   -0.0010    0.0010
   7794.34    0.0000   -0.0010    0.0010
   7795.38    0.0000   -0.0011    0.0011
   7796.41    0.0000   -0.0011    0.0011
   7797.44    0.0000   -0.0011    0.0011
   7798.47    0.0000   -0.0011    0.0011
   7799.51    0.0000   -0.0011    0.0011
   7800.54    0.0000   -0.0011    0.0011
   7801.57    0.0000   -0.0011    0.0011
   7802.60    0.0000   -0.0011    0.0011
   7803.64    0.0000   -0.0011    0.0011
   7804.67    0.0000   -0.0011    0.0011
   7805.70    0.0000   -0.0011    0.0011
   7806.73    0.0000   -0.0012    0.0011
   7807.77    0.0000   -0.0012    0.0011
   7808.80    0.0000   -0.0012    0.0011
   7809.83    0.0000   -0.0012    0.0011
   7810.86    0.0000   -0.0012    0.0011
   7811.90    0.0000   -0.0012    0.0011
   7812.93    0.0000   -0.0012    0.0011
   7813.96    0.0000   -0.0012    0.0011
   7814.99    0.0000   -0.0012    0.0011
   7816.03    0.0000   -0.0012    0.0012
   7817.06    0.0000   -0.0012    0.0012
   7818.09    0.0000   -0.0013    0.0012
   7819.12    0.0000   -0.0013    0.0012
   7820.16    0.0000   -0.0013    0.0012
   7821.19    0.0000   -0.0013    0.0012
   7822.22    0.0000   -0.0013    0.0012
   7823.25    0.0000   -0.0013    0.0012
   7824.29    0.0000   -0.0013    0.0012
   7825.32    0.0000   -0.0013    0.0012
   7826.35    0.0000   -0.0014    0.0012
   7827.38    0.0000   -0.0014    0.0012
   7828.42    0.0000   -0.0014    0.0012
   7829.45    0.0000   -0.0014    0.0012
   7830.48    0.0000   -0.0014    0.0012
   7831.51    0.0000   -0.0014    0.0012
   7832.55    0.0000   -0.0015    0.0012
   7833.58    0.0000   -0.0015    0.0012
   7834.61    0.0000   -0.0015    0.0012
   7835.64    0.0000   -0.0015    0.0012
   7836.68    0.0000   -0.0015    0.0013
   7837.71    0.0000   -0.0015    0.0013
   7838.74    0.0000   -0.0015    0.0013
   7839.77    0.0000   -0.0015    0.0013
   7840.81    0.0000   -0.0016    0.0013
   7841.84    0.0000   -0.0016    0.0013
   7842.87    0.0000   -0.0016    0.0013
   7843.90    0.0000   -0.0016    0.0013
   7844.94    0.0000   -0.0016    0.0013
   7845.97    0.0000   -0.0016    0.0013
   7847.00    0.0000   -0.0016    0.0013
   7848.03    0.0000   -0.0016    0.0014
   7849.07    0.0000   -0.0016    0.0014
   7850.10    0.0000   -0.0016    0.0014
   7851.13    0.0000   -0.0016    0.0014
   7852.16    0.0000   -0.0016    0.0014
   7853.20    0.0000   -0.0017    0.0014
   7854.23    0.0000   -0.0017    0.0014
   7855.26    0.0000   -0.0017    0.0014
   7856.29    0.0000   -0.0017    0.0014
   7857.33    0.0000   -0.0017    0.0014
   7858.36    0.0000   -0.0017    0.0014
   7859.39    0.0000   -0.0017    0.0015
   7860.42    0.0000   -0.0017    0.0015
   7861.46    0.0000   -0.0017    0.0015
   7862.49    0.0000   -0.0017    0.0015
   7863.52    0.0000   -0.0017    0.0015
   7864.55    0.0000   -0.0017    0.0015
   7865.59    0.0000   -0.0017    0.0015
   7866.62    0.0000   -0.0017    0.0015
   7867.65    0.0000   -0.0017    0.0015
   7868.68    0.0000   -0.0017    0.0015
   7869.72    0.0000   -0.0018    0.0015
   7870.75    0.0000   -0.0018    0.0015
   7871.78    0.0000   -0.0018    0.0015
   7872.81    0.0000   -0.0018    0.0015
   7873.85    0.0000   -0.0018    0.0015
   7874.88    0.0000   -0.0018    0.0015
   7875.91    0.0000   -0.0018    0.0015
   7876.94    0.0000   -0.0018    0.0015
   7877.98    0.0000   -0.0018    0.0015
   7879.01    0.0000   -0.0018    0.0016
   7880.04    0.0000   -0.0019    0.0016
   7881.07    0.0000   -0.0019    0.0016
   7882.11    0.0000   -0.0019    0.0016
   7883.14    0.0000   -0.0019    0.0016
   7884.17    0.0000   -0.0019    0.0016
   7885.20    0.0000   -0.0019    0.0016
   7886.24    0.0000   -0.0019    0.0016
   7887.27    0.0000   -0.0019    0.0016
   7888.30    0.0000   -0.0019    0.0016
   7889.33    0.0000   -0.0019    0.0016
   7890.37    0.0000   -0.0019    0.0016
   7891.40    0.0000   -0.0019    0.0016
   7892.43    0.0000   -0.0019    0.0017
   7893.46    0.0000   -0.0020    0.0017
   7894.50    0.0000   -0.0020    0.0017
   7895.53    0.0000   -0.0020    0.0017
   7896.56    0.0000   -0.0020    0.0017
   7897.59    0.0000   -0.0020    0.0017
   7898.63    0.0000   -0.0020    0.0017
   7899.66    0.0000   -0.0020    0.0017
   7900.69    0.0000   -0.0020    0.0017
   7901.72    0.0000   -0.0020    0.0017
   7902.76    0.0000   -0.0020    0.0017
   7903.79    0.0000   -0.0020    0.0018
   7904.82    0.0000   -0.0020    0.0018
   7905.85    0.0000   -0.0020    0.0018
   7906.89    0.0000   -0.0020    0.0018
   7907.92    0.0000   -0.0020    0.0018
   7908.95    0.0000   -0.0020    0.0018
   7909.98    0.0000   -0.0020    0.0018
   7911.02    0.0000   -0.0020    0.0018
   7912.05    0.0000   -0.0020    0.0018
   7913.08    0.0000   -0.0020    0.0018
   7914.11    0.0000   -0.0021    0.0018
   7915.15    0.0000   -0.0021    0.0018
   7916.18    0.0000   -0.0021    0.0018
   7917.21    0.0000   -0.0021    0.0018
   7918.24    0.0000   -0.0021    0.0018
   7919.28    0.0000   -0.0021    0.0018
   7920.31    0.0000   -0.0021    0.0018
   7921.34    0.0000   -0.0021    0.0018
   7922.37    0.0000   -0.0021    0.0018
   7923.41    0.0000   -0.0021    0.0018
   7924.44    0.0000   -0.0021    0.0018
   7925.47    0.0000   -0.0021    0.0018
   7926.50    0.0000   -0.0021    0.0018
   7927.54    0.0000   -0.0022    0.0019
   7928.57    0.0000   -0.0022    0.0019
   7929.60    0.0000   -0.0022    0.0019
   7930.63    0.0000   -0.0022    0.0019
   7931.67    0.0000   -0.0022    0.0019
   7932.70    0.0000   -0.0022    0.0019
   7933.73    0.0000   -0.0022    0.0019
   7934.76    0.0000   -0.0022    0.0019
   7935.80    0.0000   -0.0022    0.0019
   7936.83    0.0000   -0.0022    0.0019
   7937.86    0.0000   -0.0022    0.0019
   7938.89    0.0000   -0.0022    0.0019
   7939.93    0.0000   -0.0022    0.0019
   7940.96    0.0000   -0.0022    0.0019
   7941.99    0.0000   -0.0022    0.0019
   7943.02    0.0000   -0.0022    0.0019
   7944.06    0.0000   -0.0023    0.0019
   7945.09    0.0000   -0.0023    0.0019
   7946.12    0.0000   -0.0023    0.0019
   7947.15    0.0000   -0.0023    0.0019
   7948.19    0.0000   -0.0023    0.0019
   7949.22    0.0000   -0.0023    0.0019
   7950.25    0.0000   -0.0023    0.0019
   7951.28    0.0000   -0.0023    0.0020
   7952.32    0.0000   -0.0023    0.0020
   7953.35    0.0000   -0.0023    0.0020
   7954.38    0.0000   -0.0023    0.0020
   7955.41    0.0000   -0.0024    0.0020
   7956.45    0.0000   -0.0024    0.0020
   7957.48    0.0000   -0.0024    0.0020
   7958.51    0.0000   -0.0024    0.0020
   7959.54    0.0000   -0.0024    0.0020
   7960.58    0.0000   -0.0024    0.0020
   7961.61    0.0000   -0.0024    0.0020
   7962.64    0.0000   -0.0024    0.0020
   7963.67    0.0000   -0.0024    0.0020
   7964.71    0.0000   -0.0024    0.0021
   7965.74    0.0000   -0.0024    0.0021
   7966.77    0.0000   -0.0024    0.0021
   7967.80    0.0000   -0.0025    0.0021
   7968.84    0.0000   -0.0025    0.0021
   7969.87    0.0000   -0.0025    0.0021
   7970.90    0.0000   -0.0025    0.0021
   7971.93    0.0000   -0.0025    0.0021
   7972.97    0.0000   -0.0025    0.0021
   7974.00    0.0000   -0.0025    0.0021
   7975.03    0.0000   -0.0025    0.0021
   7976.06    0.0000   -0.0025    0.0021
   7977.10    0.0000   -0.0025    0.0021
   7978.13    0.0000   -0.0026    0.0021
   7979.16    0.0000   -0.0026    0.0021
   7980.19    0.0000   -0.0026    0.0022
   7981.23    0.0000   -0.0026    0.0022
   7982.26    0.0000   -0.0026    0.0022
   7983.29    0.0000   -0.0026    0.0022
   7984.32    0.0000   -0.0026    0.0022
   7985.36    0.0000   -0.0026    0.0022
   7986.39    0.0000   -0.0026    0.0022
   7987.42    0.0000   -0.0026    0.0022
   7988.45    0.0000   -0.0027    0.0022
   7989.49    0.0000   -0.0027    0.0022
   7990.52    0.0000   -0.0027    0.0022
   7991.55    0.0000   -0.0027    0.0022
   7992.58    0.0000   -0.0027    0.0022
   7993.62    0.0000   -0.0027    0.0022
   7994.65    0.0000   -0.0027    0.0023
   7995.68    0.0000   -0.0028    0.0023
   7996.71    0.0000   -0.0028    0.0023
   7997.75    0.0000   -0.0028    0.0023
   7998.78    0.0000   -0.0028    0.0023
   7999.81    0.0000   -0.0028    0.0023
   8000.84    0.0000   -0.0028    0.0023
   8001.88    0.0000   -0.0028    0.0023
   8002.91    0.0000   -0.0028    0.0023
   8003.94    0.0000   -0.0028    0.0024
   8004.97    0.0000   -0.0029    0.0024
   8006.01    0.0000   -0.0029    0.0024
   8007.04    0.0000   -0.0029    0.0024
   8008.07    0.0000   -0.0029    0.0024
   8009.10    0.0000   -0.0029    0.0024
   8010.14    0.0000   -0.0029    0.0024
   8011.17    0.0000   -0.0029    0.0024
   8012.20    0.0000   -0.0029    0.0024
   8013.23    0.0000   -0.0029    0.0024
   8014.27    0.0000   -0.0030    0.0024
   8015.30    0.0000   -0.0030    0.0025
   8016.33    0.0000   -0.0030    0.0025
   8017.36    0.0000   -0.0030    0.0025
   8018.40    0.0000   -0.0030    0.0025
   8019.43    0.0000   -0.0030    0.0025
   8020.46    0.0000   -0.0030    0.0025
   8021.49    0.0000   -0.0030    0.0025
   8022.53    0.0000   -0.0030    0.0025
   8023.56    0.0000   -0.0031    0.0025
   8024.59    0.0000   -0.0031    0.0025
   8025.62    0.0000   -0.0031    0.0025
   8026.66    0.0000   -0.0031    0.0025
   8027.69    0.0000   -0.0031    0.0026
   8028.72    0.0000   -0.0031    0.0026
   8029.75    0.0000   -0.0031    0.0026
   8030.79    0.0000   -0.0031    0.0026
   8031.82    0.0000   -0.0031    0.0026
   8032.85    0.0000   -0.0031    0.0026
   8033.88    0.0000   -0.0032    0.0026
   8034.92    0.0000   -0.0032    0.0026
   8035.95    0.0000   -0.0032    0.0026
   8036.98    0.0000   -0.0032    0.0026
   8038.01    0.0000   -0.0032    0.0026
   8039.05    0.0000   -0.0032    0.0026
   8040.08    0.0000   -0.0032    0.0026
   8041.11    0.0000   -0.0032    0.0026
   8042.14    0.0000   -0.0033    0.0026
   8043.18    0.0000   -0.0033    0.0026
   8044.21    0.0000   -0.0033    0.0027
   8045.24    0.0000   -0.0033    0.0027
   8046.27    0.0000   -0.0033    0.0027
   8047.31    0.0000   -0.0033    0.0027
   8048.34    0.0000   -0.0033    0.0027
   8049.37    0.0000   -0.0033    0.0027
   8050.40    0.0000   -0.0034    0.0027
   8051.44    0.0000   -0.0034    0.0027
   8052.47    0.0000   -0.0034    0.0027
   8053.50    0.0000   -0.0034    0.0027
   8054.53    0.0000   -0.0034    0.0027
   8055.57    0.0000   -0.0034    0.0027
   8056.60    0.0000   -0.0034    0.0027
   8057.63    0.0000   -0.0034    0.0027
   8058.66    0.0000   -0.0034    0.0027
   8059.70    0.0000   -0.0034    0.0027
   8060.73    0.0000   -0.0034    0.0027
   8061.76    0.0000   -0.0034    0.0027
   8062.79    0.0000   -0.0034    0.0027
   8063.83    0.0000   -0.0034    0.0027
   8064.86    0.0000   -0.0035    0.0027
   8065.89    0.0000   -0.0035    0.0027
   8066.92    0.0000   -0.0035    0.0027
   8067.96    0.0000   -0.0035    0.0027
   8068.99    0.0000   -0.0035    0.0027
   8070.02    0.0000   -0.0035    0.0027
   8071.05    0.0000   -0.0035    0.0027
   8072.09    0.0000   -0.0035    0.0027
   8073.12    0.0000   -0.0035    0.0027
   8074.15    0.0000   -0.0035    0.0027
   8075.18    0.0000   -0.0035    0.0027
   8076.22    0.0000   -0.0035    0.0027
   8077.25    0.0000   -0.0035    0.0027
   8078.28    0.0000   -0.0035    0.0027
   8079.31    0.0000   -0.0035    0.0027
   8080.35    0.0000   -0.0035    0.0027
   8081.38    0.0000   -0.0035    0.0027
   8082.41    0.0000   -0.0035    0.0027
   8083.44    0.0000   -0.0035    0.0027
   8084.48    0.0000   -0.0035    0.0027
   8085.51    0.0000   -0.0035    0.0027
   8086.54    0.0000   -0.0035    0.0028
   8087.57    0.0000   -0.0035    0.0028
   8088.61    0.0000   -0.0035    0.0028
   8089.64    0.0000   -0.0035    0.0028
   8090.67    0.0000   -0.0035    0.0028
   8091.70    0.0000   -0.0035    0.0028
   8092.74    0.0000   -0.0035    0.0028
   8093.77    0.0000   -0.0035    0.0028
   8094.80    0.0000   -0.0035    0.0028
   8095.83    0.0000   -0.0035    0.0028
   8096.87    0.0000   -0.0035    0.0028
   8097.90    0.0000   -0.0035    0.0028
   8098.93    0.0000   -0.0035    0.0028
   8099.96    0.0000   -0.0035    0.0028
   8101.00    0.0000   -0.0035    0.0028
   8102.03    0.0000   -0.0035    0.0028
   8103.06    0.0000   -0.0035    0.0028
   8104.09    0.0000   -0.0035    0.0028
   8105.13    0.0000   -0.0035    0.0028
   8106.16    0.0000   -0.0036    0.0028
   8107.19    0.0000   -0.0036    0.0028
   8108.22    0.0000   -0.0036    0.0028
   8109.26    0.0000   -0.0036    0.0028
   8110.29    0.0000   -0.0036    0.0028
   8111.32    0.0000   -0.0036    0.0028
   8112.35    0.0000   -0.0036    0.0028
   8113.39    0.0000   -0.0036    0.0028
   8114.42    0.0000   -0.0036    0.0028
   8115.45    0.0000   -0.0036    0.0028
   8116.48    0.0000   -0.0036    0.0028
   8117.52    0.0000   -0.0036    0.0028
   8118.55    0.0000   -0.0036    0.0028
   8119.58    0.0000   -0.0036    0.0028
   8120.61    0.0000   -0.0036    0.0028
   8121.65    0.0000   -0.0036    0.0028
   8122.68    0.0000   -0.0036    0.0028
   8123.71    0.0000   -0.0036    0.0028
   8124.74    0.0000   -0.0036    0.0028
   8125.78    0.0000   -0.0036    0.0028
   8126.81    0.0000   -0.0036    0.0028
   8127.84    0.0000   -0.0036    0.0029
   8128.87    0.0000   -0.0036    0.0029
   8129.91    0.0000   -0.0036    0.0029
   8130.94    0.0000   -0.0036    0.0029
   8131.97    0.0000   -0.0036    0.0029
   8133.00    0.0000   -0.0036    0.0029
   8134.04    0.0000   -0.0036    0.0029
   8135.07    0.0000   -0.0036    0.0029
   8136.10    0.0000   -0.0036    0.0029
   8137.13    0.0000   -0.0036    0.0029
   8138.17    0.0000   -0.0036    0.0029
   8139.20    0.0000   -0.0036    0.0029
   8140.23    0.0000   -0.0036    0.0029
   8141.26    0.0000   -0.0036    0.0029
   8142.30    0.0000   -0.0036    0.0029
   8143.33    0.0000   -0.0036    0.0029
   8144.36    0.0000   -0.0036    0.0029
   8145.39    0.0000   -0.0036    0.0029
   8146.43    0.0000   -0.0036    0.0029
   8147.46    0.0000   -0.0036    0.0029
   8148.49    0.0000   -0.0036    0.0029
   8149.52    0.0000   -0.0036    0.0029
   8150.56    0.0000   -0.0036    0.0029
   8151.59    0.0000   -0.0036    0.0029
   8152.62    0.0000   -0.0036    0.0029
   8153.65    0.0000   -0.0036    0.0029
   8154.69    0.0000   -0.0036    0.0029
   8155.72    0.0000   -0.0036    0.0029
   8156.75    0.0000   -0.0036    0.0030
   8157.78    0.0000   -0.0036    0.0030
   8158.82    0.0000   -0.0036    0.0030
   8159.85    0.0000   -0.0036    0.0030
   8160.88    0.0000   -0.0037    0.0030
   8161.91    0.0000   -0.0037    0.0030
   8162.95    0.0000   -0.0037    0.0030
   8163.98    0.0000   -0.0037    0.0030
   8165.01    0.0000   -0.0037    0.0030
   8166.04    0.0000   -0.0037    0.0030
   8167.08    0.0000   -0.0037    0.0030
   8168.11    0.0000   -0.0037    0.0030
   8169.14    0.0000   -0.0037    0.0030
   8170.17    0.0000   -0.0037    0.0030
   8171.21    0.0000   -0.0037    0.0030
   8172.24    0.0000   -0.0037    0.0030
   8173.27    0.0000   -0.0037    0.0030
   8174.30    0.0000   -0.0037    0.0030
   8175.34    0.0000   -0.0037    0.0030
   8176.37    0.0000   -0.0037    0.0030
   8177.40    0.0000   -0.0037    0.0030
   8178.43    0.0000   -0.0037    0.0030
   8179.47    0.0000   -0.0037    0.0030
   8180.50    0.0000   -0.0037    0.0031
   8181.53    0.0000   -0.0037    0.0031
   8182.56    0.0000   -0.0037    0.0031
   8183.60    0.0000   -0.0037    0.0031
   8184.63    0.0000   -0.0037    0.0031
   8185.66    0.0000   -0.0037    0.0031
   8186.69    0.0000   -0.0037    0.0031
   8187.73    0.0000   -0.0037    0.0031
   8188.76    0.0000   -0.0037    0.0031
   8189.79    0.0000   -0.0037    0.0031
   8190.82    0.0000   -0.0037    0.0031
   8191.86    0.0000   -0.0037    0.0031
   8192.89    0.0000   -0.0038    0.0031
   8193.92    0.0000   -0.0038    0.0031
   8194.95    0.0000   -0.0038    0.0031
   8195.99    0.0000   -0.0038    0.0031
   8197.02    0.0000   -0.0038    0.0031
   8198.05    0.0000   -0.0038    0.0031
   8199.08    0.0000   -0.0038    0.0031
   8200.12    0.0000   -0.0038    0.0031
   8201.15    0.0000   -0.0038    0.0031
   8202.18    0.0000   -0.0038    0.0032
   8203.21    0.0000   -0.0038    0.0032
   8204.25    0.0000   -0.0038    0.0032
   8205.28    0.0000   -0.0038    0.0032
   8206.31    0.0000   -0.0038    0.0032
   8207.34    0.0000   -0.0038    0.0032
   8208.38    0.0000   -0.0038    0.0032
   8209.41    0.0000   -0.0038    0.0032
   8210.44    0.0000   -0.0038    0.0032
   8211.47    0.0000   -0.0038    0.0032
   8212.51    0.0000   -0.0038    0.0032
   8213.54    0.0000   -0.0038    0.0032
   8214.57    0.0000   -0.0038    0.0032
   8215.60    0.0000   -0.0038    0.0032
   8216.64    0.0000   -0.0038    0.0032
   8217.67    0.0000   -0.0038    0.0032
   8218.70    0.0000   -0.0038    0.0032
   8219.73    0.0000   -0.0038    0.0032
   8220.77    0.0000   -0.0038    0.0032
   8221.80    0.0000   -0.0038    0.0032
   8222.83    0.0000   -0.0038    0.0032
   8223.86    0.0000   -0.0038    0.0032
   8224.90    0.0000   -0.0038    0.0032
   8225.93    0.0000   -0.0038    0.0032
   8226.96    0.0000   -0.0038    0.0032
   8227.99    0.0000   -0.0038    0.0032
   8229.03    0.0000   -0.0038    0.0032
   8230.06    0.0000   -0.0038    0.0032
   8231.09    0.0000   -0.0038    0.0032
   8232.12    0.0000   -0.0038    0.0032
   8233.16    0.0000   -0.0038    0.0032
   8234.19    0.0000   -0.0038    0.0032
   8235.22    0.0000   -0.0038    0.0032
   8236.25    0.0000   -0.0038    0.0032
   8237.29    0.0000   -0.0038    0.0032
   8238.32    0.0000   -0.0038    0.0032
   8239.35    0.0000   -0.0038    0.0032
   8240.38    0.0000   -0.0038    0.0032
   8241.42    0.0000   -0.0038    0.0032
   8242.45    0.0000   -0.0038    0.0032
   8243.48    0.0000   -0.0038    0.0032
   8244.51    0.0000   -0.0038    0.0032
   8245.55    0.0000   -0.0038    0.0032
   8246.58    0.0000   -0.0038    0.0032
   8247.61    0.0000   -0.0038    0.0032
   8248.64    0.0000   -0.0038    0.0032
   8249.68    0.0000   -0.0038    0.0032
   8250.71    0.0000   -0.0038    0.0032
   8251.74    0.0000   -0.0038    0.0032
   8252.77    0.0000   -0.0038    0.0032
   8253.81    0.0000   -0.0038    0.0032
   8254.84    0.0000   -0.0038    0.0032
   8255.87    0.0000   -0.0038    0.0032
   8256.90    0.0000   -0.0038    0.0032
   8257.94    0.0000   -0.0038    0.0032
   8258.97    0.0000   -0.0038    0.0032
   8260.00    0.0000   -0.0038    0.0032
   8261.03    0.0000   -0.0038    0.0032
   8262.07    0.0000   -0.0038    0.0032
   8263.10    0.0000   -0.0038    0.0032
   8264.13    0.0000   -0.0038    0.0032
   8265.16    0.0000   -0.0038    0.0032
   8266.20    0.0000   -0.0038    0.0032
   8267.23    0.0000   -0.0038    0.0032
   8268.26    0.0000   -0.0038    0.0032
   8269.29    0.0000   -0.0038    0.0032
   8270.33    0.0000   -0.0038    0.0032
   8271.36    0.0000   -0.0038    0.0032
   8272.39    0.0000   -0.0038    0.0032
   8273.42    0.0000   -0.0038    0.0032
   8274.46    0.0000   -0.0038    0.0032
   8275.49    0.0000   -0.0038    0.0033
   8276.52    0.0000   -0.0038    0.0033
   8277.55    0.0000   -0.0038    0.0033
   8278.59    0.0000   -0.0038    0.0033
   8279.62    0.0000   -0.0038    0.0033
   8280.65    0.0000   -0.0038    0.0033
   8281.68    0.0000   -0.0038    0.0033
   8282.72    0.0000   -0.0038    0.0033
   8283.75    0.0000   -0.0038    0.0033
   8284.78    0.0000   -0.0038    0.0033
   8285.81    0.0000   -0.0038    0.0033
   8286.85    0.0000   -0.0038    0.0033
   8287.88    0.0000   -0.0037    0.0033
   8288.91    0.0000   -0.0037    0.0033
   8289.94    0.0000   -0.0037    0.0033
   8290.98    0.0000   -0.0037    0.0033
   8292.01    0.0000   -0.0037    0.0033
   8293.04    0.0000   -0.0037    0.0033
   8294.07    0.0000   -0.0037    0.0033
   8295.11    0.0000   -0.0037    0.0033
   8296.14    0.0000   -0.0037    0.0033
   8297.17    0.0000   -0.0037    0.0033
   8298.20    0.0000   -0.0037    0.0033
   8299.24    0.0000   -0.0037    0.0034
   8300.27    0.0000   -0.0037    0.0034
   8301.30    0.0000   -0.0037    0.0034
   8302.33    0.0000   -0.0037    0.0033
