     #Time      Norm      Real      Imag
   7386.51    0.0000    0.0000    0.0000
   7387.54    0.0000    0.0000    0.0000
   7388.57    0.0000    0.0000    0.0000
   7389.60    0.0000    0.0000    0.0000
   7390.64    0.0000    0.0000    0.0000
   7391.67    0.0000    0.0000    0.0001
   7392.70    0.0000    0.0000    0.0001
   7393.73    0.0000    0.0000    0.0001
   7394.77    0.0000    0.0000    0.0001
   7395.80    0.0000    0.0000    0.0001
   7396.83    0.0000    0.0000    0.0001
   7397.86    0.0000    0.0000    0.0001
   7398.90    0.0000    0.0000    0.0001
   7399.93    0.0000    0.0001    0.0001
   7400.96    0.0000    0.0001    0.0001
   7401.99    0.0000    0.0001    0.0001
   7403.03    0.0000    0.0001    0.0002
   7404.06    0.0000    0.0001    0.0002
   7405.09    0.0000    0.0001    0.0002
   7406.12    0.0000    0.0001    0.0002
   7407.16    0.0000    0.0001    0.0002
   7408.19    0.0000    0.0001    0.0002
   7409.22    0.0000    0.0001    0.0002
   7410.25    0.0000    0.0001    0.0002
   7411.29    0.0000    0.0001    0.0002
   7412.32    0.0000    0.0001    0.0002
   7413.35    0.0000    0.0001    0.0002
   7414.38    0.0000    0.0001    0.0002
   7415.42    0.0000    0.0002    0.0003
   7416.45    0.0000    0.0002    0.0003
   7417.48    0.0000    0.0002    0.0003
   7418.51    0.0000    0.0002    0.0003
   7419.55    0.0000    0.0002    0.0003
   7420.58    0.0000    0.0002    0.0003
   7421.61    0.0000    0.0002    0.0003
   7422.64    0.0000    0.0002    0.0003
   7423.68    0.0000    0.0002    0.0003
   7424.71    0.0000    0.0002    0.0003
   7425.74    0.0000    0.0002    0.0003
   7426.77    0.0000    0.0002    0.0003
   7427.81    0.0000    0.0002    0.0003
   7428.84    0.0000    0.0002    0.0003
   7429.87    0.0000    0.0002    0.0004
   7430.90    0.0000    0.0003    0.0004
   7431.94    0.0000    0.0003    0.0004
   7432.97    0.0000    0.0003    0.0004
   7434.00    0.0000    0.0003    0.0004
   7435.03    0.0000    0.0003    0.0004
   7436.07    0.0000    0.0003    0.0004
   7437.10    0.0000    0.0003    0.0004
   7438.13    0.0000    0.0003    0.0004
   7439.16    0.0000    0.0003    0.0004
   7440.20    0.0000    0.0003    0.0004
   7441.23    0.0000    0.0003    0.0004
   7442.26    0.0000    0.0003    0.0004
   7443.29    0.0000    0.0003    0.0004
   7444.33    0.0000    0.0003    0.0004
   7445.36    0.0000    0.0003    0.0004
   7446.39    0.0000    0.0003    0.0004
   7447.42    0.0000    0.0003    0.0004
   7448.46    0.0000    0.0003    0.0004
   7449.49    0.0000    0.0003    0.0004
   7450.52    0.0000    0.0003    0.0004
   7451.55    0.0000    0.0003    0.0004
   7452.59    0.0000    0.0003    0.0004
   7453.62    0.0000    0.0003    0.0005
   7454.65    0.0000    0.0003    0.0005
   7455.68    0.0000    0.0003    0.0005
   7456.72    0.0000    0.0003    0.0005
   7457.75    0.0000    0.0003    0.0005
   7458.78    0.0000    0.0003    0.0005
   7459.81    0.0000    0.0003    0.0005
   7460.85    0.0000    0.0003    0.0005
   7461.88    0.0000    0.0003    0.0005
   7462.91    0.0000    0.0003    0.0005
   7463.94    0.0000    0.0003    0.0005
   7464.98    0.0000    0.0003    0.0005
   7466.01    0.0000    0.0003    0.0005
   7467.04    0.0000    0.0003    0.0005
   7468.07    0.0000    0.0003    0.0005
   7469.11    0.0000    0.0003    0.0005
   7470.14    0.0000    0.0003    0.0005
   7471.17    0.0000    0.0003    0.0005
   7472.20    0.0000    0.0003    0.0005
   7473.24    0.0000    0.0003    0.0005
   7474.27    0.0000    0.0003    0.0005
   7475.30    0.0000    0.0003    0.0005
   7476.33    0.0000    0.0003    0.0005
   7477.37    0.0000    0.0003    0.0005
   7478.40    0.0000    0.0003    0.0005
   7479.43    0.0000    0.0003    0.0005
   7480.46    0.0000    0.0003    0.0005
   7481.50    0.0000    0.0003    0.0005
   7482.53    0.0000    0.0003    0.0006
   7483.56    0.0000    0.0003    0.0006
   7484.59    0.0000    0.0003    0.0006
   7485.63    0.0000    0.0003    0.0006
   7486.66    0.0000    0.0003    0.0006
   7487.69    0.0000    0.0002    0.0006
   7488.72    0.0000    0.0002    0.0006
   7489.76    0.0000    0.0002    0.0006
   7490.79    0.0000    0.0002    0.0006
   7491.82    0.0000    0.0002    0.0006
   7492.85    0.0000    0.0002    0.0006
   7493.89    0.0000    0.0002    0.0006
   7494.92    0.0000    0.0002    0.0006
   7495.95    0.0000    0.0002    0.0006
   7496.98    0.0000    0.0002    0.0006
   7498.02    0.0000    0.0002    0.0006
   7499.05    0.0000    0.0002    0.0006
   7500.08    0.0000    0.0002    0.0006
   7501.11    0.0000    0.0001    0.0006
   7502.15    0.0000    0.0001    0.0006
   7503.18    0.0000    0.0001    0.0006
   7504.21    0.0000    0.0001    0.0006
   7505.24    0.0000    0.0001    0.0006
   7506.28    0.0000    0.0001    0.0007
   7507.31    0.0000    0.0001    0.0007
   7508.34    0.0000    0.0001    0.0007
   7509.37    0.0000    0.0001    0.0007
   7510.41    0.0000    0.0001    0.0007
   7511.44    0.0000    0.0001    0.0007
   7512.47    0.0000    0.0001    0.0007
   7513.50    0.0000    0.0000    0.0007
   7514.54    0.0000    0.0000    0.0007
   7515.57    0.0000    0.0000    0.0007
   7516.60    0.0000    0.0000    0.0007
   7517.63    0.0000    0.0000    0.0007
   7518.67    0.0000   -0.0000    0.0007
   7519.70    0.0000   -0.0000    0.0007
   7520.73    0.0000   -0.0000    0.0007
   7521.76    0.0000   -0.0000    0.0007
   7522.80    0.0000   -0.0000    0.0007
   7523.83    0.0000   -0.0000    0.0007
   7524.86    0.0000   -0.0001    0.0007
   7525.89    0.0000   -0.0001    0.0007
   7526.93    0.0000   -0.0001    0.0007
   7527.96    0.0000   -0.0001    0.0007
   7528.99    0.0000   -0.0001    0.0007
   7530.02    0.0000   -0.0001    0.0007
   7531.06    0.0000   -0.0001    0.0007
   7532.09    0.0000   -0.0001    0.0008
   7533.12    0.0000   -0.0001    0.0008
   7534.15    0.0000   -0.0001    0.0008
   7535.19    0.0000   -0.0001    0.0008
   7536.22    0.0000   -0.0001    0.0008
   7537.25    0.0000   -0.0002    0.0008
   7538.28    0.0000   -0.0002    0.0008
   7539.32    0.0000   -0.0002    0.0008
   7540.35    0.0000   -0.0002    0.0008
   7541.38    0.0000   -0.0002    0.0008
   7542.41    0.0000   -0.0002    0.0008
   7543.45    0.0000   -0.0002    0.0008
   7544.48    0.0000   -0.0002    0.0008
   7545.51    0.0000   -0.0002    0.0008
   7546.54    0.0000   -0.0002    0.0008
   7547.58    0.0000   -0.0002    0.0008
   7548.61    0.0000   -0.0002    0.0008
   7549.64    0.0000   -0.0002    0.0008
   7550.67    0.0000   -0.0002    0.0008
   7551.71    0.0000   -0.0002    0.0008
   7552.74    0.0000   -0.0002    0.0008
   7553.77    0.0000   -0.0003    0.0008
   7554.80    0.0000   -0.0003    0.0008
   7555.84    0.0000   -0.0003    0.0008
   7556.87    0.0000   -0.0003    0.0008
   7557.90    0.0000   -0.0003    0.0008
   7558.93    0.0000   -0.0003    0.0008
   7559.97    0.0000   -0.0003    0.0008
   7561.00    0.0000   -0.0003    0.0008
   7562.03    0.0000   -0.0003    0.0008
   7563.06    0.0000   -0.0003    0.0008
   7564.10    0.0000   -0.0003    0.0008
   7565.13    0.0000   -0.0003    0.0008
   7566.16    0.0000   -0.0003    0.0008
   7567.19    0.0000   -0.0003    0.0008
   7568.23    0.0000   -0.0003    0.0008
   7569.26    0.0000   -0.0003    0.0008
   7570.29    0.0000   -0.0003    0.0008
   7571.32    0.0000   -0.0003    0.0008
   7572.36    0.0000   -0.0003    0.0008
   7573.39    0.0000   -0.0003    0.0008
   7574.42    0.0000   -0.0003    0.0008
   7575.45    0.0000   -0.0003    0.0008
   7576.49    0.0000   -0.0003    0.0008
   7577.52    0.0000   -0.0003    0.0008
   7578.55    0.0000   -0.0004    0.0008
   7579.58    0.0000   -0.0004    0.0008
   7580.62    0.0000   -0.0004    0.0008
   7581.65    0.0000   -0.0004    0.0008
   7582.68    0.0000   -0.0004    0.0008
   7583.71    0.0000   -0.0004    0.0008
   7584.75    0.0000   -0.0004    0.0008
   7585.78    0.0000   -0.0004    0.0008
   7586.81    0.0000   -0.0004    0.0008
   7587.84    0.0000   -0.0004    0.0008
   7588.88    0.0000   -0.0004    0.0008
   7589.91    0.0000   -0.0004    0.0008
   7590.94    0.0000   -0.0004    0.0008
   7591.97    0.0000   -0.0004    0.0008
   7593.01    0.0000   -0.0004    0.0008
   7594.04    0.0000   -0.0004    0.0008
   7595.07    0.0000   -0.0004    0.0008
   7596.10    0.0000   -0.0004    0.0008
   7597.14    0.0000   -0.0004    0.0008
   7598.17    0.0000   -0.0004    0.0008
   7599.20    0.0000   -0.0004    0.0007
   7600.23    0.0000   -0.0004    0.0007
   7601.27    0.0000   -0.0004    0.0007
   7602.30    0.0000   -0.0004    0.0007
   7603.33    0.0000   -0.0004    0.0007
   7604.36    0.0000   -0.0004    0.0007
   7605.40    0.0000   -0.0004    0.0007
   7606.43    0.0000   -0.0004    0.0007
   7607.46    0.0000   -0.0004    0.0007
   7608.49    0.0000   -0.0004    0.0007
   7609.53    0.0000   -0.0004    0.0007
   7610.56    0.0000   -0.0004    0.0007
   7611.59    0.0000   -0.0004    0.0006
   7612.62    0.0000   -0.0004    0.0006
   7613.66    0.0000   -0.0004    0.0006
   7614.69    0.0000   -0.0004    0.0006
   7615.72    0.0000   -0.0004    0.0006
   7616.75    0.0000   -0.0004    0.0006
   7617.79    0.0000   -0.0005    0.0006
   7618.82    0.0000   -0.0005    0.0006
   7619.85    0.0000   -0.0005    0.0006
   7620.88    0.0000   -0.0005    0.0006
   7621.92    0.0000   -0.0005    0.0006
   7622.95    0.0000   -0.0005    0.0005
   7623.98    0.0000   -0.0005    0.0005
   7625.01    0.0000   -0.0005    0.0005
   7626.05    0.0000   -0.0005    0.0005
   7627.08    0.0000   -0.0005    0.0005
   7628.11    0.0000   -0.0005    0.0005
   7629.14    0.0000   -0.0005    0.0005
   7630.18    0.0000   -0.0005    0.0005
   7631.21    0.0000   -0.0005    0.0005
   7632.24    0.0000   -0.0005    0.0005
   7633.27    0.0000   -0.0005    0.0004
   7634.31    0.0000   -0.0005    0.0004
   7635.34    0.0000   -0.0005    0.0004
   7636.37    0.0000   -0.0005    0.0004
   7637.40    0.0000   -0.0005    0.0004
   7638.44    0.0000   -0.0005    0.0004
   7639.47    0.0000   -0.0005    0.0004
   7640.50    0.0000   -0.0005    0.0004
   7641.53    0.0000   -0.0005    0.0003
   7642.57    0.0000   -0.0005    0.0003
   7643.60    0.0000   -0.0006    0.0003
   7644.63    0.0000   -0.0006    0.0003
   7645.66    0.0000   -0.0006    0.0003
   7646.70    0.0000   -0.0006    0.0003
   7647.73    0.0000   -0.0006    0.0003
   7648.76    0.0000   -0.0006    0.0003
   7649.79    0.0000   -0.0006    0.0003
   7650.83    0.0000   -0.0006    0.0002
   7651.86    0.0000   -0.0006    0.0002
   7652.89    0.0000   -0.0006    0.0002
   7653.92    0.0000   -0.0006    0.0002
   7654.96    0.0000   -0.0006    0.0002
   7655.99    0.0000   -0.0006    0.0002
   7657.02    0.0000   -0.0007    0.0002
   7658.05    0.0000   -0.0007    0.0002
   7659.09    0.0000   -0.0007    0.0002
   7660.12    0.0000   -0.0007    0.0002
   7661.15    0.0000   -0.0007    0.0001
   7662.18    0.0000   -0.0007    0.0001
   7663.22    0.0000   -0.0007    0.0001
   7664.25    0.0000   -0.0007    0.0001
   7665.28    0.0000   -0.0007    0.0001
   7666.31    0.0000   -0.0007    0.0001
   7667.35    0.0000   -0.0007    0.0001
   7668.38    0.0000   -0.0008    0.0001
   7669.41    0.0000   -0.0008    0.0001
   7670.44    0.0000   -0.0008    0.0001
   7671.48    0.0000   -0.0008    0.0001
   7672.51    0.0000   -0.0008    0.0000
   7673.54    0.0000   -0.0008    0.0000
   7674.57    0.0000   -0.0008    0.0000
   7675.61    0.0000   -0.0008    0.0000
   7676.64    0.0000   -0.0008    0.0000
   7677.67    0.0000   -0.0008   -0.0000
   7678.70    0.0000   -0.0009   -0.0000
   7679.74    0.0000   -0.0009   -0.0000
   7680.77    0.0000   -0.0009   -0.0000
   7681.80    0.0000   -0.0009   -0.0000
   7682.83    0.0000   -0.0009   -0.0000
   7683.87    0.0000   -0.0009   -0.0000
   7684.90    0.0000   -0.0009   -0.0001
   7685.93    0.0000   -0.0009   -0.0001
   7686.96    0.0000   -0.0010   -0.0001
   7688.00    0.0000   -0.0010   -0.0001
   7689.03    0.0000   -0.0010   -0.0001
   7690.06    0.0000   -0.0010   -0.0001
   7691.09    0.0000   -0.0010   -0.0001
   7692.13    0.0000   -0.0010   -0.0001
   7693.16    0.0000   -0.0010   -0.0001
   7694.19    0.0000   -0.0010   -0.0001
   7695.22    0.0000   -0.0010   -0.0001
   7696.26    0.0000   -0.0010   -0.0001
   7697.29    0.0000   -0.0011   -0.0001
   7698.32    0.0000   -0.0011   -0.0001
   7699.35    0.0000   -0.0011   -0.0001
   7700.39    0.0000   -0.0011   -0.0002
   7701.42    0.0000   -0.0011   -0.0002
   7702.45    0.0000   -0.0011   -0.0002
   7703.48    0.0000   -0.0011   -0.0002
   7704.52    0.0000   -0.0012   -0.0002
   7705.55    0.0000   -0.0012   -0.0002
   7706.58    0.0000   -0.0012   -0.0002
   7707.61    0.0000   -0.0012   -0.0002
   7708.65    0.0000   -0.0012   -0.0002
   7709.68    0.0000   -0.0012   -0.0002
   7710.71    0.0000   -0.0012   -0.0002
   7711.74    0.0000   -0.0012   -0.0002
   7712.78    0.0000   -0.0012   -0.0002
   7713.81    0.0000   -0.0012   -0.0002
   7714.84    0.0000   -0.0013   -0.0002
   7715.87    0.0000   -0.0013   -0.0002
   7716.91    0.0000   -0.0013   -0.0002
   7717.94    0.0000   -0.0013   -0.0003
   7718.97    0.0000   -0.0013   -0.0003
   7720.00    0.0000   -0.0013   -0.0003
   7721.04    0.0000   -0.0013   -0.0003
   7722.07    0.0000   -0.0013   -0.0003
   7723.10    0.0000   -0.0013   -0.0003
   7724.13    0.0000   -0.0013   -0.0003
   7725.17    0.0000   -0.0014   -0.0003
   7726.20    0.0000   -0.0014   -0.0003
   7727.23    0.0000   -0.0014   -0.0003
   7728.26    0.0000   -0.0014   -0.0003
   7729.30    0.0000   -0.0014   -0.0003
   7730.33    0.0000   -0.0014   -0.0003
   7731.36    0.0000   -0.0014   -0.0003
   7732.39    0.0000   -0.0015   -0.0003
   7733.43    0.0000   -0.0015   -0.0003
   7734.46    0.0000   -0.0015   -0.0003
   7735.49    0.0000   -0.0015   -0.0003
   7736.52    0.0000   -0.0015   -0.0003
   7737.56    0.0000   -0.0015   -0.0003
   7738.59    0.0000   -0.0015   -0.0003
   7739.62    0.0000   -0.0016   -0.0003
   7740.65    0.0000   -0.0016   -0.0004
   7741.69    0.0000   -0.0016   -0.0004
   7742.72    0.0000   -0.0016   -0.0004
   7743.75    0.0000   -0.0016   -0.0004
   7744.78    0.0000   -0.0016   -0.0004
   7745.82    0.0000   -0.0016   -0.0004
   7746.85    0.0000   -0.0016   -0.0004
   7747.88    0.0000   -0.0016   -0.0004
   7748.91    0.0000   -0.0016   -0.0004
   7749.95    0.0000   -0.0017   -0.0004
   7750.98    0.0000   -0.0017   -0.0004
   7752.01    0.0000   -0.0017   -0.0004
   7753.04    0.0000   -0.0017   -0.0004
   7754.08    0.0000   -0.0017   -0.0004
   7755.11    0.0000   -0.0017   -0.0004
   7756.14    0.0000   -0.0017   -0.0004
   7757.17    0.0000   -0.0017   -0.0004
   7758.21    0.0000   -0.0017   -0.0004
   7759.24    0.0000   -0.0017   -0.0005
   7760.27    0.0000   -0.0017   -0.0005
   7761.30    0.0000   -0.0018   -0.0005
   7762.34    0.0000   -0.0018   -0.0005
   7763.37    0.0000   -0.0018   -0.0005
   7764.40    0.0000   -0.0018   -0.0005
   7765.43    0.0000   -0.0018   -0.0005
   7766.47    0.0000   -0.0018   -0.0005
   7767.50    0.0000   -0.0018   -0.0005
   7768.53    0.0000   -0.0019   -0.0005
   7769.56    0.0000   -0.0019   -0.0005
   7770.60    0.0000   -0.0019   -0.0005
   7771.63    0.0000   -0.0019   -0.0005
   7772.66    0.0000   -0.0019   -0.0005
   7773.69    0.0000   -0.0019   -0.0005
   7774.73    0.0000   -0.0020   -0.0005
   7775.76    0.0000   -0.0020   -0.0005
   7776.79    0.0000   -0.0020   -0.0005
   7777.82    0.0000   -0.0020   -0.0006
   7778.86    0.0000   -0.0020   -0.0006
   7779.89    0.0000   -0.0020   -0.0006
   7780.92    0.0000   -0.0021   -0.0006
   7781.95    0.0000   -0.0021   -0.0006
   7782.99    0.0000   -0.0021   -0.0006
   7784.02    0.0000   -0.0021   -0.0006
   7785.05    0.0000   -0.0021   -0.0006
   7786.08    0.0000   -0.0021   -0.0006
   7787.12    0.0000   -0.0021   -0.0006
   7788.15    0.0000   -0.0021   -0.0006
   7789.18    0.0000   -0.0022   -0.0006
   7790.21    0.0000   -0.0022   -0.0006
   7791.25    0.0000   -0.0022   -0.0006
   7792.28    0.0000   -0.0022   -0.0006
   7793.31    0.0000   -0.0022   -0.0006
   7794.34    0.0000   -0.0022   -0.0006
   7795.38    0.0000   -0.0022   -0.0006
   7796.41    0.0000   -0.0022   -0.0006
   7797.44    0.0000   -0.0022   -0.0006
   7798.47    0.0000   -0.0022   -0.0007
   7799.51    0.0000   -0.0022   -0.0007
   7800.54    0.0000   -0.0023   -0.0007
   7801.57    0.0000   -0.0023   -0.0007
   7802.60    0.0000   -0.0023   -0.0007
   7803.64    0.0000   -0.0023   -0.0007
   7804.67    0.0000   -0.0023   -0.0007
   7805.70    0.0000   -0.0023   -0.0007
   7806.73    0.0000   -0.0023   -0.0007
   7807.77    0.0000   -0.0023   -0.0007
   7808.80    0.0000   -0.0023   -0.0007
   7809.83    0.0000   -0.0023   -0.0007
   7810.86    0.0000   -0.0023   -0.0007
   7811.90    0.0000   -0.0023   -0.0007
   7812.93    0.0000   -0.0024   -0.0007
   7813.96    0.0000   -0.0024   -0.0008
   7814.99    0.0000   -0.0024   -0.0008
   7816.03    0.0000   -0.0024   -0.0008
   7817.06    0.0000   -0.0024   -0.0008
   7818.09    0.0000   -0.0024   -0.0008
   7819.12    0.0000   -0.0024   -0.0008
   7820.16    0.0000   -0.0024   -0.0008
   7821.19    0.0000   -0.0025   -0.0008
   7822.22    0.0000   -0.0025   -0.0008
   7823.25    0.0000   -0.0025   -0.0008
   7824.29    0.0000   -0.0025   -0.0008
   7825.32    0.0000   -0.0025   -0.0008
   7826.35    0.0000   -0.0025   -0.0008
   7827.38    0.0000   -0.0026   -0.0008
   7828.42    0.0000   -0.0026   -0.0008
   7829.45    0.0000   -0.0026   -0.0008
   7830.48    0.0000   -0.0026   -0.0008
   7831.51    0.0000   -0.0026   -0.0008
   7832.55    0.0000   -0.0026   -0.0008
   7833.58    0.0000   -0.0027   -0.0008
   7834.61    0.0000   -0.0027   -0.0008
   7835.64    0.0000   -0.0027   -0.0008
   7836.68    0.0000   -0.0027   -0.0008
   7837.71    0.0000   -0.0027   -0.0008
   7838.74    0.0000   -0.0027   -0.0008
   7839.77    0.0000   -0.0027   -0.0008
   7840.81    0.0000   -0.0027   -0.0008
   7841.84    0.0000   -0.0028   -0.0008
   7842.87    0.0000   -0.0028   -0.0008
   7843.90    0.0000   -0.0028   -0.0008
   7844.94    0.0000   -0.0028   -0.0008
   7845.97    0.0000   -0.0028   -0.0008
   7847.00    0.0000   -0.0028   -0.0008
   7848.03    0.0000   -0.0028   -0.0008
   7849.07    0.0000   -0.0028   -0.0008
   7850.10    0.0000   -0.0028   -0.0008
   7851.13    0.0000   -0.0028   -0.0008
   7852.16    0.0000   -0.0028   -0.0008
   7853.20    0.0000   -0.0029   -0.0008
   7854.23    0.0000   -0.0029   -0.0008
   7855.26    0.0000   -0.0029   -0.0008
   7856.29    0.0000   -0.0029   -0.0008
   7857.33    0.0000   -0.0029   -0.0008
   7858.36    0.0000   -0.0029   -0.0008
   7859.39    0.0000   -0.0029   -0.0008
   7860.42    0.0000   -0.0029   -0.0008
   7861.46    0.0000   -0.0029   -0.0008
   7862.49    0.0000   -0.0029   -0.0008
   7863.52    0.0000   -0.0029   -0.0008
   7864.55    0.0000   -0.0029   -0.0008
   7865.59    0.0000   -0.0029   -0.0008
   7866.62    0.0000   -0.0030   -0.0008
   7867.65    0.0000   -0.0030   -0.0008
   7868.68    0.0000   -0.0030   -0.0008
   7869.72    0.0000   -0.0030   -0.0008
   7870.75    0.0000   -0.0030   -0.0008
   7871.78    0.0000   -0.0030   -0.0008
   7872.81    0.0000   -0.0030   -0.0008
   7873.85    0.0000   -0.0030   -0.0008
   7874.88    0.0000   -0.0031   -0.0008
   7875.91    0.0000   -0.0031   -0.0008
   7876.94    0.0000   -0.0031   -0.0008
   7877.98    0.0000   -0.0031   -0.0008
   7879.01    0.0000   -0.0031   -0.0008
   7880.04    0.0000   -0.0031   -0.0008
   7881.07    0.0000   -0.0031   -0.0008
   7882.11    0.0000   -0.0031   -0.0008
   7883.14    0.0000   -0.0031   -0.0008
   7884.17    0.0000   -0.0031   -0.0008
   7885.20    0.0000   -0.0032   -0.0008
   7886.24    0.0000   -0.0032   -0.0008
   7887.27    0.0000   -0.0032   -0.0008
   7888.30    0.0000   -0.0032   -0.0008
   7889.33    0.0000   -0.0032   -0.0008
   7890.37    0.0000   -0.0032   -0.0008
   7891.40    0.0000   -0.0032   -0.0008
   7892.43    0.0000   -0.0032   -0.0008
   7893.46    0.0000   -0.0032   -0.0007
   7894.50    0.0000   -0.0032   -0.0007
   7895.53    0.0000   -0.0032   -0.0007
   7896.56    0.0000   -0.0032   -0.0007
   7897.59    0.0000   -0.0032   -0.0007
   7898.63    0.0000   -0.0032   -0.0007
   7899.66    0.0000   -0.0032   -0.0007
   7900.69    0.0000   -0.0032   -0.0007
   7901.72    0.0000   -0.0032   -0.0007
   7902.76    0.0000   -0.0032   -0.0007
   7903.79    0.0000   -0.0032   -0.0007
   7904.82    0.0000   -0.0032   -0.0007
   7905.85    0.0000   -0.0032   -0.0007
   7906.89    0.0000   -0.0032   -0.0007
   7907.92    0.0000   -0.0033   -0.0007
   7908.95    0.0000   -0.0033   -0.0007
   7909.98    0.0000   -0.0033   -0.0007
   7911.02    0.0000   -0.0033   -0.0007
   7912.05    0.0000   -0.0033   -0.0007
   7913.08    0.0000   -0.0033   -0.0007
   7914.11    0.0000   -0.0033   -0.0007
   7915.15    0.0000   -0.0033   -0.0007
   7916.18    0.0000   -0.0033   -0.0007
   7917.21    0.0000   -0.0033   -0.0007
   7918.24    0.0000   -0.0033   -0.0007
   7919.28    0.0000   -0.0034   -0.0007
   7920.31    0.0000   -0.0034   -0.0007
   7921.34    0.0000   -0.0034   -0.0007
   7922.37    0.0000   -0.0034   -0.0007
   7923.41    0.0000   -0.0034   -0.0007
   7924.44    0.0000   -0.0034   -0.0007
   7925.47    0.0000   -0.0034   -0.0007
   7926.50    0.0000   -0.0034   -0.0007
   7927.54    0.0000   -0.0034   -0.0006
   7928.57    0.0000   -0.0034   -0.0006
   7929.60    0.0000   -0.0034   -0.0006
   7930.63    0.0000   -0.0034   -0.0006
   7931.67    0.0000   -0.0034   -0.0006
   7932.70    0.0000   -0.0034   -0.0006
   7933.73    0.0000   -0.0034   -0.0006
   7934.76    0.0000   -0.0034   -0.0006
   7935.80    0.0000   -0.0034   -0.0006
   7936.83    0.0000   -0.0034   -0.0006
   7937.86    0.0000   -0.0034   -0.0006
   7938.89    0.0000   -0.0034   -0.0006
   7939.93    0.0000   -0.0034   -0.0006
   7940.96    0.0000   -0.0034   -0.0006
   7941.99    0.0000   -0.0034   -0.0006
   7943.02    0.0000   -0.0035   -0.0006
   7944.06    0.0000   -0.0035   -0.0006
   7945.09    0.0000   -0.0035   -0.0006
   7946.12    0.0000   -0.0035   -0.0006
   7947.15    0.0000   -0.0035   -0.0006
   7948.19    0.0000   -0.0035   -0.0006
   7949.22    0.0000   -0.0035   -0.0006
   7950.25    0.0000   -0.0035   -0.0006
   7951.28    0.0000   -0.0035   -0.0006
   7952.32    0.0000   -0.0035   -0.0006
   7953.35    0.0000   -0.0035   -0.0006
   7954.38    0.0000   -0.0035   -0.0006
   7955.41    0.0000   -0.0036   -0.0006
   7956.45    0.0000   -0.0036   -0.0006
   7957.48    0.0000   -0.0036   -0.0006
   7958.51    0.0000   -0.0036   -0.0006
   7959.54    0.0000   -0.0036   -0.0006
   7960.58    0.0000   -0.0036   -0.0006
   7961.61    0.0000   -0.0036   -0.0006
   7962.64    0.0000   -0.0036   -0.0006
   7963.67    0.0000   -0.0036   -0.0006
   7964.71    0.0000   -0.0036   -0.0006
   7965.74    0.0000   -0.0036   -0.0006
   7966.77    0.0000   -0.0036   -0.0006
   7967.80    0.0000   -0.0036   -0.0006
   7968.84    0.0000   -0.0037   -0.0006
   7969.87    0.0000   -0.0037   -0.0006
   7970.90    0.0000   -0.0037   -0.0006
   7971.93    0.0000   -0.0037   -0.0006
   7972.97    0.0000   -0.0037   -0.0006
   7974.00    0.0000   -0.0037   -0.0006
   7975.03    0.0000   -0.0037   -0.0006
   7976.06    0.0000   -0.0037   -0.0006
   7977.10    0.0000   -0.0037   -0.0006
   7978.13    0.0000   -0.0037   -0.0006
   7979.16    0.0000   -0.0038   -0.0006
   7980.19    0.0000   -0.0038   -0.0006
   7981.23    0.0000   -0.0038   -0.0006
   7982.26    0.0000   -0.0038   -0.0006
   7983.29    0.0000   -0.0038   -0.0006
   7984.32    0.0000   -0.0038   -0.0006
   7985.36    0.0000   -0.0038   -0.0006
   7986.39    0.0000   -0.0038   -0.0006
   7987.42    0.0000   -0.0038   -0.0006
   7988.45    0.0000   -0.0038   -0.0006
   7989.49    0.0000   -0.0039   -0.0006
   7990.52    0.0000   -0.0039   -0.0006
   7991.55    0.0000   -0.0039   -0.0006
   7992.58    0.0000   -0.0039   -0.0006
   7993.62    0.0000   -0.0039   -0.0006
   7994.65    0.0000   -0.0039   -0.0006
   7995.68    0.0000   -0.0040   -0.0006
   7996.71    0.0000   -0.0040   -0.0006
   7997.75    0.0000   -0.0040   -0.0006
   7998.78    0.0000   -0.0040   -0.0006
   7999.81    0.0000   -0.0040   -0.0006
   8000.84    0.0000   -0.0040   -0.0006
   8001.88    0.0000   -0.0040   -0.0006
   8002.91    0.0000   -0.0040   -0.0006
   8003.94    0.0000   -0.0040   -0.0006
   8004.97    0.0000   -0.0041   -0.0006
   8006.01    0.0000   -0.0041   -0.0006
   8007.04    0.0000   -0.0041   -0.0006
   8008.07    0.0000   -0.0041   -0.0006
   8009.10    0.0000   -0.0041   -0.0006
   8010.14    0.0000   -0.0041   -0.0006
   8011.17    0.0000   -0.0041   -0.0006
   8012.20    0.0000   -0.0041   -0.0006
   8013.23    0.0000   -0.0042   -0.0006
   8014.27    0.0000   -0.0042   -0.0006
   8015.30    0.0000   -0.0042   -0.0006
   8016.33    0.0000   -0.0042   -0.0006
   8017.36    0.0000   -0.0042   -0.0006
   8018.40    0.0000   -0.0042   -0.0006
   8019.43    0.0000   -0.0042   -0.0006
   8020.46    0.0000   -0.0043   -0.0006
   8021.49    0.0000   -0.0043   -0.0006
   8022.53    0.0000   -0.0043   -0.0006
   8023.56    0.0000   -0.0043   -0.0006
   8024.59    0.0000   -0.0043   -0.0006
   8025.62    0.0000   -0.0043   -0.0006
   8026.66    0.0000   -0.0043   -0.0006
   8027.69    0.0000   -0.0043   -0.0006
   8028.72    0.0000   -0.0044   -0.0006
   8029.75    0.0000   -0.0044   -0.0006
   8030.79    0.0000   -0.0044   -0.0006
   8031.82    0.0000   -0.0044   -0.0006
   8032.85    0.0000   -0.0044   -0.0006
   8033.88    0.0000   -0.0044   -0.0006
   8034.92    0.0000   -0.0044   -0.0006
   8035.95    0.0000   -0.0045   -0.0006
   8036.98    0.0000   -0.0045   -0.0006
   8038.01    0.0000   -0.0045   -0.0006
   8039.05    0.0000   -0.0045   -0.0005
   8040.08    0.0000   -0.0045   -0.0005
   8041.11    0.0000   -0.0045   -0.0005
   8042.14    0.0000   -0.0046   -0.0005
   8043.18    0.0000   -0.0046   -0.0005
   8044.21    0.0000   -0.0046   -0.0005
   8045.24    0.0000   -0.0046   -0.0005
   8046.27    0.0000   -0.0046   -0.0005
   8047.31    0.0000   -0.0046   -0.0005
   8048.34    0.0000   -0.0046   -0.0005
   8049.37    0.0000   -0.0047   -0.0005
   8050.40    0.0000   -0.0047   -0.0005
   8051.44    0.0000   -0.0047   -0.0005
   8052.47    0.0000   -0.0047   -0.0005
   8053.50    0.0000   -0.0047   -0.0005
   8054.53    0.0000   -0.0047   -0.0005
   8055.57    0.0000   -0.0047   -0.0005
   8056.60    0.0000   -0.0047   -0.0005
   8057.63    0.0000   -0.0048   -0.0005
   8058.66    0.0000   -0.0048   -0.0005
   8059.70    0.0000   -0.0048   -0.0005
   8060.73    0.0000   -0.0048   -0.0005
   8061.76    0.0000   -0.0048   -0.0005
   8062.79    0.0000   -0.0048   -0.0005
   8063.83    0.0000   -0.0048   -0.0005
   8064.86    0.0000   -0.0048   -0.0004
   8065.89    0.0000   -0.0048   -0.0004
   8066.92    0.0000   -0.0048   -0.0004
   8067.96    0.0000   -0.0048   -0.0004
   8068.99    0.0000   -0.0048   -0.0004
   8070.02    0.0000   -0.0048   -0.0004
   8071.05    0.0000   -0.0048   -0.0004
   8072.09    0.0000   -0.0048   -0.0004
   8073.12    0.0000   -0.0048   -0.0004
   8074.15    0.0000   -0.0048   -0.0004
   8075.18    0.0000   -0.0048   -0.0004
   8076.22    0.0000   -0.0048   -0.0004
   8077.25    0.0000   -0.0048   -0.0004
   8078.28    0.0000   -0.0048   -0.0004
   8079.31    0.0000   -0.0048   -0.0004
   8080.35    0.0000   -0.0048   -0.0004
   8081.38    0.0000   -0.0048   -0.0004
   8082.41    0.0000   -0.0048   -0.0004
   8083.44    0.0000   -0.0048   -0.0004
   8084.48    0.0000   -0.0048   -0.0003
   8085.51    0.0000   -0.0048   -0.0003
   8086.54    0.0000   -0.0048   -0.0003
   8087.57    0.0000   -0.0048   -0.0003
   8088.61    0.0000   -0.0048   -0.0003
   8089.64    0.0000   -0.0048   -0.0003
   8090.67    0.0000   -0.0048   -0.0003
   8091.70    0.0000   -0.0048   -0.0003
   8092.74    0.0000   -0.0048   -0.0003
   8093.77    0.0000   -0.0048   -0.0003
   8094.80    0.0000   -0.0048   -0.0003
   8095.83    0.0000   -0.0048   -0.0003
   8096.87    0.0000   -0.0048   -0.0002
   8097.90    0.0000   -0.0048   -0.0002
   8098.93    0.0000   -0.0048   -0.0002
   8099.96    0.0000   -0.0048   -0.0002
   8101.00    0.0000   -0.0048   -0.0002
   8102.03    0.0000   -0.0048   -0.0002
   8103.06    0.0000   -0.0048   -0.0002
   8104.09    0.0000   -0.0048   -0.0002
   8105.13    0.0000   -0.0048   -0.0002
   8106.16    0.0000   -0.0048   -0.0002
   8107.19    0.0000   -0.0048   -0.0001
   8108.22    0.0000   -0.0048   -0.0001
   8109.26    0.0000   -0.0048   -0.0001
   8110.29    0.0000   -0.0048   -0.0001
   8111.32    0.0000   -0.0048   -0.0001
   8112.35    0.0000   -0.0048   -0.0001
   8113.39    0.0000   -0.0048   -0.0001
   8114.42    0.0000   -0.0048   -0.0001
   8115.45    0.0000   -0.0048   -0.0001
   8116.48    0.0000   -0.0049   -0.0001
   8117.52    0.0000   -0.0049   -0.0001
   8118.55    0.0000   -0.0049   -0.0001
   8119.58    0.0000   -0.0049   -0.0001
   8120.61    0.0000   -0.0049   -0.0000
   8121.65    0.0000   -0.0049   -0.0000
   8122.68    0.0000   -0.0049   -0.0000
   8123.71    0.0000   -0.0049   -0.0000
   8124.74    0.0000   -0.0049   -0.0000
   8125.78    0.0000   -0.0049   -0.0000
   8126.81    0.0000   -0.0049    0.0000
   8127.84    0.0000   -0.0049    0.0000
   8128.87    0.0000   -0.0049    0.0000
   8129.91    0.0000   -0.0049    0.0000
   8130.94    0.0000   -0.0049    0.0001
   8131.97    0.0000   -0.0049    0.0001
   8133.00    0.0000   -0.0049    0.0001
   8134.04    0.0000   -0.0049    0.0001
   8135.07    0.0000   -0.0049    0.0001
   8136.10    0.0000   -0.0049    0.0001
   8137.13    0.0000   -0.0049    0.0001
   8138.17    0.0000   -0.0049    0.0001
   8139.20    0.0000   -0.0049    0.0001
   8140.23    0.0000   -0.0049    0.0001
   8141.26    0.0000   -0.0049    0.0001
   8142.30    0.0000   -0.0049    0.0001
   8143.33    0.0000   -0.0049    0.0001
   8144.36    0.0000   -0.0049    0.0001
   8145.39    0.0000   -0.0049    0.0001
   8146.43    0.0000   -0.0049    0.0001
   8147.46    0.0000   -0.0049    0.0001
   8148.49    0.0000   -0.0049    0.0001
   8149.52    0.0000   -0.0050    0.0002
   8150.56    0.0000   -0.0050    0.0002
   8151.59    0.0000   -0.0050    0.0002
   8152.62    0.0000   -0.0050    0.0002
   8153.65    0.0000   -0.0050    0.0002
   8154.69    0.0000   -0.0050    0.0002
   8155.72    0.0000   -0.0050    0.0002
   8156.75    0.0000   -0.0050    0.0002
   8157.78    0.0000   -0.0050    0.0002
   8158.82    0.0000   -0.0050    0.0002
   8159.85    0.0000   -0.0050    0.0002
   8160.88    0.0000   -0.0050    0.0002
   8161.91    0.0000   -0.0050    0.0002
   8162.95    0.0000   -0.0050    0.0002
   8163.98    0.0000   -0.0050    0.0002
   8165.01    0.0000   -0.0050    0.0003
   8166.04    0.0000   -0.0050    0.0003
   8167.08    0.0000   -0.0050    0.0003
   8168.11    0.0000   -0.0050    0.0003
   8169.14    0.0000   -0.0050    0.0003
   8170.17    0.0000   -0.0050    0.0003
   8171.21    0.0000   -0.0050    0.0003
   8172.24    0.0000   -0.0050    0.0003
   8173.27    0.0000   -0.0050    0.0003
   8174.30    0.0000   -0.0051    0.0003
   8175.34    0.0000   -0.0051    0.0003
   8176.37    0.0000   -0.0051    0.0003
   8177.40    0.0000   -0.0051    0.0003
   8178.43    0.0000   -0.0051    0.0003
   8179.47    0.0000   -0.0051    0.0003
   8180.50    0.0000   -0.0051    0.0003
   8181.53    0.0000   -0.0051    0.0003
   8182.56    0.0000   -0.0051    0.0003
   8183.60    0.0000   -0.0051    0.0003
   8184.63    0.0000   -0.0051    0.0003
   8185.66    0.0000   -0.0052    0.0003
   8186.69    0.0000   -0.0052    0.0003
   8187.73    0.0000   -0.0052    0.0003
   8188.76    0.0000   -0.0052    0.0003
   8189.79    0.0000   -0.0052    0.0003
   8190.82    0.0000   -0.0052    0.0003
   8191.86    0.0000   -0.0052    0.0004
   8192.89    0.0000   -0.0052    0.0004
   8193.92    0.0000   -0.0052    0.0004
   8194.95    0.0000   -0.0052    0.0004
   8195.99    0.0000   -0.0052    0.0004
   8197.02    0.0000   -0.0052    0.0004
   8198.05    0.0000   -0.0052    0.0004
   8199.08    0.0000   -0.0052    0.0004
   8200.12    0.0000   -0.0052    0.0004
   8201.15    0.0000   -0.0053    0.0004
   8202.18    0.0000   -0.0053    0.0004
   8203.21    0.0000   -0.0053    0.0004
   8204.25    0.0000   -0.0053    0.0004
   8205.28    0.0000   -0.0053    0.0004
   8206.31    0.0000   -0.0053    0.0004
   8207.34    0.0000   -0.0053    0.0004
   8208.38    0.0000   -0.0053    0.0004
   8209.41    0.0000   -0.0053    0.0004
   8210.44    0.0000   -0.0053    0.0004
   8211.47    0.0000   -0.0053    0.0004
   8212.51    0.0000   -0.0053    0.0004
   8213.54    0.0000   -0.0053    0.0004
   8214.57    0.0000   -0.0053    0.0004
   8215.60    0.0000   -0.0053    0.0004
   8216.64    0.0000   -0.0053    0.0004
   8217.67    0.0000   -0.0053    0.0004
   8218.70    0.0000   -0.0053    0.0004
   8219.73    0.0000   -0.0053    0.0004
   8220.77    0.0000   -0.0053    0.0004
   8221.80    0.0000   -0.0053    0.0004
   8222.83    0.0000   -0.0053    0.0004
   8223.86    0.0000   -0.0053    0.0004
   8224.90    0.0000   -0.0053    0.0004
   8225.93    0.0000   -0.0053    0.0004
   8226.96    0.0000   -0.0053    0.0004
   8227.99    0.0000   -0.0053    0.0004
   8229.03    0.0000   -0.0053    0.0004
   8230.06    0.0000   -0.0053    0.0004
   8231.09    0.0000   -0.0053    0.0004
   8232.12    0.0000   -0.0053    0.0004
   8233.16    0.0000   -0.0053    0.0004
   8234.19    0.0000   -0.0053    0.0004
   8235.22    0.0000   -0.0053    0.0004
   8236.25    0.0000   -0.0053    0.0004
   8237.29    0.0000   -0.0053    0.0004
   8238.32    0.0000   -0.0053    0.0004
   8239.35    0.0000   -0.0053    0.0004
   8240.38    0.0000   -0.0053    0.0004
   8241.42    0.0000   -0.0053    0.0004
   8242.45    0.0000   -0.0053    0.0004
   8243.48    0.0000   -0.0053    0.0004
   8244.51    0.0000   -0.0053    0.0004
   8245.55    0.0000   -0.0053    0.0004
   8246.58    0.0000   -0.0053    0.0004
   8247.61    0.0000   -0.0053    0.0004
   8248.64    0.0000   -0.0054    0.0004
   8249.68    0.0000   -0.0054    0.0004
   8250.71    0.0000   -0.0054    0.0004
   8251.74    0.0000   -0.0054    0.0004
   8252.77    0.0000   -0.0054    0.0004
   8253.81    0.0000   -0.0054    0.0004
   8254.84    0.0000   -0.0054    0.0004
   8255.87    0.0000   -0.0053    0.0004
   8256.90    0.0000   -0.0053    0.0004
   8257.94    0.0000   -0.0053    0.0004
   8258.97    0.0000   -0.0053    0.0004
   8260.00    0.0000   -0.0053    0.0004
   8261.03    0.0000   -0.0053    0.0004
   8262.07    0.0000   -0.0053    0.0004
   8263.10    0.0000   -0.0053    0.0004
   8264.13    0.0000   -0.0053    0.0004
   8265.16    0.0000   -0.0053    0.0004
   8266.20    0.0000   -0.0053    0.0004
   8267.23    0.0000   -0.0053    0.0004
   8268.26    0.0000   -0.0053    0.0004
   8269.29    0.0000   -0.0053    0.0004
   8270.33    0.0000   -0.0053    0.0005
   8271.36    0.0000   -0.0053    0.0005
   8272.39    0.0000   -0.0053    0.0005
   8273.42    0.0000   -0.0053    0.0005
   8274.46    0.0000   -0.0053    0.0005
   8275.49    0.0000   -0.0053    0.0005
   8276.52    0.0000   -0.0053    0.0005
   8277.55    0.0000   -0.0053    0.0005
   8278.59    0.0000   -0.0053    0.0005
   8279.62    0.0000   -0.0053    0.0005
   8280.65    0.0000   -0.0052    0.0005
   8281.68    0.0000   -0.0052    0.0005
   8282.72    0.0000   -0.0052    0.0005
   8283.75    0.0000   -0.0052    0.0005
   8284.78    0.0000   -0.0052    0.0005
   8285.81    0.0000   -0.0052    0.0005
   8286.85    0.0000   -0.0052    0.0005
   8287.88    0.0000   -0.0052    0.0005
   8288.91    0.0000   -0.0052    0.0005
   8289.94    0.0000   -0.0052    0.0005
   8290.98    0.0000   -0.0052    0.0005
   8292.01    0.0000   -0.0052    0.0005
   8293.04    0.0000   -0.0052    0.0005
   8294.07    0.0000   -0.0052    0.0005
   8295.11    0.0000   -0.0051    0.0005
   8296.14    0.0000   -0.0051    0.0005
   8297.17    0.0000   -0.0051    0.0005
   8298.20    0.0000   -0.0051    0.0005
   8299.24    0.0000   -0.0051    0.0005
   8300.27    0.0000   -0.0051    0.0005
   8301.30    0.0000   -0.0051    0.0005
   8302.33    0.0000   -0.0051    0.0005
