UNITS=BOHR
4
C  0.000000000000000   0.000000000000000   0.000000000000000
S  0.000000000000000   0.000000000000000   3.070927563660000
H  1.729263685730000   0.000000000000000  -1.071618254710000
H -1.729263685730000  -0.000013228080000  -1.071618254710000
# momenta
   0.000000000000000   0.000000000000000   0.000000000000000
   0.000000000000000   0.000000000000000   0.000000000000000
   0.000000000000000   0.000000000000000   0.000000000000000
   0.000000000000000   0.000000000000000   0.000000000000000

