     #Time      Norm      Real      Imag
   4930.19    0.0000   -0.0000   -0.0000
   4931.22    0.0000   -0.0000   -0.0000
   4932.25    0.0000   -0.0000   -0.0000
   4933.28    0.0000   -0.0000   -0.0000
   4934.32    0.0000   -0.0000   -0.0000
   4935.35    0.0000   -0.0000   -0.0000
   4936.38    0.0000   -0.0000   -0.0000
   4937.41    0.0000   -0.0000   -0.0000
   4938.45    0.0000   -0.0000    0.0000
   4939.48    0.0000   -0.0000    0.0000
   4940.51    0.0000   -0.0000    0.0000
   4941.54    0.0000   -0.0000    0.0000
   4942.58    0.0000   -0.0000    0.0000
   4943.61    0.0000   -0.0000    0.0000
   4944.64    0.0000   -0.0000    0.0000
   4945.67    0.0000   -0.0000    0.0000
   4946.71    0.0000   -0.0000    0.0000
   4947.74    0.0000   -0.0000    0.0000
   4948.77    0.0000   -0.0000    0.0000
   4949.80    0.0000   -0.0000    0.0000
   4950.84    0.0000   -0.0000    0.0000
   4951.87    0.0000   -0.0000    0.0000
   4952.90    0.0000   -0.0000    0.0000
   4953.93    0.0000   -0.0000    0.0000
   4954.97    0.0000   -0.0000    0.0000
   4956.00    0.0000   -0.0000    0.0000
   4957.03    0.0000   -0.0000    0.0000
   4958.06    0.0000   -0.0000    0.0000
   4959.10    0.0000   -0.0000    0.0000
   4960.13    0.0000   -0.0000    0.0000
   4961.16    0.0000   -0.0000    0.0000
   4962.19    0.0000   -0.0000    0.0000
   4963.23    0.0000    0.0000    0.0000
   4964.26    0.0000    0.0000    0.0000
   4965.29    0.0000    0.0000    0.0000
   4966.32    0.0000    0.0000    0.0000
   4967.36    0.0000    0.0000    0.0000
   4968.39    0.0000    0.0000    0.0000
   4969.42    0.0000    0.0000    0.0000
   4970.45    0.0000    0.0000    0.0000
   4971.49    0.0000    0.0000    0.0000
   4972.52    0.0000    0.0000    0.0000
   4973.55    0.0000    0.0000    0.0000
   4974.58    0.0000    0.0000    0.0000
   4975.62    0.0000    0.0000    0.0000
   4976.65    0.0000    0.0000    0.0000
   4977.68    0.0000    0.0000    0.0000
   4978.71    0.0000    0.0000    0.0000
   4979.75    0.0000    0.0000    0.0000
   4980.78    0.0000    0.0000    0.0000
   4981.81    0.0000    0.0000    0.0000
   4982.84    0.0000    0.0000    0.0000
   4983.88    0.0000    0.0000    0.0000
   4984.91    0.0000    0.0000    0.0000
   4985.94    0.0000    0.0000    0.0000
   4986.97    0.0000    0.0000    0.0001
   4988.01    0.0000    0.0000    0.0001
   4989.04    0.0000    0.0000    0.0001
   4990.07    0.0000    0.0000    0.0001
   4991.10    0.0000    0.0000    0.0001
   4992.14    0.0000    0.0000    0.0001
   4993.17    0.0000    0.0000    0.0001
   4994.20    0.0000    0.0000    0.0001
   4995.23    0.0000    0.0000    0.0001
   4996.27    0.0000    0.0000    0.0001
   4997.30    0.0000    0.0000    0.0001
   4998.33    0.0000    0.0000    0.0001
   4999.36    0.0000    0.0000    0.0001
   5000.40    0.0000    0.0000    0.0001
   5001.43    0.0000    0.0000    0.0001
   5002.46    0.0000    0.0000    0.0001
   5003.49    0.0000    0.0000    0.0001
   5004.53    0.0000    0.0000    0.0001
   5005.56    0.0000    0.0000    0.0001
   5006.59    0.0000    0.0000    0.0001
   5007.62    0.0000    0.0000    0.0001
   5008.66    0.0000    0.0000    0.0001
   5009.69    0.0000    0.0000    0.0001
   5010.72    0.0000    0.0000    0.0001
   5011.75    0.0000    0.0000    0.0001
   5012.79    0.0000    0.0000    0.0001
   5013.82    0.0000    0.0000    0.0001
   5014.85    0.0000    0.0000    0.0001
   5015.88    0.0000    0.0000    0.0001
   5016.92    0.0000    0.0000    0.0001
   5017.95    0.0000    0.0000    0.0001
   5018.98    0.0000    0.0000    0.0001
   5020.01    0.0000    0.0000    0.0001
   5021.05    0.0000    0.0000    0.0001
   5022.08    0.0000    0.0000    0.0001
   5023.11    0.0000    0.0000    0.0001
   5024.14    0.0000    0.0000    0.0001
   5025.18    0.0000    0.0000    0.0001
   5026.21    0.0000    0.0000    0.0001
   5027.24    0.0000    0.0001    0.0001
   5028.27    0.0000    0.0001    0.0001
   5029.31    0.0000    0.0001    0.0001
   5030.34    0.0000    0.0001    0.0001
   5031.37    0.0000    0.0001    0.0001
   5032.40    0.0000    0.0001    0.0001
   5033.44    0.0000    0.0001    0.0001
   5034.47    0.0000    0.0001    0.0001
   5035.50    0.0000    0.0001    0.0001
   5036.53    0.0000    0.0001    0.0001
   5037.57    0.0000    0.0001    0.0001
   5038.60    0.0000    0.0001    0.0001
   5039.63    0.0000    0.0001    0.0002
   5040.66    0.0000    0.0001    0.0002
   5041.70    0.0000    0.0001    0.0002
   5042.73    0.0000    0.0001    0.0002
   5043.76    0.0000    0.0001    0.0002
   5044.79    0.0000    0.0001    0.0002
   5045.83    0.0000    0.0001    0.0002
   5046.86    0.0000    0.0001    0.0002
   5047.89    0.0000    0.0001    0.0002
   5048.92    0.0000    0.0001    0.0002
   5049.96    0.0000    0.0001    0.0002
   5050.99    0.0000    0.0001    0.0001
   5052.02    0.0000    0.0001    0.0001
   5053.05    0.0000    0.0001    0.0001
   5054.09    0.0000    0.0001    0.0001
   5055.12    0.0000    0.0001    0.0001
   5056.15    0.0000    0.0001    0.0001
   5057.18    0.0000    0.0001    0.0001
   5058.22    0.0000    0.0001    0.0001
   5059.25    0.0000    0.0001    0.0001
   5060.28    0.0000    0.0001    0.0001
   5061.31    0.0000    0.0001    0.0001
   5062.35    0.0000    0.0001    0.0001
   5063.38    0.0000    0.0001    0.0001
   5064.41    0.0000    0.0001    0.0001
   5065.44    0.0000    0.0001    0.0001
   5066.48    0.0000    0.0001    0.0001
   5067.51    0.0000    0.0001    0.0001
   5068.54    0.0000    0.0001    0.0001
   5069.57    0.0000    0.0001    0.0001
   5070.61    0.0000    0.0001    0.0001
   5071.64    0.0000    0.0001    0.0001
   5072.67    0.0000    0.0001    0.0001
   5073.70    0.0000    0.0001    0.0001
   5074.74    0.0000    0.0001    0.0001
   5075.77    0.0000    0.0001    0.0001
   5076.80    0.0000    0.0001    0.0001
   5077.83    0.0000    0.0001    0.0001
   5078.87    0.0000    0.0001    0.0001
   5079.90    0.0000    0.0000    0.0001
   5080.93    0.0000    0.0000    0.0001
   5081.96    0.0000    0.0000    0.0001
   5083.00    0.0000    0.0000    0.0001
   5084.03    0.0000    0.0000    0.0001
   5085.06    0.0000    0.0000    0.0001
   5086.09    0.0000    0.0000    0.0001
   5087.13    0.0000    0.0000    0.0001
   5088.16    0.0000    0.0000    0.0001
   5089.19    0.0000    0.0000    0.0001
   5090.22    0.0000    0.0000    0.0001
   5091.26    0.0000    0.0000    0.0001
   5092.29    0.0000    0.0000    0.0001
   5093.32    0.0000   -0.0000    0.0001
   5094.35    0.0000   -0.0000    0.0001
   5095.39    0.0000   -0.0000    0.0001
   5096.42    0.0000   -0.0000    0.0001
   5097.45    0.0000   -0.0000    0.0001
   5098.48    0.0000   -0.0000    0.0001
   5099.52    0.0000   -0.0000    0.0001
   5100.55    0.0000   -0.0000    0.0001
   5101.58    0.0000   -0.0000    0.0001
   5102.61    0.0000   -0.0000    0.0001
   5103.65    0.0000   -0.0000    0.0001
   5104.68    0.0000   -0.0000    0.0001
   5105.71    0.0000   -0.0000    0.0001
   5106.74    0.0000   -0.0001    0.0001
   5107.78    0.0000   -0.0001    0.0002
   5108.81    0.0000   -0.0001    0.0002
   5109.84    0.0000   -0.0001    0.0002
   5110.87    0.0000   -0.0002    0.0003
   5111.91    0.0000   -0.0004    0.0005
   5112.94    0.0000   -0.0005    0.0006
   5113.97    0.0000   -0.0005    0.0006
   5115.00    0.0000   -0.0003    0.0005
   5116.04    0.0000   -0.0001    0.0003
   5117.07    0.0000    0.0001    0.0001
   5118.10    0.0000    0.0003   -0.0001
   5119.13    0.0000    0.0005   -0.0002
   5120.17    0.0000    0.0005   -0.0003
   5121.20    0.0000    0.0004   -0.0003
   5122.23    0.0000    0.0003   -0.0002
   5123.26    0.0000   -0.0000   -0.0001
   5124.30    0.0000   -0.0003    0.0001
   5125.33    0.0000   -0.0004    0.0001
   5126.36    0.0000   -0.0004    0.0000
   5127.39    0.0000   -0.0001   -0.0002
   5128.43    0.0000    0.0002   -0.0004
   5129.46    0.0000    0.0005   -0.0006
   5130.49    0.0000    0.0008   -0.0007
   5131.52    0.0000    0.0009   -0.0007
   5132.56    0.0000    0.0008   -0.0005
   5133.59    0.0000    0.0005   -0.0003
   5134.62    0.0000    0.0003   -0.0001
   5135.65    0.0000   -0.0000    0.0001
   5136.69    0.0000   -0.0002    0.0003
   5137.72    0.0000   -0.0003    0.0003
   5138.75    0.0000   -0.0003    0.0001
   5139.78    0.0000   -0.0001   -0.0000
   5140.82    0.0000    0.0001   -0.0003
   5141.85    0.0000    0.0003   -0.0005
   5142.88    0.0000    0.0005   -0.0006
   5143.91    0.0000    0.0006   -0.0007
   5144.95    0.0000    0.0006   -0.0007
   5145.98    0.0000    0.0005   -0.0006
   5147.01    0.0000    0.0004   -0.0004
   5148.04    0.0000    0.0002   -0.0002
   5149.08    0.0000    0.0000   -0.0001
   5150.11    0.0000   -0.0001    0.0000
   5151.14    0.0000   -0.0002    0.0001
   5152.17    0.0000   -0.0002    0.0001
   5153.21    0.0000   -0.0001    0.0000
   5154.24    0.0000    0.0001   -0.0001
   5155.27    0.0000    0.0002   -0.0002
   5156.30    0.0000    0.0004   -0.0003
   5157.34    0.0000    0.0005   -0.0003
   5158.37    0.0000    0.0006   -0.0004
   5159.40    0.0000    0.0006   -0.0003
   5160.43    0.0000    0.0005   -0.0003
   5161.47    0.0000    0.0004   -0.0002
   5162.50    0.0000    0.0002   -0.0001
   5163.53    0.0000    0.0001   -0.0000
   5164.56    0.0000   -0.0001    0.0000
   5165.60    0.0000   -0.0002    0.0000
   5166.63    0.0000   -0.0003    0.0000
   5167.66    0.0000   -0.0003    0.0000
   5168.69    0.0000   -0.0002   -0.0000
   5169.73    0.0000   -0.0001   -0.0001
   5170.76    0.0000    0.0001   -0.0001
   5171.79    0.0000    0.0003   -0.0002
   5172.82    0.0000    0.0004   -0.0002
   5173.86    0.0000    0.0005   -0.0002
   5174.89    0.0000    0.0006   -0.0002
   5175.92    0.0000    0.0006   -0.0001
   5176.95    0.0000    0.0006   -0.0001
   5177.99    0.0000    0.0004   -0.0001
   5179.02    0.0000    0.0003   -0.0000
   5180.05    0.0000    0.0001   -0.0000
   5181.08    0.0000   -0.0001   -0.0001
   5182.12    0.0000   -0.0002   -0.0001
   5183.15    0.0000   -0.0003   -0.0002
   5184.18    0.0000   -0.0004   -0.0002
   5185.21    0.0000   -0.0004   -0.0003
   5186.25    0.0000   -0.0003   -0.0003
   5187.28    0.0000   -0.0003   -0.0004
   5188.31    0.0000   -0.0002   -0.0004
   5189.34    0.0000   -0.0001   -0.0004
   5190.38    0.0000    0.0000   -0.0004
   5191.41    0.0000    0.0002   -0.0003
   5192.44    0.0000    0.0003   -0.0003
   5193.47    0.0000    0.0005   -0.0003
   5194.51    0.0000    0.0006   -0.0002
   5195.54    0.0000    0.0006   -0.0002
   5196.57    0.0000    0.0006   -0.0002
   5197.60    0.0000    0.0006   -0.0001
   5198.64    0.0000    0.0005   -0.0001
   5199.67    0.0000    0.0004   -0.0001
   5200.70    0.0000    0.0003   -0.0000
   5201.73    0.0000    0.0001   -0.0000
   5202.77    0.0000   -0.0000    0.0000
   5203.80    0.0000   -0.0001    0.0001
   5204.83    0.0000   -0.0002    0.0001
   5205.86    0.0000   -0.0002    0.0002
   5206.90    0.0000   -0.0002    0.0002
   5207.93    0.0000   -0.0002    0.0003
   5208.96    0.0000   -0.0001    0.0003
   5209.99    0.0000    0.0000    0.0004
   5211.03    0.0000    0.0001    0.0004
   5212.06    0.0000    0.0002    0.0004
   5213.09    0.0000    0.0004    0.0003
   5214.12    0.0000    0.0005    0.0003
   5215.16    0.0000    0.0005    0.0002
   5216.19    0.0000    0.0006    0.0001
   5217.22    0.0000    0.0006    0.0000
   5218.25    0.0000    0.0005   -0.0001
   5219.29    0.0000    0.0004   -0.0002
   5220.32    0.0000    0.0002   -0.0003
   5221.35    0.0000    0.0001   -0.0004
   5222.38    0.0000   -0.0001   -0.0005
   5223.42    0.0000   -0.0002   -0.0005
   5224.45    0.0000   -0.0004   -0.0005
   5225.48    0.0000   -0.0005   -0.0005
   5226.51    0.0000   -0.0006   -0.0004
   5227.55    0.0000   -0.0007   -0.0002
   5228.58    0.0000   -0.0007   -0.0001
   5229.61    0.0000   -0.0007    0.0001
   5230.64    0.0000   -0.0007    0.0002
   5231.68    0.0000   -0.0006    0.0003
   5232.71    0.0000   -0.0005    0.0004
   5233.74    0.0000   -0.0004    0.0005
   5234.77    0.0000   -0.0002    0.0005
   5235.81    0.0000   -0.0001    0.0005
   5236.84    0.0000    0.0001    0.0004
   5237.87    0.0000    0.0003    0.0004
