     #Time      Norm      Real      Imag
   4515.12    0.0000    0.0000    0.0000
   4516.15    0.0000    0.0000    0.0000
   4517.19    0.0000    0.0000    0.0000
   4518.22    0.0000    0.0001    0.0000
   4519.25    0.0000    0.0001    0.0000
   4520.28    0.0000    0.0001    0.0000
   4521.32    0.0000    0.0001    0.0001
   4522.35    0.0000    0.0001    0.0001
   4523.38    0.0000    0.0002    0.0001
   4524.41    0.0000    0.0002    0.0001
   4525.45    0.0000    0.0002    0.0001
   4526.48    0.0000    0.0002    0.0001
   4527.51    0.0000    0.0002    0.0001
   4528.54    0.0000    0.0003    0.0001
   4529.58    0.0000    0.0003    0.0001
   4530.61    0.0000    0.0003    0.0001
   4531.64    0.0000    0.0003    0.0002
   4532.67    0.0000    0.0003    0.0002
   4533.71    0.0000    0.0004    0.0002
   4534.74    0.0000    0.0004    0.0002
   4535.77    0.0000    0.0004    0.0002
   4536.80    0.0000    0.0004    0.0002
   4537.84    0.0000    0.0005    0.0002
   4538.87    0.0000    0.0005    0.0002
   4539.90    0.0000    0.0005    0.0002
   4540.93    0.0000    0.0005    0.0003
   4541.97    0.0000    0.0005    0.0003
   4543.00    0.0000    0.0006    0.0003
   4544.03    0.0000    0.0006    0.0003
   4545.06    0.0000    0.0006    0.0003
   4546.10    0.0000    0.0007    0.0003
   4547.13    0.0000    0.0007    0.0003
   4548.16    0.0000    0.0007    0.0003
   4549.19    0.0000    0.0007    0.0004
   4550.23    0.0000    0.0008    0.0004
   4551.26    0.0000    0.0008    0.0004
   4552.29    0.0000    0.0008    0.0004
   4553.32    0.0000    0.0008    0.0004
   4554.36    0.0000    0.0009    0.0004
   4555.39    0.0000    0.0009    0.0004
   4556.42    0.0000    0.0009    0.0005
   4557.45    0.0000    0.0010    0.0005
   4558.49    0.0000    0.0010    0.0005
   4559.52    0.0000    0.0010    0.0005
   4560.55    0.0000    0.0011    0.0005
   4561.58    0.0000    0.0011    0.0005
   4562.62    0.0000    0.0011    0.0006
   4563.65    0.0000    0.0011    0.0006
   4564.68    0.0000    0.0012    0.0006
   4565.71    0.0000    0.0012    0.0006
   4566.75    0.0000    0.0012    0.0006
   4567.78    0.0000    0.0013    0.0006
   4568.81    0.0000    0.0013    0.0007
   4569.84    0.0000    0.0013    0.0007
   4570.88    0.0000    0.0014    0.0007
   4571.91    0.0000    0.0014    0.0007
   4572.94    0.0000    0.0014    0.0007
   4573.97    0.0000    0.0015    0.0008
   4575.01    0.0000    0.0015    0.0008
   4576.04    0.0000    0.0015    0.0008
   4577.07    0.0000    0.0016    0.0008
   4578.10    0.0000    0.0016    0.0008
   4579.14    0.0000    0.0016    0.0009
   4580.17    0.0000    0.0017    0.0009
   4581.20    0.0000    0.0017    0.0009
   4582.23    0.0000    0.0018    0.0009
   4583.27    0.0000    0.0018    0.0009
   4584.30    0.0000    0.0018    0.0010
   4585.33    0.0000    0.0019    0.0010
   4586.36    0.0000    0.0019    0.0010
   4587.40    0.0000    0.0019    0.0010
   4588.43    0.0000    0.0020    0.0011
   4589.46    0.0000    0.0020    0.0011
   4590.49    0.0000    0.0020    0.0011
   4591.53    0.0000    0.0021    0.0011
   4592.56    0.0000    0.0021    0.0012
   4593.59    0.0000    0.0021    0.0012
   4594.62    0.0000    0.0022    0.0012
   4595.66    0.0000    0.0022    0.0012
   4596.69    0.0000    0.0022    0.0013
   4597.72    0.0000    0.0023    0.0013
   4598.75    0.0000    0.0023    0.0013
   4599.79    0.0000    0.0023    0.0013
   4600.82    0.0000    0.0024    0.0013
   4601.85    0.0000    0.0024    0.0014
   4602.88    0.0000    0.0024    0.0014
   4603.92    0.0000    0.0025    0.0014
   4604.95    0.0000    0.0025    0.0014
   4605.98    0.0000    0.0025    0.0015
   4607.01    0.0000    0.0025    0.0015
   4608.05    0.0000    0.0026    0.0015
   4609.08    0.0000    0.0026    0.0015
   4610.11    0.0000    0.0026    0.0016
   4611.14    0.0000    0.0026    0.0016
   4612.18    0.0000    0.0027    0.0016
   4613.21    0.0000    0.0027    0.0016
   4614.24    0.0000    0.0027    0.0016
   4615.27    0.0000    0.0027    0.0017
   4616.31    0.0000    0.0027    0.0017
   4617.34    0.0000    0.0027    0.0017
   4618.37    0.0000    0.0028    0.0017
   4619.40    0.0000    0.0028    0.0017
   4620.44    0.0000    0.0028    0.0017
   4621.47    0.0000    0.0028    0.0017
   4622.50    0.0000    0.0028    0.0018
   4623.53    0.0000    0.0028    0.0018
   4624.57    0.0000    0.0028    0.0018
   4625.60    0.0000    0.0028    0.0018
   4626.63    0.0000    0.0028    0.0018
   4627.66    0.0000    0.0028    0.0018
   4628.70    0.0000    0.0028    0.0018
   4629.73    0.0000    0.0028    0.0018
   4630.76    0.0000    0.0027    0.0018
   4631.79    0.0000    0.0027    0.0018
   4632.83    0.0000    0.0027    0.0018
   4633.86    0.0000    0.0027    0.0018
   4634.89    0.0000    0.0026    0.0018
   4635.92    0.0000    0.0026    0.0018
   4636.96    0.0000    0.0026    0.0018
   4637.99    0.0000    0.0025    0.0018
   4639.02    0.0000    0.0025    0.0017
   4640.05    0.0000    0.0025    0.0017
   4641.09    0.0000    0.0024    0.0017
   4642.12    0.0000    0.0024    0.0017
   4643.15    0.0000    0.0023    0.0016
   4644.18    0.0000    0.0023    0.0016
   4645.22    0.0000    0.0022    0.0016
   4646.25    0.0000    0.0021    0.0015
   4647.28    0.0000    0.0021    0.0015
   4648.31    0.0000    0.0020    0.0015
   4649.35    0.0000    0.0019    0.0014
   4650.38    0.0000    0.0018    0.0014
   4651.41    0.0000    0.0017    0.0013
   4652.44    0.0000    0.0017    0.0012
   4653.48    0.0000    0.0016    0.0012
   4654.51    0.0000    0.0015    0.0011
   4655.54    0.0000    0.0014    0.0011
   4656.57    0.0000    0.0013    0.0010
   4657.61    0.0000    0.0012    0.0009
   4658.64    0.0000    0.0011    0.0008
   4659.67    0.0000    0.0010    0.0007
   4660.70    0.0000    0.0008    0.0007
   4661.74    0.0000    0.0007    0.0006
   4662.77    0.0000    0.0006    0.0005
   4663.80    0.0000    0.0005    0.0004
   4664.83    0.0000    0.0004    0.0003
   4665.87    0.0000    0.0002    0.0002
   4666.90    0.0000    0.0001    0.0001
   4667.93    0.0000   -0.0000   -0.0000
   4668.96    0.0000   -0.0002   -0.0001
   4670.00    0.0000   -0.0003   -0.0002
   4671.03    0.0000   -0.0004   -0.0004
   4672.06    0.0000   -0.0005   -0.0005
   4673.09    0.0000   -0.0007   -0.0006
   4674.13    0.0000   -0.0008   -0.0007
   4675.16    0.0000   -0.0009   -0.0008
   4676.19    0.0000   -0.0011   -0.0009
   4677.22    0.0000   -0.0012   -0.0010
   4678.26    0.0000   -0.0013   -0.0011
   4679.29    0.0000   -0.0014   -0.0013
   4680.32    0.0000   -0.0015   -0.0014
   4681.35    0.0000   -0.0016   -0.0015
   4682.39    0.0000   -0.0017   -0.0016
   4683.42    0.0000   -0.0018   -0.0017
   4684.45    0.0000   -0.0019   -0.0018
   4685.48    0.0000   -0.0020   -0.0018
   4686.52    0.0000   -0.0021   -0.0019
   4687.55    0.0000   -0.0021   -0.0020
   4688.58    0.0000   -0.0022   -0.0021
   4689.61    0.0000   -0.0022   -0.0021
   4690.65    0.0000   -0.0023   -0.0022
   4691.68    0.0000   -0.0023   -0.0022
   4692.71    0.0000   -0.0023   -0.0022
   4693.74    0.0000   -0.0023   -0.0023
   4694.78    0.0000   -0.0023   -0.0023
   4695.81    0.0000   -0.0023   -0.0023
   4696.84    0.0000   -0.0022   -0.0022
   4697.87    0.0000   -0.0022   -0.0022
   4698.91    0.0000   -0.0021   -0.0022
   4699.94    0.0000   -0.0020   -0.0021
   4700.97    0.0000   -0.0020   -0.0020
   4702.00    0.0000   -0.0019   -0.0020
   4703.04    0.0000   -0.0017   -0.0019
   4704.07    0.0000   -0.0016   -0.0017
   4705.10    0.0000   -0.0015   -0.0016
   4706.13    0.0000   -0.0013   -0.0015
   4707.17    0.0000   -0.0012   -0.0013
   4708.20    0.0000   -0.0010   -0.0012
   4709.23    0.0000   -0.0008   -0.0010
   4710.26    0.0000   -0.0006   -0.0008
   4711.30    0.0000   -0.0004   -0.0006
   4712.33    0.0000   -0.0002   -0.0004
   4713.36    0.0000   -0.0000   -0.0002
   4714.39    0.0000    0.0002    0.0000
   4715.43    0.0000    0.0004    0.0003
   4716.46    0.0000    0.0006    0.0005
   4717.49    0.0000    0.0008    0.0007
   4718.52    0.0000    0.0010    0.0009
   4719.56    0.0000    0.0012    0.0011
   4720.59    0.0000    0.0014    0.0013
   4721.62    0.0000    0.0015    0.0015
   4722.65    0.0000    0.0017    0.0017
   4723.69    0.0000    0.0018    0.0019
   4724.72    0.0000    0.0019    0.0020
   4725.75    0.0000    0.0020    0.0021
   4726.78    0.0000    0.0021    0.0022
   4727.82    0.0000    0.0021    0.0023
   4728.85    0.0000    0.0021    0.0023
   4729.88    0.0000    0.0021    0.0023
   4730.91    0.0000    0.0021    0.0023
   4731.95    0.0000    0.0020    0.0023
   4732.98    0.0000    0.0019    0.0022
   4734.01    0.0000    0.0018    0.0021
   4735.04    0.0000    0.0016    0.0019
   4736.08    0.0000    0.0015    0.0018
   4737.11    0.0000    0.0013    0.0016
   4738.14    0.0000    0.0010    0.0013
   4739.17    0.0000    0.0008    0.0010
   4740.21    0.0000    0.0005    0.0008
   4741.24    0.0000    0.0002    0.0005
   4742.27    0.0000   -0.0000    0.0001
   4743.30    0.0000   -0.0003   -0.0002
   4744.34    0.0000   -0.0006   -0.0005
   4745.37    0.0000   -0.0009   -0.0008
   4746.40    0.0000   -0.0011   -0.0011
   4747.43    0.0000   -0.0014   -0.0014
   4748.47    0.0000   -0.0016   -0.0017
   4749.50    0.0000   -0.0018   -0.0019
   4750.53    0.0000   -0.0019   -0.0021
   4751.56    0.0000   -0.0020   -0.0023
   4752.60    0.0000   -0.0021   -0.0024
   4753.63    0.0000   -0.0021   -0.0024
   4754.66    0.0000   -0.0021   -0.0024
   4755.69    0.0000   -0.0020   -0.0023
   4756.73    0.0000   -0.0018   -0.0022
   4757.76    0.0000   -0.0016   -0.0020
   4758.79    0.0000   -0.0014   -0.0018
   4759.82    0.0000   -0.0011   -0.0015
   4760.86    0.0000   -0.0008   -0.0011
   4761.89    0.0000   -0.0004   -0.0007
   4762.92    0.0000   -0.0001   -0.0003
   4763.95    0.0000    0.0003    0.0001
   4764.99    0.0000    0.0007    0.0006
   4766.02    0.0000    0.0010    0.0010
   4767.05    0.0000    0.0013    0.0014
   4768.08    0.0000    0.0016    0.0017
   4769.12    0.0000    0.0018    0.0020
   4770.15    0.0000    0.0020    0.0022
   4771.18    0.0000    0.0021    0.0024
   4772.21    0.0000    0.0021    0.0024
   4773.25    0.0000    0.0020    0.0024
   4774.28    0.0000    0.0018    0.0023
   4775.31    0.0000    0.0016    0.0020
   4776.34    0.0000    0.0013    0.0017
   4777.38    0.0000    0.0009    0.0013
   4778.41    0.0000    0.0005    0.0008
   4779.44    0.0000    0.0001    0.0003
   4780.47    0.0000   -0.0004   -0.0002
   4781.51    0.0000   -0.0008   -0.0007
   4782.54    0.0000   -0.0012   -0.0012
   4783.57    0.0000   -0.0015   -0.0017
   4784.60    0.0000   -0.0018   -0.0020
   4785.64    0.0000   -0.0020   -0.0023
   4786.67    0.0000   -0.0021   -0.0024
   4787.70    0.0000   -0.0020   -0.0024
   4788.73    0.0000   -0.0019   -0.0023
   4789.77    0.0000   -0.0016   -0.0020
   4790.80    0.0000   -0.0012   -0.0016
   4791.83    0.0000   -0.0008   -0.0011
   4792.86    0.0000   -0.0003   -0.0005
   4793.90    0.0000    0.0003    0.0001
   4794.93    0.0000    0.0008    0.0007
   4795.96    0.0000    0.0013    0.0013
   4796.99    0.0000    0.0016    0.0018
   4798.03    0.0000    0.0019    0.0022
   4799.06    0.0000    0.0021    0.0024
   4800.09    0.0000    0.0021    0.0024
   4801.12    0.0000    0.0019    0.0023
   4802.16    0.0000    0.0016    0.0020
   4803.19    0.0000    0.0011    0.0015
   4804.22    0.0000    0.0006    0.0009
   4805.25    0.0000   -0.0000    0.0002
   4806.29    0.0000   -0.0007   -0.0005
   4807.32    0.0000   -0.0012   -0.0012
   4808.35    0.0000   -0.0017   -0.0018
   4809.38    0.0000   -0.0020   -0.0022
   4810.42    0.0000   -0.0021   -0.0024
   4811.45    0.0000   -0.0020   -0.0024
   4812.48    0.0000   -0.0017   -0.0021
   4813.51    0.0000   -0.0013   -0.0016
   4814.55    0.0000   -0.0007   -0.0010
   4815.58    0.0000   -0.0000   -0.0002
   4816.61    0.0000    0.0007    0.0006
   4817.64    0.0000    0.0013    0.0013
   4818.68    0.0000    0.0018    0.0019
   4819.71    0.0000    0.0021    0.0023
   4820.74    0.0000    0.0021    0.0024
   4821.77    0.0000    0.0019    0.0022
   4822.81    0.0000    0.0014    0.0018
   4823.84    0.0000    0.0008    0.0011
   4824.87    0.0000    0.0001    0.0003
   4825.90    0.0000   -0.0007   -0.0006
   4826.94    0.0000   -0.0014   -0.0014
   4827.97    0.0000   -0.0019   -0.0020
   4829.00    0.0000   -0.0021   -0.0023
   4830.03    0.0000   -0.0021   -0.0023
   4831.07    0.0000   -0.0017   -0.0020
   4832.10    0.0000   -0.0011   -0.0014
   4833.13    0.0000   -0.0004   -0.0006
   4834.16    0.0000    0.0005    0.0003
   4835.20    0.0000    0.0013    0.0012
   4836.23    0.0000    0.0018    0.0019
   4837.26    0.0000    0.0021    0.0023
   4838.29    0.0000    0.0021    0.0023
   4839.33    0.0000    0.0017    0.0020
   4840.36    0.0000    0.0010    0.0013
   4841.39    0.0000    0.0001    0.0004
   4842.42    0.0000   -0.0008   -0.0006
   4843.46    0.0000   -0.0015   -0.0015
   4844.49    0.0000   -0.0020   -0.0021
   4845.52    0.0000   -0.0022   -0.0023
   4846.55    0.0000   -0.0019   -0.0021
   4847.59    0.0000   -0.0013   -0.0016
   4848.62    0.0000   -0.0004   -0.0007
   4849.65    0.0000    0.0005    0.0004
   4850.68    0.0000    0.0014    0.0013
   4851.72    0.0000    0.0020    0.0020
   4852.75    0.0000    0.0022    0.0023
   4853.78    0.0000    0.0020    0.0021
   4854.81    0.0000    0.0013    0.0015
   4855.85    0.0000    0.0008    0.0012
   4856.88    0.0000    0.0008    0.0013
   4857.91    0.0000    0.0008    0.0014
   4858.94    0.0000    0.0007    0.0014
   4859.98    0.0000    0.0006    0.0015
   4861.01    0.0000    0.0005    0.0015
   4862.04    0.0000    0.0005    0.0015
   4863.07    0.0000    0.0004    0.0015
   4864.11    0.0000    0.0003    0.0015
   4865.14    0.0000    0.0002    0.0015
   4866.17    0.0000    0.0001    0.0014
   4867.20    0.0000   -0.0000    0.0013
   4868.24    0.0000   -0.0002    0.0012
   4869.27    0.0000   -0.0003    0.0011
   4870.30    0.0000   -0.0004    0.0010
   4871.33    0.0000   -0.0005    0.0008
   4872.37    0.0000   -0.0006    0.0007
   4873.40    0.0000   -0.0006    0.0005
   4874.43    0.0000   -0.0007    0.0003
   4875.46    0.0000   -0.0008    0.0001
   4876.50    0.0000   -0.0008   -0.0001
   4877.53    0.0000   -0.0009   -0.0003
   4878.56    0.0000   -0.0009   -0.0005
   4879.59    0.0000   -0.0009   -0.0007
   4880.63    0.0000   -0.0009   -0.0008
   4881.66    0.0000   -0.0009   -0.0010
   4882.69    0.0000   -0.0009   -0.0011
   4883.72    0.0000   -0.0008   -0.0013
   4884.76    0.0000   -0.0008   -0.0014
   4885.79    0.0000   -0.0007   -0.0015
   4886.82    0.0000   -0.0006   -0.0015
   4887.85    0.0000   -0.0005   -0.0015
   4888.89    0.0000   -0.0004   -0.0015
   4889.92    0.0000   -0.0003   -0.0015
   4890.95    0.0000   -0.0001   -0.0015
   4891.98    0.0000   -0.0000   -0.0014
   4893.02    0.0000    0.0001   -0.0013
   4894.05    0.0000    0.0002   -0.0012
   4895.08    0.0000    0.0004   -0.0010
   4896.11    0.0000    0.0005   -0.0008
   4897.15    0.0000    0.0006   -0.0006
   4898.18    0.0000    0.0007   -0.0004
   4899.21    0.0000    0.0008   -0.0002
   4900.24    0.0000    0.0008   -0.0000
   4901.28    0.0000    0.0009    0.0002
   4902.31    0.0000    0.0009    0.0004
   4903.34    0.0000    0.0009    0.0006
   4904.37    0.0000    0.0009    0.0008
   4905.41    0.0000    0.0009    0.0010
   4906.44    0.0000    0.0009    0.0011
   4907.47    0.0000    0.0008    0.0013
   4908.50    0.0000    0.0008    0.0014
   4909.54    0.0000    0.0007    0.0015
   4910.57    0.0000    0.0006    0.0015
   4911.60    0.0000    0.0004    0.0015
   4912.63    0.0000    0.0003    0.0015
   4913.67    0.0000    0.0002    0.0014
   4914.70    0.0000    0.0001    0.0014
   4915.73    0.0000   -0.0001    0.0013
   4916.76    0.0000   -0.0002    0.0011
   4917.80    0.0000   -0.0004    0.0010
   4918.83    0.0000   -0.0005    0.0008
   4919.86    0.0000   -0.0011    0.0002
   4920.89    0.0000   -0.0021   -0.0008
   4921.93    0.0000   -0.0026   -0.0016
   4922.96    0.0000   -0.0026   -0.0021
   4923.99    0.0000   -0.0020   -0.0021
   4925.02    0.0000   -0.0010   -0.0017
   4926.06    0.0000    0.0002   -0.0009
   4927.09    0.0000    0.0013   -0.0000
   4928.12    0.0000    0.0022    0.0009
   4929.15    0.0000    0.0026    0.0017
   4930.19    0.0000    0.0026    0.0021
   4931.22    0.0000    0.0020    0.0021
   4932.25    0.0000    0.0011    0.0017
   4933.28    0.0000   -0.0000    0.0010
   4934.32    0.0000   -0.0011    0.0002
   4935.35    0.0000   -0.0020   -0.0007
   4936.38    0.0000   -0.0026   -0.0015
   4937.41    0.0000   -0.0027   -0.0020
   4938.45    0.0000   -0.0023   -0.0021
   4939.48    0.0000   -0.0016   -0.0019
   4940.51    0.0000   -0.0006   -0.0014
   4941.54    0.0000    0.0005   -0.0007
   4942.58    0.0000    0.0015    0.0001
   4943.61    0.0000    0.0022    0.0009
   4944.64    0.0000    0.0027    0.0016
   4945.67    0.0000    0.0027    0.0020
   4946.71    0.0000    0.0023    0.0021
   4947.74    0.0000    0.0016    0.0019
   4948.77    0.0000    0.0007    0.0015
   4949.80    0.0000   -0.0003    0.0008
   4950.84    0.0000   -0.0012    0.0001
   4951.87    0.0000   -0.0020   -0.0007
   4952.90    0.0000   -0.0025   -0.0013
   4953.93    0.0000   -0.0027   -0.0018
   4954.97    0.0000   -0.0026   -0.0021
   4956.00    0.0000   -0.0021   -0.0021
   4957.03    0.0000   -0.0014   -0.0018
   4958.06    0.0000   -0.0006   -0.0014
   4959.10    0.0000    0.0003   -0.0008
   4960.13    0.0000    0.0012   -0.0002
   4961.16    0.0000    0.0019    0.0005
   4962.19    0.0000    0.0024    0.0011
   4963.23    0.0000    0.0027    0.0016
   4964.26    0.0000    0.0027    0.0019
   4965.29    0.0000    0.0024    0.0021
   4966.32    0.0000    0.0019    0.0020
   4967.36    0.0000    0.0013    0.0017
   4968.39    0.0000    0.0005    0.0013
   4969.42    0.0000   -0.0003    0.0008
   4970.45    0.0000   -0.0011    0.0002
   4971.49    0.0000   -0.0018   -0.0004
   4972.52    0.0000   -0.0023   -0.0009
   4973.55    0.0000   -0.0026   -0.0014
   4974.58    0.0000   -0.0027   -0.0018
   4975.62    0.0000   -0.0026   -0.0020
   4976.65    0.0000   -0.0024   -0.0021
   4977.68    0.0000   -0.0019   -0.0020
   4978.71    0.0000   -0.0014   -0.0018
   4979.75    0.0000   -0.0007   -0.0015
   4980.78    0.0000   -0.0000   -0.0011
   4981.81    0.0000    0.0007   -0.0006
   4982.84    0.0000    0.0013   -0.0001
   4983.88    0.0000    0.0019    0.0004
   4984.91    0.0000    0.0023    0.0009
   4985.94    0.0000    0.0026    0.0013
   4986.97    0.0000    0.0027    0.0016
   4988.01    0.0000    0.0027    0.0019
   4989.04    0.0000    0.0026    0.0020
   4990.07    0.0000    0.0023    0.0020
   4991.10    0.0000    0.0019    0.0020
   4992.14    0.0000    0.0014    0.0018
   4993.17    0.0000    0.0009    0.0015
   4994.20    0.0000    0.0003    0.0012
   4995.23    0.0000   -0.0003    0.0008
   4996.27    0.0000   -0.0008    0.0004
   4997.30    0.0000   -0.0014   -0.0000
   4998.33    0.0000   -0.0018   -0.0005
   4999.36    0.0000   -0.0022   -0.0008
   5000.40    0.0000   -0.0025   -0.0012
   5001.43    0.0000   -0.0026   -0.0015
   5002.46    0.0000   -0.0027   -0.0018
   5003.49    0.0000   -0.0027   -0.0020
   5004.53    0.0000   -0.0026   -0.0021
   5005.56    0.0000   -0.0024   -0.0021
   5006.59    0.0000   -0.0021   -0.0021
   5007.62    0.0000   -0.0017   -0.0020
   5008.66    0.0000   -0.0013   -0.0018
   5009.69    0.0000   -0.0009   -0.0016
   5010.72    0.0000   -0.0004   -0.0013
   5011.75    0.0000    0.0000   -0.0010
   5012.79    0.0000    0.0005   -0.0007
   5013.82    0.0000    0.0009   -0.0004
   5014.85    0.0000    0.0013   -0.0000
   5015.88    0.0000    0.0017    0.0003
   5016.92    0.0000    0.0020    0.0006
   5017.95    0.0000    0.0023    0.0009
   5018.98    0.0000    0.0025    0.0012
   5020.01    0.0000    0.0026    0.0015
   5021.05    0.0000    0.0027    0.0017
   5022.08    0.0000    0.0027    0.0019
   5023.11    0.0000    0.0026    0.0020
   5024.14    0.0000    0.0025    0.0021
   5025.18    0.0000    0.0024    0.0021
   5026.21    0.0000    0.0022    0.0021
   5027.24    0.0000    0.0019    0.0020
   5028.27    0.0000    0.0017    0.0019
   5029.31    0.0000    0.0014    0.0018
   5030.34    0.0000    0.0010    0.0016
   5031.37    0.0000    0.0007    0.0014
   5032.40    0.0000    0.0003    0.0012
   5033.44    0.0000   -0.0000    0.0010
   5034.47    0.0000   -0.0004    0.0007
   5035.50    0.0000   -0.0007    0.0005
   5036.53    0.0000   -0.0010    0.0002
   5037.57    0.0000   -0.0013   -0.0001
   5038.60    0.0000   -0.0016   -0.0004
   5039.63    0.0000   -0.0018   -0.0006
   5040.66    0.0000   -0.0020   -0.0009
   5041.70    0.0000   -0.0022   -0.0011
   5042.73    0.0000   -0.0023   -0.0013
   5043.76    0.0000   -0.0025   -0.0015
   5044.79    0.0000   -0.0025   -0.0017
   5045.83    0.0000   -0.0026   -0.0019
   5046.86    0.0000   -0.0026   -0.0020
   5047.89    0.0000   -0.0026   -0.0021
   5048.92    0.0000   -0.0025   -0.0022
   5049.96    0.0000   -0.0024   -0.0022
   5050.99    0.0000   -0.0023   -0.0022
   5052.02    0.0000   -0.0022   -0.0022
   5053.05    0.0000   -0.0020   -0.0022
   5054.09    0.0000   -0.0018   -0.0022
   5055.12    0.0000   -0.0017   -0.0021
   5056.15    0.0000   -0.0015   -0.0020
   5057.18    0.0000   -0.0012   -0.0019
   5058.22    0.0000   -0.0010   -0.0018
   5059.25    0.0000   -0.0008   -0.0016
   5060.28    0.0000   -0.0005   -0.0015
   5061.31    0.0000   -0.0003   -0.0013
   5062.35    0.0000   -0.0001   -0.0011
   5063.38    0.0000    0.0002   -0.0010
   5064.41    0.0000    0.0004   -0.0008
   5065.44    0.0000    0.0006   -0.0006
   5066.48    0.0000    0.0008   -0.0004
   5067.51    0.0000    0.0011   -0.0002
   5068.54    0.0000    0.0012    0.0000
   5069.57    0.0000    0.0014    0.0002
   5070.61    0.0000    0.0016    0.0004
   5071.64    0.0000    0.0018    0.0006
   5072.67    0.0000    0.0019    0.0008
   5073.70    0.0000    0.0020    0.0010
   5074.74    0.0000    0.0021    0.0011
   5075.77    0.0000    0.0022    0.0013
   5076.80    0.0000    0.0023    0.0015
   5077.83    0.0000    0.0024    0.0016
   5078.87    0.0000    0.0024    0.0017
   5079.90    0.0000    0.0025    0.0018
   5080.93    0.0000    0.0025    0.0019
   5081.96    0.0000    0.0025    0.0020
   5083.00    0.0000    0.0025    0.0021
   5084.03    0.0000    0.0025    0.0022
   5085.06    0.0000    0.0024    0.0022
   5086.09    0.0000    0.0024    0.0023
   5087.13    0.0000    0.0023    0.0023
   5088.16    0.0000    0.0023    0.0023
   5089.19    0.0000    0.0022    0.0023
   5090.22    0.0000    0.0021    0.0023
   5091.26    0.0000    0.0020    0.0023
   5092.29    0.0000    0.0019    0.0023
   5093.32    0.0000    0.0018    0.0023
   5094.35    0.0000    0.0017    0.0022
   5095.39    0.0000    0.0015    0.0022
   5096.42    0.0000    0.0014    0.0021
   5097.45    0.0000    0.0013    0.0021
   5098.48    0.0000    0.0012    0.0020
   5099.52    0.0000    0.0010    0.0019
   5100.55    0.0000    0.0009    0.0018
   5101.58    0.0000    0.0007    0.0017
   5102.61    0.0000    0.0006    0.0016
   5103.65    0.0000    0.0005    0.0015
   5104.68    0.0000    0.0003    0.0014
   5105.71    0.0000    0.0002    0.0013
   5106.74    0.0000    0.0000    0.0012
   5107.78    0.0000   -0.0001    0.0010
   5108.81    0.0000   -0.0002    0.0009
   5109.84    0.0000   -0.0004    0.0008
   5110.87    0.0000   -0.0005    0.0007
   5111.91    0.0000   -0.0006    0.0005
   5112.94    0.0000   -0.0007    0.0004
   5113.97    0.0000   -0.0009    0.0003
   5115.00    0.0000   -0.0010    0.0002
   5116.04    0.0000   -0.0011    0.0000
   5117.07    0.0000   -0.0012   -0.0001
   5118.10    0.0000   -0.0013   -0.0002
   5119.13    0.0000   -0.0014   -0.0003
   5120.17    0.0000   -0.0015   -0.0005
   5121.20    0.0000   -0.0016   -0.0006
   5122.23    0.0000   -0.0017   -0.0007
   5123.26    0.0000   -0.0018   -0.0008
   5124.30    0.0000   -0.0018   -0.0009
   5125.33    0.0000   -0.0019   -0.0010
   5126.36    0.0000   -0.0020   -0.0011
   5127.39    0.0000   -0.0020   -0.0012
   5128.43    0.0000   -0.0021   -0.0013
   5129.46    0.0000   -0.0021   -0.0014
   5130.49    0.0000   -0.0022   -0.0015
   5131.52    0.0000   -0.0022   -0.0016
   5132.56    0.0000   -0.0023   -0.0017
   5133.59    0.0000   -0.0023   -0.0018
   5134.62    0.0000   -0.0023   -0.0018
   5135.65    0.0000   -0.0023   -0.0019
   5136.69    0.0000   -0.0024   -0.0020
   5137.72    0.0000   -0.0024   -0.0020
   5138.75    0.0000   -0.0024   -0.0021
   5139.78    0.0000   -0.0024   -0.0021
   5140.82    0.0000   -0.0024   -0.0022
   5141.85    0.0000   -0.0024   -0.0022
   5142.88    0.0000   -0.0024   -0.0023
   5143.91    0.0000   -0.0024   -0.0023
   5144.95    0.0000   -0.0023   -0.0023
   5145.98    0.0000   -0.0023   -0.0024
   5147.01    0.0000   -0.0023   -0.0024
   5148.04    0.0000   -0.0023   -0.0024
   5149.08    0.0000   -0.0022   -0.0024
   5150.11    0.0000   -0.0022   -0.0024
   5151.14    0.0000   -0.0021   -0.0024
   5152.17    0.0000   -0.0021   -0.0024
   5153.21    0.0000   -0.0021   -0.0024
   5154.24    0.0000   -0.0020   -0.0024
   5155.27    0.0000   -0.0020   -0.0024
   5156.30    0.0000   -0.0019   -0.0024
   5157.34    0.0000   -0.0018   -0.0024
   5158.37    0.0000   -0.0018   -0.0023
   5159.40    0.0000   -0.0017   -0.0023
   5160.43    0.0000   -0.0017   -0.0023
   5161.47    0.0000   -0.0016   -0.0022
   5162.50    0.0000   -0.0015   -0.0022
   5163.53    0.0000   -0.0014   -0.0022
   5164.56    0.0000   -0.0014   -0.0021
   5165.60    0.0000   -0.0013   -0.0021
   5166.63    0.0000   -0.0012   -0.0020
   5167.66    0.0000   -0.0011   -0.0020
   5168.69    0.0000   -0.0011   -0.0019
   5169.73    0.0000   -0.0010   -0.0018
   5170.76    0.0000   -0.0009   -0.0018
   5171.79    0.0000   -0.0008   -0.0017
   5172.82    0.0000   -0.0007   -0.0016
   5173.86    0.0000   -0.0006   -0.0016
   5174.89    0.0000   -0.0005   -0.0015
   5175.92    0.0000   -0.0004   -0.0014
   5176.95    0.0000   -0.0003   -0.0013
   5177.99    0.0000   -0.0003   -0.0012
   5179.02    0.0000   -0.0002   -0.0012
   5180.05    0.0000   -0.0001   -0.0011
   5181.08    0.0000    0.0000   -0.0010
   5182.12    0.0000    0.0001   -0.0009
   5183.15    0.0000    0.0002   -0.0008
   5184.18    0.0000    0.0003   -0.0007
   5185.21    0.0000    0.0004   -0.0006
   5186.25    0.0000    0.0005   -0.0005
   5187.28    0.0000    0.0006   -0.0004
   5188.31    0.0000    0.0007   -0.0003
   5189.34    0.0000    0.0008   -0.0002
   5190.38    0.0000    0.0009   -0.0001
   5191.41    0.0000    0.0010    0.0000
   5192.44    0.0000    0.0011    0.0001
   5193.47    0.0000    0.0011    0.0002
   5194.51    0.0000    0.0012    0.0003
   5195.54    0.0000    0.0013    0.0004
   5196.57    0.0000    0.0014    0.0006
   5197.60    0.0000    0.0015    0.0007
   5198.64    0.0000    0.0016    0.0008
   5199.67    0.0000    0.0016    0.0009
   5200.70    0.0000    0.0017    0.0010
   5201.73    0.0000    0.0018    0.0011
   5202.77    0.0000    0.0018    0.0012
   5203.80    0.0000    0.0019    0.0013
   5204.83    0.0000    0.0020    0.0014
   5205.86    0.0000    0.0020    0.0015
   5206.90    0.0000    0.0021    0.0016
   5207.93    0.0000    0.0021    0.0017
   5208.96    0.0000    0.0022    0.0018
   5209.99    0.0000    0.0022    0.0018
   5211.03    0.0000    0.0022    0.0019
   5212.06    0.0000    0.0022    0.0020
   5213.09    0.0000    0.0023    0.0021
   5214.12    0.0000    0.0023    0.0022
   5215.16    0.0000    0.0023    0.0022
   5216.19    0.0000    0.0023    0.0023
   5217.22    0.0000    0.0023    0.0023
   5218.25    0.0000    0.0022    0.0024
   5219.29    0.0000    0.0022    0.0024
   5220.32    0.0000    0.0022    0.0024
   5221.35    0.0000    0.0021    0.0025
   5222.38    0.0000    0.0021    0.0025
   5223.42    0.0000    0.0020    0.0025
   5224.45    0.0000    0.0019    0.0025
   5225.48    0.0000    0.0018    0.0025
   5226.51    0.0000    0.0017    0.0024
   5227.55    0.0000    0.0016    0.0024
   5228.58    0.0000    0.0015    0.0023
   5229.61    0.0000    0.0014    0.0023
   5230.64    0.0000    0.0013    0.0022
   5231.68    0.0000    0.0011    0.0021
   5232.71    0.0000    0.0010    0.0020
   5233.74    0.0000    0.0008    0.0019
   5234.77    0.0000    0.0006    0.0018
   5235.81    0.0000    0.0004    0.0016
