     #Time      Norm      Real      Imag
   3910.08    0.0000   -0.0002   -0.0012
   3910.08    0.0000   -0.0005   -0.0035
   3911.11    0.0000   -0.0009   -0.0059
   3912.14    0.0001   -0.0013   -0.0083
   3913.17    0.0001   -0.0017   -0.0107
   3914.21    0.0002   -0.0022   -0.0132
   3915.24    0.0003   -0.0026   -0.0157
   3916.27    0.0003   -0.0031   -0.0182
   3917.30    0.0004   -0.0036   -0.0207
   3918.34    0.0006   -0.0041   -0.0232
   3919.37    0.0007   -0.0046   -0.0258
   3920.40    0.0008   -0.0051   -0.0284
   3921.43    0.0010   -0.0057   -0.0310
   3922.47    0.0012   -0.0062   -0.0336
   3923.50    0.0014   -0.0068   -0.0362
   3924.53    0.0016   -0.0074   -0.0389
   3925.56    0.0018   -0.0080   -0.0416
   3926.60    0.0020   -0.0086   -0.0443
   3927.63    0.0023   -0.0092   -0.0470
   3928.66    0.0026   -0.0099   -0.0498
   3929.69    0.0029   -0.0105   -0.0525
   3930.73    0.0032   -0.0112   -0.0553
   3931.76    0.0035   -0.0119   -0.0581
   3932.79    0.0039   -0.0126   -0.0609
   3933.82    0.0042   -0.0133   -0.0637
   3934.86    0.0046   -0.0140   -0.0665
   3935.89    0.0050   -0.0147   -0.0693
   3936.92    0.0054   -0.0154   -0.0722
   3937.95    0.0059   -0.0162   -0.0750
   3938.99    0.0064   -0.0169   -0.0779
   3940.02    0.0068   -0.0177   -0.0808
   3941.05    0.0073   -0.0184   -0.0837
   3942.08    0.0079   -0.0192   -0.0866
   3943.12    0.0084   -0.0200   -0.0895
   3944.15    0.0090   -0.0208   -0.0924
   3945.18    0.0096   -0.0216   -0.0954
   3946.21    0.0102   -0.0224   -0.0983
   3947.25    0.0108   -0.0232   -0.1012
   3948.28    0.0114   -0.0240   -0.1042
   3949.31    0.0121   -0.0248   -0.1071
   3950.34    0.0128   -0.0256   -0.1101
   3951.38    0.0135   -0.0264   -0.1130
   3952.41    0.0142   -0.0272   -0.1160
   3953.44    0.0149   -0.0280   -0.1190
   3954.47    0.0157   -0.0289   -0.1219
   3955.51    0.0165   -0.0297   -0.1249
   3956.54    0.0173   -0.0305   -0.1279
   3957.57    0.0181   -0.0313   -0.1308
   3958.60    0.0189   -0.0322   -0.1338
   3959.64    0.0198   -0.0330   -0.1367
   3960.67    0.0207   -0.0338   -0.1397
   3961.70    0.0216   -0.0346   -0.1427
   3962.73    0.0225   -0.0355   -0.1456
   3963.77    0.0234   -0.0363   -0.1486
   3964.80    0.0243   -0.0371   -0.1515
   3965.83    0.0253   -0.0379   -0.1545
   3966.86    0.0263   -0.0387   -0.1574
   3967.90    0.0273   -0.0395   -0.1603
   3968.93    0.0283   -0.0403   -0.1632
   3969.96    0.0293   -0.0411   -0.1661
   3970.99    0.0303   -0.0419   -0.1690
   3972.03    0.0314   -0.0427   -0.1719
   3973.06    0.0325   -0.0435   -0.1748
   3974.09    0.0335   -0.0443   -0.1777
   3975.12    0.0346   -0.0450   -0.1806
   3976.16    0.0357   -0.0458   -0.1834
   3977.19    0.0369   -0.0465   -0.1863
   3978.22    0.0380   -0.0473   -0.1891
   3979.25    0.0391   -0.0480   -0.1919
   3980.29    0.0403   -0.0487   -0.1947
   3981.32    0.0415   -0.0494   -0.1975
   3982.35    0.0426   -0.0501   -0.2003
   3983.38    0.0438   -0.0508   -0.2030
   3984.42    0.0450   -0.0515   -0.2058
   3985.45    0.0462   -0.0522   -0.2085
   3986.48    0.0474   -0.0529   -0.2113
   3987.51    0.0486   -0.0535   -0.2140
   3988.55    0.0499   -0.0542   -0.2166
   3989.58    0.0511   -0.0548   -0.2193
   3990.61    0.0523   -0.0554   -0.2220
   3991.64    0.0536   -0.0560   -0.2246
   3992.68    0.0548   -0.0566   -0.2272
   3993.71    0.0561   -0.0572   -0.2298
   3994.74    0.0574   -0.0578   -0.2324
   3995.77    0.0586   -0.0583   -0.2350
   3996.81    0.0599   -0.0589   -0.2376
   3997.84    0.0612   -0.0594   -0.2401
   3998.87    0.0625   -0.0600   -0.2426
   3999.90    0.0638   -0.0605   -0.2451
   4000.94    0.0650   -0.0610   -0.2476
   4001.97    0.0663   -0.0615   -0.2501
   4003.00    0.0676   -0.0619   -0.2526
   4004.03    0.0689   -0.0624   -0.2550
   4005.07    0.0702   -0.0629   -0.2574
   4006.10    0.0715   -0.0633   -0.2598
   4007.13    0.0728   -0.0637   -0.2622
   4008.16    0.0741   -0.0641   -0.2646
   4009.20    0.0754   -0.0646   -0.2670
   4010.23    0.0767   -0.0649   -0.2693
   4011.26    0.0780   -0.0653   -0.2716
   4012.29    0.0794   -0.0657   -0.2739
   4013.33    0.0807   -0.0661   -0.2762
   4014.36    0.0820   -0.0664   -0.2785
   4015.39    0.0833   -0.0668   -0.2808
   4016.42    0.0846   -0.0671   -0.2831
   4017.46    0.0859   -0.0674   -0.2853
   4018.49    0.0873   -0.0677   -0.2875
   4019.52    0.0886   -0.0680   -0.2897
   4020.55    0.0899   -0.0683   -0.2919
   4021.59    0.0912   -0.0686   -0.2941
   4022.62    0.0925   -0.0688   -0.2963
   4023.65    0.0939   -0.0691   -0.2985
   4024.68    0.0952   -0.0694   -0.3007
   4025.72    0.0965   -0.0696   -0.3028
   4026.75    0.0979   -0.0698   -0.3049
   4027.78    0.0992   -0.0701   -0.3071
   4028.81    0.1005   -0.0703   -0.3092
   4029.85    0.1019   -0.0705   -0.3113
   4030.88    0.1032   -0.0707   -0.3134
   4031.91    0.1046   -0.0709   -0.3155
   4032.94    0.1059   -0.0711   -0.3176
   4033.98    0.1073   -0.0713   -0.3197
   4035.01    0.1086   -0.0715   -0.3218
   4036.04    0.1100   -0.0716   -0.3238
   4037.07    0.1114   -0.0718   -0.3259
   4038.11    0.1127   -0.0720   -0.3280
   4039.14    0.1141   -0.0721   -0.3300
   4040.17    0.1155   -0.0723   -0.3321
   4041.20    0.1169   -0.0724   -0.3341
   4042.24    0.1183   -0.0726   -0.3361
   4043.27    0.1197   -0.0727   -0.3382
   4044.30    0.1211   -0.0729   -0.3402
   4045.33    0.1225   -0.0730   -0.3422
   4046.37    0.1239   -0.0731   -0.3443
   4047.40    0.1253   -0.0733   -0.3463
   4048.43    0.1267   -0.0734   -0.3483
   4049.46    0.1282   -0.0735   -0.3504
   4050.50    0.1296   -0.0736   -0.3524
   4051.53    0.1310   -0.0738   -0.3544
   4052.56    0.1325   -0.0739   -0.3564
   4053.59    0.1340   -0.0740   -0.3585
   4054.63    0.1354   -0.0741   -0.3605
   4055.66    0.1369   -0.0742   -0.3625
   4056.69    0.1384   -0.0743   -0.3645
   4057.72    0.1399   -0.0745   -0.3665
   4058.76    0.1414   -0.0746   -0.3686
   4059.79    0.1429   -0.0747   -0.3706
   4060.82    0.1444   -0.0748   -0.3726
   4061.85    0.1460   -0.0749   -0.3746
   4062.89    0.1475   -0.0750   -0.3767
   4063.92    0.1491   -0.0751   -0.3787
   4064.95    0.1506   -0.0752   -0.3807
   4065.98    0.1522   -0.0754   -0.3828
   4067.02    0.1538   -0.0755   -0.3848
   4068.05    0.1554   -0.0756   -0.3868
   4069.08    0.1570   -0.0757   -0.3889
   4070.11    0.1586   -0.0758   -0.3909
   4071.15    0.1602   -0.0759   -0.3930
   4072.18    0.1618   -0.0760   -0.3950
   4073.21    0.1634   -0.0762   -0.3970
   4074.24    0.1651   -0.0763   -0.3991
   4075.28    0.1667   -0.0764   -0.4011
   4076.31    0.1684   -0.0765   -0.4032
   4077.34    0.1701   -0.0766   -0.4052
   4078.37    0.1718   -0.0768   -0.4073
   4079.41    0.1735   -0.0769   -0.4093
   4080.44    0.1752   -0.0770   -0.4114
   4081.47    0.1769   -0.0771   -0.4135
   4082.50    0.1786   -0.0773   -0.4155
   4083.54    0.1804   -0.0774   -0.4176
   4084.57    0.1821   -0.0775   -0.4196
   4085.60    0.1839   -0.0777   -0.4217
   4086.63    0.1856   -0.0778   -0.4238
   4087.67    0.1874   -0.0780   -0.4258
   4088.70    0.1892   -0.0781   -0.4279
   4089.73    0.1910   -0.0782   -0.4300
   4090.76    0.1928   -0.0784   -0.4320
   4091.80    0.1946   -0.0785   -0.4341
   4092.83    0.1964   -0.0787   -0.4362
   4093.86    0.1983   -0.0788   -0.4382
   4094.89    0.2001   -0.0790   -0.4403
   4095.93    0.2020   -0.0791   -0.4424
   4096.96    0.2038   -0.0793   -0.4444
   4097.99    0.2057   -0.0795   -0.4465
   4099.02    0.2076   -0.0796   -0.4486
   4100.06    0.2094   -0.0798   -0.4506
   4101.09    0.2113   -0.0799   -0.4527
   4102.12    0.2132   -0.0801   -0.4548
   4103.15    0.2151   -0.0803   -0.4568
   4104.19    0.2170   -0.0804   -0.4589
   4105.22    0.2190   -0.0806   -0.4609
   4106.25    0.2209   -0.0808   -0.4630
   4107.28    0.2228   -0.0809   -0.4650
   4108.32    0.2247   -0.0811   -0.4671
   4109.35    0.2267   -0.0813   -0.4691
   4110.38    0.2286   -0.0815   -0.4712
   4111.41    0.2306   -0.0817   -0.4732
   4112.45    0.2326   -0.0818   -0.4752
   4113.48    0.2345   -0.0820   -0.4773
   4114.51    0.2365   -0.0822   -0.4793
   4115.54    0.2385   -0.0824   -0.4813
   4116.58    0.2405   -0.0826   -0.4834
   4117.61    0.2424   -0.0827   -0.4854
   4118.64    0.2444   -0.0829   -0.4874
   4119.67    0.2464   -0.0831   -0.4894
   4120.71    0.2484   -0.0833   -0.4914
   4121.74    0.2504   -0.0835   -0.4934
   4122.77    0.2524   -0.0837   -0.4954
   4123.80    0.2545   -0.0839   -0.4974
   4124.84    0.2565   -0.0841   -0.4994
   4125.87    0.2585   -0.0843   -0.5014
   4126.90    0.2605   -0.0845   -0.5034
   4127.93    0.2625   -0.0847   -0.5053
   4128.97    0.2646   -0.0849   -0.5073
   4130.00    0.2666   -0.0851   -0.5093
   4131.03    0.2686   -0.0852   -0.5112
   4132.06    0.2707   -0.0854   -0.5132
   4133.10    0.2727   -0.0856   -0.5151
   4134.13    0.2747   -0.0858   -0.5171
   4135.16    0.2768   -0.0860   -0.5190
   4136.19    0.2788   -0.0862   -0.5209
   4137.23    0.2808   -0.0864   -0.5229
   4138.26    0.2829   -0.0866   -0.5248
   4139.29    0.2849   -0.0868   -0.5267
   4140.32    0.2870   -0.0870   -0.5286
   4141.36    0.2890   -0.0872   -0.5305
   4142.39    0.2911   -0.0874   -0.5324
   4143.42    0.2931   -0.0876   -0.5343
   4144.45    0.2952   -0.0878   -0.5361
   4145.49    0.2972   -0.0880   -0.5380
   4146.52    0.2993   -0.0882   -0.5399
   4147.55    0.3013   -0.0884   -0.5417
   4148.58    0.3033   -0.0886   -0.5436
   4149.62    0.3054   -0.0888   -0.5454
   4150.65    0.3074   -0.0890   -0.5473
   4151.68    0.3095   -0.0892   -0.5491
   4152.71    0.3115   -0.0893   -0.5510
   4153.75    0.3136   -0.0895   -0.5528
   4154.78    0.3156   -0.0897   -0.5546
   4155.81    0.3177   -0.0899   -0.5564
   4156.84    0.3197   -0.0901   -0.5582
   4157.88    0.3217   -0.0903   -0.5600
   4158.91    0.3238   -0.0905   -0.5618
   4159.94    0.3258   -0.0906   -0.5636
   4160.97    0.3279   -0.0908   -0.5654
   4162.01    0.3299   -0.0910   -0.5671
   4163.04    0.3319   -0.0912   -0.5689
   4164.07    0.3340   -0.0913   -0.5706
   4165.10    0.3360   -0.0915   -0.5724
   4166.14    0.3381   -0.0917   -0.5742
   4167.17    0.3401   -0.0918   -0.5759
   4168.20    0.3421   -0.0920   -0.5776
   4169.23    0.3442   -0.0922   -0.5794
   4170.27    0.3462   -0.0923   -0.5811
   4171.30    0.3482   -0.0925   -0.5828
   4172.33    0.3502   -0.0927   -0.5845
   4173.36    0.3523   -0.0928   -0.5862
   4174.40    0.3543   -0.0930   -0.5879
   4175.43    0.3563   -0.0931   -0.5896
   4176.46    0.3583   -0.0933   -0.5913
   4177.49    0.3604   -0.0934   -0.5930
   4178.53    0.3624   -0.0935   -0.5947
   4179.56    0.3644   -0.0937   -0.5963
   4180.59    0.3664   -0.0938   -0.5980
   4181.62    0.3684   -0.0939   -0.5997
   4182.66    0.3704   -0.0941   -0.6013
   4183.69    0.3725   -0.0942   -0.6030
   4184.72    0.3745   -0.0943   -0.6046
   4185.75    0.3765   -0.0944   -0.6063
   4186.79    0.3785   -0.0945   -0.6079
   4187.82    0.3805   -0.0947   -0.6095
   4188.85    0.3825   -0.0948   -0.6112
   4189.88    0.3845   -0.0949   -0.6128
   4190.92    0.3865   -0.0950   -0.6144
   4191.95    0.3885   -0.0951   -0.6160
   4192.98    0.3905   -0.0952   -0.6176
   4194.01    0.3925   -0.0952   -0.6192
   4195.05    0.3945   -0.0953   -0.6208
   4196.08    0.3965   -0.0954   -0.6224
   4197.11    0.3985   -0.0955   -0.6240
   4198.14    0.4005   -0.0956   -0.6256
   4199.18    0.4025   -0.0956   -0.6272
   4200.21    0.4045   -0.0957   -0.6288
   4201.24    0.4065   -0.0957   -0.6303
   4202.27    0.4085   -0.0958   -0.6319
   4203.31    0.4105   -0.0958   -0.6335
   4204.34    0.4125   -0.0959   -0.6350
   4205.37    0.4145   -0.0959   -0.6366
   4206.40    0.4164   -0.0960   -0.6381
   4207.44    0.4184   -0.0960   -0.6397
   4208.47    0.4204   -0.0960   -0.6412
   4209.50    0.4224   -0.0960   -0.6428
   4210.53    0.4244   -0.0960   -0.6443
   4211.57    0.4263   -0.0961   -0.6458
   4212.60    0.4283   -0.0961   -0.6474
   4213.63    0.4303   -0.0961   -0.6489
   4214.66    0.4323   -0.0961   -0.6504
   4215.70    0.4342   -0.0960   -0.6519
   4216.73    0.4362   -0.0960   -0.6534
   4217.76    0.4382   -0.0960   -0.6550
   4218.79    0.4401   -0.0960   -0.6565
   4219.83    0.4421   -0.0959   -0.6580
   4220.86    0.4441   -0.0959   -0.6594
   4221.89    0.4460   -0.0959   -0.6609
   4222.92    0.4480   -0.0958   -0.6624
   4223.96    0.4499   -0.0957   -0.6639
   4224.99    0.4519   -0.0957   -0.6654
   4226.02    0.4538   -0.0956   -0.6669
   4227.05    0.4558   -0.0955   -0.6683
   4228.09    0.4577   -0.0955   -0.6698
   4229.12    0.4597   -0.0954   -0.6712
   4230.15    0.4616   -0.0953   -0.6727
   4231.18    0.4635   -0.0952   -0.6741
   4232.22    0.4655   -0.0951   -0.6756
   4233.25    0.4674   -0.0950   -0.6770
   4234.28    0.4693   -0.0949   -0.6785
   4235.31    0.4712   -0.0947   -0.6799
   4236.35    0.4731   -0.0946   -0.6813
   4237.38    0.4751   -0.0945   -0.6827
   4238.41    0.4770   -0.0943   -0.6842
   4239.44    0.4789   -0.0942   -0.6856
   4240.48    0.4808   -0.0940   -0.6870
   4241.51    0.4827   -0.0939   -0.6884
   4242.54    0.4846   -0.0937   -0.6898
   4243.57    0.4864   -0.0935   -0.6911
   4244.61    0.4883   -0.0934   -0.6925
   4245.64    0.4902   -0.0932   -0.6939
   4246.67    0.4921   -0.0930   -0.6953
   4247.70    0.4939   -0.0928   -0.6966
   4248.74    0.4958   -0.0926   -0.6980
   4249.77    0.4976   -0.0924   -0.6994
   4250.80    0.4995   -0.0922   -0.7007
   4251.83    0.5013   -0.0920   -0.7020
   4252.87    0.5032   -0.0918   -0.7034
   4253.90    0.5050   -0.0916   -0.7047
   4254.93    0.5068   -0.0914   -0.7060
   4255.96    0.5086   -0.0912   -0.7073
   4257.00    0.5105   -0.0909   -0.7087
   4258.03    0.5123   -0.0907   -0.7100
   4259.06    0.5141   -0.0905   -0.7113
   4260.09    0.5159   -0.0902   -0.7125
   4261.13    0.5176   -0.0900   -0.7138
   4262.16    0.5194   -0.0898   -0.7151
   4263.19    0.5212   -0.0895   -0.7164
   4264.22    0.5230   -0.0893   -0.7176
   4265.26    0.5247   -0.0890   -0.7189
   4266.29    0.5265   -0.0888   -0.7201
   4267.32    0.5282   -0.0885   -0.7214
   4268.35    0.5300   -0.0883   -0.7226
   4269.39    0.5317   -0.0881   -0.7239
   4270.42    0.5335   -0.0878   -0.7251
   4271.45    0.5352   -0.0876   -0.7263
   4272.48    0.5369   -0.0873   -0.7275
   4273.52    0.5386   -0.0871   -0.7287
   4274.55    0.5403   -0.0868   -0.7299
   4275.58    0.5420   -0.0866   -0.7311
   4276.61    0.5437   -0.0863   -0.7323
   4277.65    0.5454   -0.0861   -0.7335
   4278.68    0.5471   -0.0858   -0.7347
   4279.71    0.5488   -0.0856   -0.7359
   4280.74    0.5505   -0.0854   -0.7370
   4281.78    0.5522   -0.0852   -0.7382
   4282.81    0.5539   -0.0849   -0.7394
   4283.84    0.5555   -0.0847   -0.7405
   4284.87    0.5572   -0.0845   -0.7417
   4285.91    0.5589   -0.0843   -0.7428
   4286.94    0.5605   -0.0841   -0.7440
   4287.97    0.5622   -0.0839   -0.7451
   4289.00    0.5639   -0.0837   -0.7462
   4290.04    0.5655   -0.0835   -0.7474
   4291.07    0.5672   -0.0833   -0.7485
   4292.10    0.5689   -0.0831   -0.7496
   4293.13    0.5705   -0.0830   -0.7508
   4294.17    0.5722   -0.0828   -0.7519
   4295.20    0.5738   -0.0826   -0.7530
   4296.23    0.5755   -0.0825   -0.7541
   4297.26    0.5772   -0.0823   -0.7552
   4298.30    0.5788   -0.0822   -0.7564
   4299.33    0.5805   -0.0821   -0.7575
   4300.36    0.5822   -0.0820   -0.7586
   4301.39    0.5838   -0.0819   -0.7597
   4302.43    0.5855   -0.0818   -0.7608
   4303.46    0.5872   -0.0817   -0.7619
   4304.49    0.5889   -0.0816   -0.7630
   4305.52    0.5906   -0.0815   -0.7641
   4306.56    0.5922   -0.0814   -0.7653
   4307.59    0.5939   -0.0814   -0.7664
   4308.62    0.5956   -0.0813   -0.7675
   4309.65    0.5973   -0.0813   -0.7686
   4310.69    0.5990   -0.0813   -0.7697
   4311.72    0.6008   -0.0813   -0.7708
   4312.75    0.6025   -0.0812   -0.7719
   4313.78    0.6042   -0.0812   -0.7730
   4314.82    0.6059   -0.0812   -0.7742
   4315.85    0.6077   -0.0813   -0.7753
   4316.88    0.6094   -0.0813   -0.7764
   4317.91    0.6111   -0.0813   -0.7775
   4318.95    0.6129   -0.0814   -0.7786
   4319.98    0.6146   -0.0814   -0.7798
   4321.01    0.6164   -0.0815   -0.7809
   4322.04    0.6182   -0.0816   -0.7820
   4323.08    0.6199   -0.0817   -0.7831
   4324.11    0.6217   -0.0817   -0.7842
   4325.14    0.6235   -0.0818   -0.7854
   4326.17    0.6253   -0.0820   -0.7865
   4327.21    0.6271   -0.0821   -0.7876
   4328.24    0.6289   -0.0822   -0.7887
   4329.27    0.6307   -0.0823   -0.7899
   4330.30    0.6325   -0.0825   -0.7910
   4331.34    0.6343   -0.0826   -0.7921
   4332.37    0.6361   -0.0828   -0.7933
   4333.40    0.6379   -0.0829   -0.7944
   4334.43    0.6398   -0.0831   -0.7955
   4335.47    0.6416   -0.0833   -0.7966
   4336.50    0.6434   -0.0835   -0.7978
   4337.53    0.6452   -0.0837   -0.7989
   4338.56    0.6471   -0.0839   -0.8000
   4339.60    0.6489   -0.0841   -0.8011
   4340.63    0.6507   -0.0843   -0.8023
   4341.66    0.6526   -0.0845   -0.8034
   4342.69    0.6544   -0.0848   -0.8045
   4343.73    0.6563   -0.0850   -0.8056
   4344.76    0.6581   -0.0852   -0.8067
   4345.79    0.6599   -0.0855   -0.8079
   4346.82    0.6618   -0.0857   -0.8090
   4347.86    0.6636   -0.0860   -0.8101
   4348.89    0.6655   -0.0862   -0.8112
   4349.92    0.6673   -0.0865   -0.8123
   4350.95    0.6691   -0.0868   -0.8134
   4351.99    0.6710   -0.0870   -0.8145
   4353.02    0.6728   -0.0873   -0.8156
   4354.05    0.6746   -0.0876   -0.8167
   4355.08    0.6764   -0.0879   -0.8177
   4356.12    0.6782   -0.0882   -0.8188
   4357.15    0.6801   -0.0885   -0.8199
   4358.18    0.6819   -0.0888   -0.8210
   4359.21    0.6837   -0.0891   -0.8220
   4360.25    0.6854   -0.0893   -0.8231
   4361.28    0.6872   -0.0896   -0.8241
   4362.31    0.6890   -0.0899   -0.8252
   4363.34    0.6908   -0.0902   -0.8262
   4364.38    0.6925   -0.0905   -0.8273
   4365.41    0.6943   -0.0909   -0.8283
   4366.44    0.6960   -0.0912   -0.8293
   4367.47    0.6978   -0.0915   -0.8303
   4368.51    0.6995   -0.0918   -0.8313
   4369.54    0.7012   -0.0921   -0.8323
   4370.57    0.7029   -0.0924   -0.8333
   4371.60    0.7046   -0.0927   -0.8343
   4372.64    0.7063   -0.0930   -0.8352
   4373.67    0.7079   -0.0933   -0.8362
   4374.70    0.7096   -0.0936   -0.8372
   4375.73    0.7112   -0.0939   -0.8381
   4376.77    0.7129   -0.0942   -0.8390
   4377.80    0.7145   -0.0945   -0.8400
   4378.83    0.7161   -0.0948   -0.8409
   4379.86    0.7177   -0.0951   -0.8418
   4380.90    0.7192   -0.0954   -0.8427
   4381.93    0.7208   -0.0956   -0.8436
   4382.96    0.7223   -0.0959   -0.8445
   4383.99    0.7238   -0.0962   -0.8453
   4385.03    0.7253   -0.0965   -0.8462
   4386.06    0.7268   -0.0968   -0.8470
   4387.09    0.7283   -0.0970   -0.8479
   4388.12    0.7297   -0.0973   -0.8487
   4389.16    0.7312   -0.0976   -0.8495
   4390.19    0.7326   -0.0978   -0.8503
   4391.22    0.7340   -0.0981   -0.8511
   4392.25    0.7353   -0.0983   -0.8519
   4393.29    0.7367   -0.0986   -0.8526
   4394.32    0.7380   -0.0988   -0.8534
   4395.35    0.7393   -0.0991   -0.8541
   4396.38    0.7406   -0.0993   -0.8549
   4397.42    0.7419   -0.0995   -0.8556
   4398.45    0.7432   -0.0998   -0.8563
   4399.48    0.7444   -0.1000   -0.8570
   4400.51    0.7456   -0.1002   -0.8576
   4401.55    0.7468   -0.1004   -0.8583
   4402.58    0.7479   -0.1006   -0.8590
   4403.61    0.7491   -0.1008   -0.8596
   4404.64    0.7502   -0.1010   -0.8602
   4405.68    0.7513   -0.1012   -0.8608
   4406.71    0.7524   -0.1014   -0.8614
   4407.74    0.7534   -0.1015   -0.8620
   4408.77    0.7544   -0.1017   -0.8626
   4409.81    0.7554   -0.1019   -0.8632
   4410.84    0.7564   -0.1020   -0.8637
   4411.87    0.7574   -0.1022   -0.8643
   4412.90    0.7583   -0.1023   -0.8648
   4413.94    0.7592   -0.1025   -0.8653
   4414.97    0.7601   -0.1026   -0.8658
   4416.00    0.7610   -0.1028   -0.8663
   4417.03    0.7618   -0.1029   -0.8667
   4418.07    0.7626   -0.1030   -0.8672
   4419.10    0.7634   -0.1031   -0.8676
   4420.13    0.7641   -0.1033   -0.8680
   4421.16    0.7649   -0.1034   -0.8684
   4422.20    0.7656   -0.1035   -0.8688
   4423.23    0.7663   -0.1036   -0.8692
   4424.26    0.7669   -0.1037   -0.8696
   4425.29    0.7676   -0.1038   -0.8699
   4426.33    0.7682   -0.1039   -0.8703
   4427.36    0.7687   -0.1040   -0.8706
   4428.39    0.7693   -0.1040   -0.8709
   4429.42    0.7698   -0.1041   -0.8712
   4430.46    0.7703   -0.1042   -0.8715
   4431.49    0.7708   -0.1043   -0.8718
   4432.52    0.7713   -0.1044   -0.8720
   4433.55    0.7717   -0.1044   -0.8722
   4434.59    0.7721   -0.1045   -0.8725
   4435.62    0.7725   -0.1045   -0.8727
   4436.65    0.7729   -0.1046   -0.8729
   4437.68    0.7732   -0.1047   -0.8731
   4438.72    0.7735   -0.1047   -0.8732
   4439.75    0.7738   -0.1048   -0.8734
   4440.78    0.7740   -0.1048   -0.8735
   4441.81    0.7743   -0.1049   -0.8737
   4442.85    0.7745   -0.1049   -0.8738
   4443.88    0.7747   -0.1050   -0.8739
   4444.91    0.7748   -0.1050   -0.8740
   4445.94    0.7750   -0.1051   -0.8740
   4446.98    0.7751   -0.1051   -0.8741
   4448.01    0.7752   -0.1052   -0.8741
   4449.04    0.7752   -0.1052   -0.8742
   4450.07    0.7753   -0.1052   -0.8742
   4451.11    0.7753   -0.1053   -0.8742
   4452.14    0.7753   -0.1053   -0.8742
   4453.17    0.7753   -0.1054   -0.8742
   4454.20    0.7752   -0.1054   -0.8741
   4455.24    0.7751   -0.1055   -0.8741
   4456.27    0.7750   -0.1055   -0.8740
   4457.30    0.7749   -0.1056   -0.8739
   4458.33    0.7748   -0.1056   -0.8739
   4459.37    0.7746   -0.1057   -0.8738
   4460.40    0.7744   -0.1057   -0.8736
   4461.43    0.7742   -0.1058   -0.8735
   4462.46    0.7740   -0.1058   -0.8734
   4463.50    0.7738   -0.1059   -0.8732
   4464.53    0.7735   -0.1059   -0.8731
   4465.56    0.7732   -0.1060   -0.8729
   4466.59    0.7729   -0.1060   -0.8727
   4467.63    0.7726   -0.1061   -0.8725
   4468.66    0.7722   -0.1062   -0.8723
   4469.69    0.7719   -0.1062   -0.8721
   4470.72    0.7715   -0.1063   -0.8719
   4471.76    0.7711   -0.1063   -0.8716
   4472.79    0.7707   -0.1064   -0.8714
   4473.82    0.7702   -0.1065   -0.8711
   4474.85    0.7698   -0.1066   -0.8709
   4475.89    0.7693   -0.1066   -0.8706
   4476.92    0.7688   -0.1067   -0.8703
   4477.95    0.7683   -0.1068   -0.8700
   4478.98    0.7678   -0.1069   -0.8697
   4480.02    0.7672   -0.1070   -0.8694
   4481.05    0.7667   -0.1071   -0.8690
   4482.08    0.7661   -0.1071   -0.8687
   4483.11    0.7655   -0.1072   -0.8683
   4484.15    0.7649   -0.1073   -0.8680
   4485.18    0.7643   -0.1074   -0.8676
   4486.21    0.7636   -0.1075   -0.8672
   4487.24    0.7630   -0.1076   -0.8668
   4488.28    0.7623   -0.1077   -0.8664
   4489.31    0.7617   -0.1078   -0.8660
   4490.34    0.7610   -0.1080   -0.8656
   4491.37    0.7603   -0.1081   -0.8652
   4492.41    0.7596   -0.1082   -0.8648
   4493.44    0.7589   -0.1083   -0.8644
   4494.47    0.7581   -0.1084   -0.8639
   4495.50    0.7574   -0.1085   -0.8635
   4496.54    0.7566   -0.1087   -0.8630
   4497.57    0.7559   -0.1088   -0.8626
   4498.60    0.7551   -0.1089   -0.8621
   4499.63    0.7543   -0.1091   -0.8616
   4500.67    0.7535   -0.1092   -0.8611
   4501.70    0.7527   -0.1093   -0.8607
   4502.73    0.7519   -0.1095   -0.8602
   4503.76    0.7511   -0.1096   -0.8597
   4504.80    0.7502   -0.1097   -0.8592
   4505.83    0.7494   -0.1099   -0.8587
   4506.86    0.7485   -0.1100   -0.8582
   4507.89    0.7477   -0.1102   -0.8576
   4508.93    0.7468   -0.1103   -0.8571
   4509.96    0.7460   -0.1105   -0.8566
   4510.99    0.7451   -0.1106   -0.8561
   4512.02    0.7442   -0.1108   -0.8555
   4513.06    0.7433   -0.1109   -0.8550
   4514.09    0.7424   -0.1111   -0.8545
   4515.12    0.7415   -0.1113   -0.8539
   4516.15    0.7406   -0.1114   -0.8534
   4517.19    0.7397   -0.1116   -0.8528
   4518.22    0.7388   -0.1117   -0.8523
   4519.25    0.7379   -0.1119   -0.8517
   4520.28    0.7370   -0.1121   -0.8511
   4521.32    0.7361   -0.1122   -0.8506
   4522.35    0.7352   -0.1124   -0.8500
   4523.38    0.7342   -0.1126   -0.8495
   4524.41    0.7333   -0.1127   -0.8489
   4525.45    0.7324   -0.1129   -0.8483
   4526.48    0.7315   -0.1131   -0.8477
   4527.51    0.7305   -0.1132   -0.8472
   4528.54    0.7296   -0.1134   -0.8466
   4529.58    0.7287   -0.1136   -0.8460
   4530.61    0.7277   -0.1138   -0.8454
   4531.64    0.7268   -0.1139   -0.8449
   4532.67    0.7258   -0.1141   -0.8443
   4533.71    0.7249   -0.1143   -0.8437
   4534.74    0.7240   -0.1145   -0.8431
   4535.77    0.7230   -0.1146   -0.8425
   4536.80    0.7221   -0.1148   -0.8420
   4537.84    0.7211   -0.1150   -0.8414
   4538.87    0.7202   -0.1152   -0.8408
   4539.90    0.7193   -0.1153   -0.8402
   4540.93    0.7183   -0.1155   -0.8396
   4541.97    0.7174   -0.1157   -0.8390
   4543.00    0.7165   -0.1159   -0.8385
   4544.03    0.7155   -0.1160   -0.8379
   4545.06    0.7146   -0.1162   -0.8373
   4546.10    0.7137   -0.1164   -0.8367
   4547.13    0.7127   -0.1166   -0.8361
   4548.16    0.7118   -0.1168   -0.8356
   4549.19    0.7109   -0.1169   -0.8350
   4550.23    0.7099   -0.1171   -0.8344
   4551.26    0.7090   -0.1173   -0.8338
   4552.29    0.7081   -0.1175   -0.8332
   4553.32    0.7072   -0.1176   -0.8327
   4554.36    0.7063   -0.1178   -0.8321
   4555.39    0.7054   -0.1180   -0.8315
   4556.42    0.7044   -0.1182   -0.8310
   4557.45    0.7035   -0.1183   -0.8304
   4558.49    0.7026   -0.1185   -0.8298
   4559.52    0.7017   -0.1187   -0.8292
   4560.55    0.7008   -0.1189   -0.8287
   4561.58    0.7000   -0.1190   -0.8281
   4562.62    0.6991   -0.1192   -0.8276
   4563.65    0.6982   -0.1194   -0.8270
   4564.68    0.6973   -0.1195   -0.8264
   4565.71    0.6964   -0.1197   -0.8259
   4566.75    0.6955   -0.1199   -0.8253
   4567.78    0.6947   -0.1201   -0.8248
   4568.81    0.6938   -0.1202   -0.8242
   4569.84    0.6930   -0.1204   -0.8237
   4570.88    0.6921   -0.1206   -0.8231
   4571.91    0.6912   -0.1207   -0.8226
   4572.94    0.6904   -0.1209   -0.8221
   4573.97    0.6896   -0.1211   -0.8215
   4575.01    0.6887   -0.1212   -0.8210
   4576.04    0.6879   -0.1214   -0.8205
   4577.07    0.6871   -0.1215   -0.8199
   4578.10    0.6862   -0.1217   -0.8194
   4579.14    0.6854   -0.1219   -0.8189
   4580.17    0.6846   -0.1220   -0.8184
   4581.20    0.6838   -0.1222   -0.8179
   4582.23    0.6830   -0.1223   -0.8173
   4583.27    0.6822   -0.1225   -0.8168
   4584.30    0.6814   -0.1226   -0.8163
   4585.33    0.6806   -0.1228   -0.8158
   4586.36    0.6799   -0.1229   -0.8153
   4587.40    0.6791   -0.1231   -0.8148
   4588.43    0.6783   -0.1232   -0.8143
   4589.46    0.6776   -0.1234   -0.8139
   4590.49    0.6768   -0.1235   -0.8134
   4591.53    0.6761   -0.1237   -0.8129
   4592.56    0.6754   -0.1238   -0.8124
   4593.59    0.6746   -0.1239   -0.8120
   4594.62    0.6739   -0.1241   -0.8115
   4595.66    0.6732   -0.1242   -0.8110
   4596.69    0.8308   -0.1198   -0.9036
   4597.72    0.9051   -0.0929   -0.9468
   4598.75    0.6485   -0.0486   -0.8038
   4599.79    0.2610    0.0027   -0.5109
   4600.82    0.0192    0.0504   -0.1292
   4601.85    0.0799    0.0858    0.2694
   4602.88    0.3899    0.1034    0.6158
   4603.92    0.7419    0.1018    0.8553
   4604.95    0.9187    0.0828    0.9549
   4605.98    0.8233    0.0512    0.9059
   4607.01    0.5227    0.0133    0.7229
   4608.05    0.1929   -0.0241    0.4385
   4609.08    0.0126   -0.0553    0.0975
   4610.11    0.0690   -0.0761   -0.2515
   4611.14    0.3234   -0.0841   -0.5624
   4612.18    0.6426   -0.0794   -0.7977
   4613.21    0.8727   -0.0637   -0.9320
   4614.24    0.9120   -0.0401   -0.9542
   4615.27    0.7514   -0.0125   -0.8667
   4616.31    0.4687    0.0149   -0.6844
   4617.34    0.1875    0.0386   -0.4313
   4618.37    0.0218    0.0557   -0.1369
   4619.40    0.0320    0.0644    0.1670
   4620.44    0.2067    0.0643    0.4501
   4621.47    0.4743    0.0559    0.6864
   4622.50    0.7347    0.0407    0.8562
   4623.53    0.8972    0.0210    0.9470
   4624.57    0.9109   -0.0007    0.9544
   4625.60    0.7772   -0.0216    0.8814
   4626.63    0.5452   -0.0396    0.7373
   4627.66    0.2909   -0.0526    0.5367
   4628.70    0.0921   -0.0593    0.2976
   4629.73    0.0050   -0.0591    0.0394
   4630.76    0.0503   -0.0522   -0.2180
   4631.79    0.2099   -0.0393   -0.4565
   4632.83    0.4364   -0.0217   -0.6603
   4633.86    0.6676   -0.0012   -0.8171
   4634.89    0.8440    0.0205   -0.9185
   4635.92    0.9237    0.0413   -0.9602
   4636.96    0.8912    0.0594   -0.9421
   4637.99    0.7582    0.0733   -0.8677
   4639.02    0.5593    0.0816   -0.7434
   4640.05    0.3415    0.0837   -0.5783
   4641.09    0.1532    0.0791   -0.3833
   4642.12    0.0336    0.0681   -0.1701
   4643.15    0.0051    0.0513    0.0492
   4644.18    0.0701    0.0296    0.2632
   4645.22    0.2127    0.0043    0.4611
   4646.25    0.4023   -0.0229    0.6339
   4647.28    0.6018   -0.0506    0.7741
   4648.31    0.7739   -0.0770    0.8764
   4649.35    0.8888   -0.1006    0.9374
   4650.38    0.9282   -0.1199    0.9560
   4651.41    0.8879   -0.1338    0.9328
   4652.44    0.7774   -0.1413    0.8703
   4653.48    0.6171   -0.1419    0.7726
   4654.51    0.4342   -0.1354    0.6449
   4655.54    0.2582   -0.1218    0.4933
   4656.57    0.1157   -0.1016    0.3247
   4657.61    0.0270   -0.0756    0.1459
   4658.64    0.0033   -0.0447   -0.0359
   4659.67    0.0459   -0.0101   -0.2140
   4660.70    0.1468    0.0268   -0.3822
   4661.74    0.2902    0.0645   -0.5349
   4662.77    0.4558    0.1017   -0.6674
   4663.80    0.6209    0.1367   -0.7760
   4664.83    0.7645    0.1683   -0.8580
   4665.87    0.8691    0.1952   -0.9116
   4666.90    0.9230    0.2164   -0.9360
   4667.93    0.9213    0.2309   -0.9316
   4668.96    0.8658    0.2381   -0.8995
   4670.00    0.7646    0.2377   -0.8415
   4671.03    0.6305    0.2295   -0.7601
   4672.06    0.4794    0.2136   -0.6586
   4673.09    0.3283    0.1904   -0.5404
   4674.13    0.1933    0.1605   -0.4093
   4675.16    0.0880    0.1246   -0.2693
   4676.19    0.0224    0.0836   -0.1243
   4677.22    0.0020    0.0387    0.0217
   4678.26    0.0273   -0.0090    0.1650
   4679.29    0.0946   -0.0582    0.3021
   4680.32    0.1964   -0.1076    0.4299
   4681.35    0.3221   -0.1560    0.5457
   4682.39    0.4597   -0.2021    0.6472
   4683.42    0.5964   -0.2447    0.7325
   4684.45    0.7203   -0.2828    0.8002
   4685.48    0.8211   -0.3154    0.8495
   4686.52    0.8910   -0.3417    0.8799
   4687.55    0.9250   -0.3610    0.8915
   4688.58    0.9215   -0.3728    0.8846
   4689.61    0.8818   -0.3769    0.8601
   4690.65    0.8099   -0.3730    0.8190
   4691.68    0.7124   -0.3612    0.7629
   4692.71    0.5972   -0.3416    0.6932
   4693.74    0.4734   -0.3147    0.6119
   4694.78    0.3502   -0.2808    0.5209
   4695.81    0.2362   -0.2407    0.4222
   4696.84    0.1391   -0.1950    0.3179
   4697.87    0.0650   -0.1446    0.2101
   4698.91    0.0183   -0.0903    0.1007
   4699.94    0.0012   -0.0332   -0.0082
   4700.97    0.0139    0.0258   -0.1149
   4702.00    0.0547    0.0857   -0.2177
   4703.04    0.1204    0.1455   -0.3150
   4704.07    0.2062    0.2042   -0.4056
   4705.10    0.3064    0.2608   -0.4882
   4706.13    0.4146    0.3145   -0.5619
   4707.17    0.5246    0.3645   -0.6259
   4708.20    0.6299    0.4099   -0.6796
   4709.23    0.7250    0.4501   -0.7228
   4710.26    0.8049    0.4846   -0.7550
   4711.30    0.8659    0.5128   -0.7765
   4712.33    0.9054    0.5345   -0.7872
   4713.36    0.9219    0.5493   -0.7875
   4714.39    0.9152    0.5570   -0.7778
   4715.43    0.8865    0.5576   -0.7587
   4716.46    0.8377    0.5511   -0.7307
   4717.49    0.7716    0.5376   -0.6947
   4718.52    0.6919    0.5174   -0.6513
   4719.56    0.6026    0.4907   -0.6015
   4720.59    0.5079    0.4579   -0.5461
   4721.62    0.4121    0.4194   -0.4859
   4722.65    0.3193    0.3758   -0.4220
   4723.69    0.2334    0.3274   -0.3552
   4724.72    0.1576    0.2749   -0.2864
   4725.75    0.0948    0.2190   -0.2164
   4726.78    0.0470    0.1602   -0.1460
   4727.82    0.0156    0.0991   -0.0760
   4728.85    0.0014    0.0364   -0.0071
   4729.88    0.0043   -0.0272    0.0599
   4730.91    0.0239   -0.0912    0.1247
   4731.95    0.0588   -0.1549    0.1865
   4732.98    0.1074   -0.2177    0.2449
   4734.01    0.1676   -0.2791    0.2995
   4735.04    0.2372   -0.3386    0.3501
   4736.08    0.3134   -0.3955    0.3961
   4737.11    0.3936   -0.4495    0.4376
   4738.14    0.4752   -0.5002    0.4743
   4739.17    0.5555   -0.5472    0.5061
   4740.21    0.6321   -0.5900    0.5329
   4741.24    0.7029   -0.6286    0.5548
   4742.27    0.7659   -0.6625    0.5718
   4743.30    0.8195   -0.6917    0.5841
   4744.34    0.8625   -0.7159    0.5916
   4745.37    0.8938   -0.7350    0.5946
   4746.40    0.9131   -0.7491    0.5933
   4747.43    0.9202   -0.7579    0.5880
   4748.47    0.9151   -0.7617    0.5787
   4749.50    0.8983   -0.7604    0.5658
   4750.53    0.8706   -0.7540    0.5496
   4751.56    0.8330   -0.7428    0.5303
   4752.60    0.7866   -0.7269    0.5082
   4753.63    0.7329   -0.7063    0.4837
   4754.66    0.6732   -0.6814    0.4569
   4755.69    0.6090   -0.6524    0.4283
   4756.73    0.5421   -0.6194    0.3980
   4757.76    0.4739   -0.5828    0.3664
   4758.79    0.4060   -0.5428    0.3337
   4759.82    0.3398   -0.4996    0.3003
   4760.86    0.2767   -0.4537    0.2663
   4761.89    0.2180   -0.4052    0.2320
   4762.92    0.1647   -0.3544    0.1976
   4763.95    0.1178   -0.3018    0.1634
   4764.99    0.0780   -0.2475    0.1295
   4766.02    0.0461   -0.1919    0.0962
   4767.05    0.0223   -0.1352    0.0635
   4768.08    0.0071   -0.0779    0.0318
   4769.12    0.0004   -0.0201    0.0011
   4770.15    0.0022    0.0379   -0.0285
   4771.18    0.0124    0.0957   -0.0569
   4772.21    0.0305    0.1531   -0.0839
   4773.25    0.0560    0.2099   -0.1094
   4774.28    0.0884    0.2658   -0.1334
   4775.31    0.1270    0.3205   -0.1559
   4776.34    0.1711    0.3739   -0.1767
   4777.38    0.2196    0.4257   -0.1959
   4778.41    0.2719    0.4758   -0.2134
   4779.44    0.3270    0.5239   -0.2292
   4780.47    0.3839    0.5698   -0.2433
   4781.51    0.4418    0.6135   -0.2557
   4782.54    0.4997    0.6547   -0.2665
   4783.57    0.5567    0.6934   -0.2756
   4784.60    0.6121    0.7293   -0.2831
   4785.64    0.6649    0.7625   -0.2890
   4786.67    0.7145    0.7927   -0.2934
   4787.70    0.7602    0.8200   -0.2963
   4788.73    0.8013    0.8442   -0.2978
   4789.77    0.8375    0.8653   -0.2979
   4790.80    0.8682    0.8833   -0.2966
   4791.83    0.8930    0.8981   -0.2942
   4792.86    0.9118    0.9096   -0.2906
   4793.90    0.9244    0.9180   -0.2858
   4794.93    0.9306    0.9231   -0.2801
   4795.96    0.9305    0.9251   -0.2734
   4796.99    0.9241    0.9238   -0.2658
   4798.03    0.9116    0.9194   -0.2574
   4799.06    0.8932    0.9119   -0.2483
   4800.09    0.8693    0.9013   -0.2385
   4801.12    0.8402    0.8877   -0.2282
   4802.16    0.8063    0.8712   -0.2174
   4803.19    0.7681    0.8518   -0.2061
   4804.22    0.7262    0.8297   -0.1945
   4805.25    0.6811    0.8048   -0.1826
   4806.29    0.6334    0.7774   -0.1705
   4807.32    0.5837    0.7474   -0.1583
   4808.35    0.5326    0.7151   -0.1459
   4809.38    0.4809    0.6804   -0.1336
   4810.42    0.4290    0.6437   -0.1213
   4811.45    0.3778    0.6049   -0.1091
   4812.48    0.3277    0.5641   -0.0971
   4813.51    0.2794    0.5216   -0.0852
   4814.55    0.2334    0.4775   -0.0737
   4815.58    0.1904    0.4319   -0.0624
   4816.61    0.1508    0.3849   -0.0515
   4817.64    0.1150    0.3367   -0.0410
   4818.68    0.0836    0.2874   -0.0309
   4819.71    0.0567    0.2372   -0.0212
   4820.74    0.0348    0.1863   -0.0121
   4821.77    0.0182    0.1347   -0.0034
   4822.81    0.0069    0.0827    0.0046
   4823.84    0.0011    0.0304    0.0122
   4824.87    0.0009   -0.0221    0.0191
   4825.90    0.0062   -0.0746    0.0254
   4826.94    0.0171   -0.1269    0.0312
   4827.97    0.0333   -0.1788    0.0363
   4829.00    0.0547   -0.2303    0.0408
   4830.03    0.0811   -0.2812    0.0446
   4831.07    0.1120   -0.3312    0.0479
   4832.10    0.1472   -0.3804    0.0505
   4833.13    0.1863   -0.4284    0.0525
   4834.16    0.2288   -0.4752    0.0539
   4835.20    0.2741   -0.5207    0.0547
   4836.23    0.3218   -0.5646    0.0549
   4837.26    0.3713   -0.6069    0.0546
   4838.29    0.4219   -0.6473    0.0537
   4839.33    0.4731   -0.6858    0.0523
   4840.36    0.5243   -0.7223    0.0503
   4841.39    0.5748   -0.7566    0.0480
   4842.42    0.6240   -0.7886    0.0451
   4843.46    0.6712   -0.8182    0.0419
   4844.49    0.7160   -0.8453    0.0383
   4845.52    0.7576   -0.8697    0.0343
   4846.55    0.7956   -0.8915    0.0301
   4847.59    0.8295   -0.9104    0.0255
   4848.62    0.8587   -0.9264    0.0207
   4849.65    0.8829   -0.9395    0.0158
   4850.68    0.9017   -0.9495    0.0106
   4851.72    0.9094   -0.9536   -0.0009
   4852.75    0.9092   -0.9532   -0.0243
   4853.78    0.9087   -0.9519   -0.0505
   4854.81    0.9079   -0.9500   -0.0742
   4855.85    0.9063   -0.9476   -0.0911
   4856.88    0.9030   -0.9452   -0.0983
   4857.91    0.8979   -0.9428   -0.0948
   4858.94    0.8914   -0.9406   -0.0817
   4859.98    0.8850   -0.9388   -0.0613
   4861.01    0.8800   -0.9373   -0.0370
   4862.04    0.8771   -0.9364   -0.0126
   4863.07    0.8764   -0.9361    0.0085
   4864.11    0.8775   -0.9365    0.0235
   4865.14    0.8797   -0.9374    0.0306
   4866.17    0.8826   -0.9390    0.0293
   4867.20    0.8861   -0.9411    0.0202
   4868.24    0.8901   -0.9435    0.0047
   4869.27    0.8949   -0.9459   -0.0148
   4870.30    0.9000   -0.9480   -0.0360
   4871.33    0.9050   -0.9496   -0.0561
   4872.37    0.9087   -0.9504   -0.0730
   4873.40    0.9101   -0.9502   -0.0849
   4874.43    0.9084   -0.9488   -0.0905
   4875.46    0.9031   -0.9461   -0.0894
   4876.50    0.8947   -0.9423   -0.0818
   4877.53    0.8837   -0.9375   -0.0685
   4878.56    0.8714   -0.9321   -0.0508
   4879.59    0.8589   -0.9263   -0.0303
   4880.63    0.8475   -0.9206   -0.0088
   4881.66    0.8379   -0.9153    0.0120
   4882.69    0.8305   -0.9108    0.0304
   4883.72    0.8257   -0.9075    0.0453
   4884.76    0.8232   -0.9056    0.0555
   4885.79    0.8230   -0.9052    0.0604
   4886.82    0.8250   -0.9063    0.0600
   4887.85    0.8290   -0.9088    0.0544
   4888.89    0.8348   -0.9126    0.0441
   4889.92    0.8423   -0.9173    0.0300
   4890.95    0.8512   -0.9225    0.0133
   4891.98    0.8610   -0.9279   -0.0050
   4893.02    0.8710   -0.9330   -0.0236
   4894.05    0.8803   -0.9373   -0.0413
   4895.08    0.8881   -0.9407   -0.0570
   4896.11    0.8933   -0.9426   -0.0698
   4897.15    0.8952   -0.9429   -0.0788
   4898.18    0.8931   -0.9413   -0.0836
   4899.21    0.8868   -0.9379   -0.0839
   4900.24    0.8763   -0.9327   -0.0797
   4901.28    0.8621   -0.9258   -0.0711
   4902.31    0.8449   -0.9173   -0.0586
   4903.34    0.8257   -0.9077   -0.0427
   4904.37    0.8054   -0.8971   -0.0241
   4905.41    0.7850   -0.8860   -0.0037
   4906.44    0.7656   -0.8748    0.0177
   4907.47    0.7478   -0.8639    0.0391
   4908.50    0.7321   -0.8535    0.0596
   4909.54    0.7188   -0.8442    0.0786
   4910.57    0.7080   -0.8360    0.0952
   4911.60    0.6997   -0.8294    0.1087
   4912.63    0.6938   -0.8244    0.1188
   4913.67    0.6900   -0.8212    0.1251
   4914.70    0.6882   -0.8197    0.1273
   4915.73    0.6881   -0.8200    0.1255
   4916.76    0.6897   -0.8218    0.1197
   4917.80    0.6929   -0.8251    0.1102
   4918.83    0.6976   -0.8296    0.0973
   4919.86    0.7038   -0.8349    0.0816
   4920.89    0.7111   -0.8409    0.0636
   4921.93    0.7196   -0.8471    0.0439
   4922.96    0.7287   -0.8533    0.0232
   4923.99    0.7380   -0.8591    0.0023
   4925.02    0.7470   -0.8641   -0.0183
   4926.06    0.7551   -0.8681   -0.0378
   4927.09    0.7615   -0.8709   -0.0555
   4928.12    0.7656   -0.8721   -0.0709
   4929.15    0.7667   -0.8716   -0.0836
   4930.19    0.7643   -0.8693   -0.0930
   4931.22    0.7581   -0.8650   -0.0989
   4932.25    0.7479   -0.8589   -0.1011
   4933.28    0.7337   -0.8508   -0.0994
   4934.32    0.7159   -0.8409   -0.0938
   4935.35    0.6948   -0.8293   -0.0846
   4936.38    0.6712   -0.8161   -0.0718
   4937.41    0.6458   -0.8017   -0.0557
   4938.45    0.6193   -0.7861   -0.0369
   4939.48    0.5928   -0.7698   -0.0156
   4940.51    0.5668   -0.7528    0.0074
   4941.54    0.5423   -0.7357    0.0318
   4942.58    0.5196   -0.7186    0.0568
   4943.61    0.4992   -0.7018    0.0819
   4944.64    0.4814   -0.6856    0.1063
   4945.67    0.4661   -0.6703    0.1296
   4946.71    0.4532   -0.6560    0.1511
   4947.74    0.4425   -0.6431    0.1702
   4948.77    0.4336   -0.6316    0.1865
   4949.80    0.4262   -0.6216    0.1995
   4950.84    0.4198   -0.6133    0.2088
   4951.87    0.4141   -0.6068    0.2143
   4952.90    0.4088   -0.6019    0.2156
   4953.93    0.4037   -0.5987    0.2127
   4954.97    0.3988   -0.5971    0.2057
   4956.00    0.3941   -0.5969    0.1945
   4957.03    0.3898   -0.5980    0.1793
   4958.06    0.3861   -0.6003    0.1606
   4959.10    0.3834   -0.6035    0.1385
   4960.13    0.3818   -0.6073    0.1137
   4961.16    0.3815   -0.6116    0.0864
   4962.19    0.3828   -0.6161    0.0575
   4963.23    0.3856   -0.6204    0.0274
   4964.26    0.3899   -0.6244   -0.0032
   4965.29    0.3952   -0.6277   -0.0336
   4966.32    0.4012   -0.6302   -0.0632
   4967.36    0.4073   -0.6317   -0.0912
   4968.39    0.4128   -0.6318   -0.1171
   4969.42    0.4171   -0.6304   -0.1401
   4970.45    0.4193   -0.6275   -0.1599
   4971.49    0.4189   -0.6229   -0.1758
   4972.52    0.4152   -0.6165   -0.1874
   4973.55    0.4079   -0.6084   -0.1945
   4974.58    0.3969   -0.5984   -0.1969
   4975.62    0.3821   -0.5868   -0.1943
   4976.65    0.3639   -0.5736   -0.1868
   4977.68    0.3428   -0.5589   -0.1744
   4978.71    0.3195   -0.5429   -0.1575
   4979.75    0.2951   -0.5258   -0.1364
   4980.78    0.2704   -0.5079   -0.1114
   4981.81    0.2465   -0.4895   -0.0831
   4982.84    0.2243   -0.4707   -0.0523
   4983.88    0.2046   -0.4519   -0.0195
   4984.91    0.1880   -0.4334    0.0145
   4985.94    0.1750   -0.4155    0.0487
   4986.97    0.1655   -0.3984    0.0823
   4988.01    0.1594   -0.3824    0.1145
   4989.04    0.1561   -0.3678    0.1443
   4990.07    0.1551   -0.3548    0.1710
   4991.10    0.1555   -0.3436    0.1937
   4992.14    0.1565   -0.3342    0.2117
   4993.17    0.1571   -0.3268    0.2244
   4994.20    0.1568   -0.3214    0.2313
   4995.23    0.1550   -0.3180    0.2321
   4996.27    0.1515   -0.3165    0.2265
   4997.30    0.1464   -0.3168    0.2145
   4998.33    0.1401   -0.3188    0.1962
   4999.36    0.1334   -0.3222    0.1720
   5000.40    0.1270   -0.3267    0.1423
   5001.43    0.1219   -0.3321    0.1077
   5002.46    0.1191   -0.3380    0.0693
   5003.49    0.1192   -0.3441    0.0279
   5004.53    0.1227   -0.3500   -0.0154
   5005.56    0.1297   -0.3553   -0.0592
   5006.59    0.1398   -0.3597   -0.1023
   5007.62    0.1522   -0.3628   -0.1434
   5008.66    0.1656   -0.3644   -0.1811
   5009.69    0.1785   -0.3642   -0.2141
   5010.72    0.1892   -0.3620   -0.2412
   5011.75    0.1962   -0.3577   -0.2613
   5012.79    0.1982   -0.3511   -0.2736
   5013.82    0.1942   -0.3424   -0.2774
   5014.85    0.1842   -0.3317   -0.2724
   5015.88    0.1685   -0.3191   -0.2583
   5016.92    0.1484   -0.3048   -0.2356
   5017.95    0.1255   -0.2893   -0.2046
   5018.98    0.1022   -0.2728   -0.1665
   5020.01    0.0805   -0.2560   -0.1224
   5021.05    0.0627   -0.2392   -0.0739
   5022.08    0.0502   -0.2229   -0.0229
   5023.11    0.0440   -0.2077    0.0287
   5024.14    0.0438   -0.1941    0.0786
   5025.18    0.0488   -0.1823    0.1246
   5026.21    0.0569   -0.1730    0.1644
   5027.24    0.0660   -0.1661    0.1961
   5028.27    0.0737   -0.1620    0.2177
   5029.31    0.0778   -0.1607    0.2279
   5030.34    0.0772   -0.1620    0.2257
   5031.37    0.0719   -0.1657    0.2107
   5032.40    0.0629   -0.1715    0.1831
   5033.44    0.0526   -0.1787    0.1438
   5034.47    0.0438   -0.1869    0.0944
   5035.50    0.0395   -0.1953    0.0372
   5036.53    0.0420   -0.2033   -0.0249
   5037.57    0.0520   -0.2101   -0.0886
   5038.60    0.0688   -0.2150   -0.1501
   5039.63    0.0896   -0.2176   -0.2056
   5040.66    0.1104   -0.2173   -0.2513
   5041.70    0.1264   -0.2140   -0.2839
   5042.73    0.1334   -0.2075   -0.3005
   5043.76    0.1289   -0.1981   -0.2994
   5044.79    0.1129   -0.1862   -0.2798
   5045.83    0.0884   -0.1724   -0.2422
   5046.86    0.0604   -0.1575   -0.1887
   5047.89    0.0353   -0.1425   -0.1226
   5048.92    0.0189   -0.1284   -0.0486
   5049.96    0.0143   -0.1162    0.0276
   5050.99    0.0213   -0.1068    0.0996
   5052.02    0.0361   -0.1007    0.1610
   5053.05    0.0520   -0.0983    0.2057
   5054.09    0.0622   -0.0997    0.2286
   5055.12    0.0622   -0.1045    0.2265
   5056.15    0.0518   -0.1119    0.1982
   5057.18    0.0357   -0.1209    0.1453
   5058.22    0.0222   -0.1302    0.0722
   5059.25    0.0194   -0.1385   -0.0143
   5060.28    0.0318   -0.1443   -0.1049
   5061.31    0.0574   -0.1468   -0.1894
   5062.35    0.0871   -0.1451   -0.2570
   5063.38    0.1085   -0.1393   -0.2985
   5064.41    0.1111   -0.1298   -0.3070
   5065.44    0.0919   -0.1176   -0.2795
   5066.48    0.0584   -0.1044   -0.2179
   5067.51    0.0251   -0.0918   -0.1293
   5068.54    0.0073   -0.0817   -0.0254
   5069.57    0.0119   -0.0755    0.0784
   5070.61    0.0329   -0.0741    0.1655
   5071.64    0.0546   -0.0774    0.2204
   5072.67    0.0608   -0.0846    0.2317
   5073.70    0.0468   -0.0938    0.1949
   5074.74    0.0236   -0.1029    0.1143
   5075.77    0.0120   -0.1095    0.0028
   5076.80    0.0157   -0.1112   -0.0578
   5077.83    0.0156   -0.1109   -0.0575
   5078.87    0.0155   -0.1106   -0.0572
   5079.90    0.0154   -0.1103   -0.0569
   5080.93    0.0153   -0.1101   -0.0567
   5081.96    0.0153   -0.1098   -0.0565
   5083.00    0.0152   -0.1096   -0.0564
   5084.03    0.0151   -0.1094   -0.0563
   5085.06    0.0151   -0.1092   -0.0562
   5086.09    0.0150   -0.1090   -0.0562
   5087.13    0.0150   -0.1088   -0.0562
   5088.16    0.0150   -0.1086   -0.0563
   5089.19    0.0150   -0.1085   -0.0564
   5090.22    0.0149   -0.1084   -0.0566
   5091.26    0.0149   -0.1082   -0.0568
   5092.29    0.0150   -0.1082   -0.0571
   5093.32    0.0150   -0.1081   -0.0574
   5094.35    0.0150   -0.1081   -0.0577
   5095.39    0.0150   -0.1080   -0.0581
   5096.42    0.0151   -0.1080   -0.0586
   5097.45    0.0152   -0.1081   -0.0591
   5098.48    0.0152   -0.1081   -0.0596
   5099.52    0.0153   -0.1082   -0.0602
   5100.55    0.0154   -0.1083   -0.0608
   5101.58    0.0155   -0.1084   -0.0615
   5102.61    0.0157   -0.1085   -0.0622
   5103.65    0.0158   -0.1087   -0.0630
   5104.68    0.0159   -0.1089   -0.0638
   5105.71    0.0161   -0.1092   -0.0646
   5106.74    0.0163   -0.1094   -0.0655
   5107.78    0.0164   -0.1097   -0.0664
   5108.81    0.0166   -0.1100   -0.0674
   5109.84    0.0168   -0.1103   -0.0684
   5110.87    0.0171   -0.1107   -0.0694
   5111.91    0.0173   -0.1110   -0.0704
   5112.94    0.0175   -0.1114   -0.0714
   5113.97    0.0178   -0.1119   -0.0725
   5115.00    0.0180   -0.1123   -0.0735
   5116.04    0.0183   -0.1127   -0.0746
   5117.07    0.0185   -0.1132   -0.0757
   5118.10    0.0188   -0.1137   -0.0767
   5119.13    0.0191   -0.1142   -0.0777
   5120.17    0.0193   -0.1147   -0.0787
   5121.20    0.0196   -0.1152   -0.0796
   5122.23    0.0199   -0.1156   -0.0805
   5123.26    0.0201   -0.1161   -0.0814
   5124.30    0.0203   -0.1166   -0.0821
   5125.33    0.0206   -0.1170   -0.0828
   5126.36    0.0208   -0.1175   -0.0834
   5127.39    0.0209   -0.1179   -0.0839
   5128.43    0.0211   -0.1182   -0.0842
   5129.46    0.0212   -0.1185   -0.0844
   5130.49    0.0213   -0.1188   -0.0845
   5131.52    0.0213   -0.1190   -0.0844
   5132.56    0.0213   -0.1192   -0.0842
   5133.59    0.0212   -0.1193   -0.0838
   5134.62    0.0211   -0.1193   -0.0832
   5135.65    0.0210   -0.1192   -0.0824
   5136.69    0.0208   -0.1190   -0.0814
   5137.72    0.0206   -0.1188   -0.0802
   5138.75    0.0203   -0.1185   -0.0789
   5139.78    0.0199   -0.1180   -0.0774
   5140.82    0.0195   -0.1175   -0.0757
   5141.85    0.0191   -0.1169   -0.0739
   5142.88    0.0187   -0.1163   -0.0719
   5143.91    0.0182   -0.1156   -0.0699
   5144.95    0.0178   -0.1148   -0.0678
   5145.98    0.0173   -0.1140   -0.0658
   5147.01    0.0169   -0.1131   -0.0637
   5148.04    0.0164   -0.1123   -0.0618
   5149.08    0.0161   -0.1115   -0.0601
   5150.11    0.0157   -0.1108   -0.0586
   5151.14    0.0154   -0.1102   -0.0574
   5152.17    0.0153   -0.1097   -0.0567
   5153.21    0.0151   -0.1094   -0.0563
   5154.24    0.0151   -0.1093   -0.0564
   5155.27    0.0152   -0.1094   -0.0571
   5156.30    0.0154   -0.1097   -0.0584
   5157.34    0.0158   -0.1102   -0.0601
   5158.37    0.0162   -0.1110   -0.0625
   5159.40    0.0168   -0.1120   -0.0653
   5160.43    0.0175   -0.1132   -0.0684
   5161.47    0.0183   -0.1145   -0.0718
   5162.50    0.0191   -0.1159   -0.0753
   5163.53    0.0199   -0.1173   -0.0786
   5164.56    0.0207   -0.1186   -0.0816
   5165.60    0.0213   -0.1196   -0.0839
   5166.63    0.0218   -0.1203   -0.0854
   5167.66    0.0219   -0.1206   -0.0859
   5168.69    0.0217   -0.1204   -0.0852
   5169.73    0.0212   -0.1196   -0.0833
   5170.76    0.0204   -0.1183   -0.0801
   5171.79    0.0194   -0.1166   -0.0759
   5172.82    0.0181   -0.1145   -0.0709
   5173.86    0.0169   -0.1123   -0.0656
   5174.89    0.0158   -0.1101   -0.0606
   5175.92    0.0149   -0.1083   -0.0563
   5176.95    0.0143   -0.1071   -0.0536
   5177.99    0.0142   -0.1067   -0.0527
   5179.02    0.0145   -0.1074   -0.0541
   5180.05    0.0152   -0.1090   -0.0579
   5181.08    0.0165   -0.1115   -0.0636
   5182.12    0.0181   -0.1146   -0.0706
   5183.15    0.0199   -0.1178   -0.0778
   5184.18    0.0216   -0.1204   -0.0841
   5185.21    0.0227   -0.1221   -0.0881
   5186.25    0.0228   -0.1222   -0.0888
   5187.28    0.0226   -0.1219   -0.0881
   5188.31    0.0229   -0.1224   -0.0887
   5189.34    0.0231   -0.1229   -0.0894
   5190.38    0.0233   -0.1234   -0.0900
   5191.41    0.0236   -0.1238   -0.0907
   5192.44    0.0238   -0.1243   -0.0913
   5193.47    0.0240   -0.1248   -0.0920
   5194.51    0.0243   -0.1254   -0.0926
   5195.54    0.0245   -0.1259   -0.0933
   5196.57    0.0248   -0.1264   -0.0940
   5197.60    0.0251   -0.1269   -0.0946
   5198.64    0.0253   -0.1274   -0.0953
   5199.67    0.0256   -0.1280   -0.0960
   5200.70    0.0259   -0.1285   -0.0967
   5201.73    0.0261   -0.1290   -0.0974
   5202.77    0.0264   -0.1296   -0.0980
   5203.80    0.0267   -0.1301   -0.0987
   5204.83    0.0270   -0.1306   -0.0994
   5205.86    0.0272   -0.1312   -0.1001
   5206.90    0.0275   -0.1317   -0.1008
   5207.93    0.0278   -0.1323   -0.1015
   5208.96    0.0281   -0.1329   -0.1022
   5209.99    0.0284   -0.1334   -0.1029
   5211.03    0.0287   -0.1340   -0.1036
   5212.06    0.0290   -0.1345   -0.1043
   5213.09    0.0293   -0.1351   -0.1050
   5214.12    0.0296   -0.1357   -0.1058
   5215.16    0.0299   -0.1363   -0.1065
   5216.19    0.0302   -0.1368   -0.1072
   5217.22    0.0305   -0.1374   -0.1079
   5218.25    0.0308   -0.1380   -0.1086
   5219.29    0.0312   -0.1386   -0.1093
   5220.32    0.0315   -0.1392   -0.1100
   5221.35    0.0318   -0.1397   -0.1108
   5222.38    0.0321   -0.1403   -0.1115
   5223.42    0.0324   -0.1409   -0.1122
   5224.45    0.0328   -0.1415   -0.1129
   5225.48    0.0331   -0.1421   -0.1137
   5226.51    0.0334   -0.1427   -0.1144
   5227.55    0.0338   -0.1433   -0.1151
   5228.58    0.0341   -0.1439   -0.1158
   5229.61    0.0345   -0.1445   -0.1166
   5230.64    0.0348   -0.1451   -0.1173
   5231.68    0.0351   -0.1457   -0.1180
   5232.71    0.0355   -0.1463   -0.1187
   5233.74    0.0358   -0.1469   -0.1195
   5234.77    0.0362   -0.1475   -0.1202
   5235.81    0.0365   -0.1481   -0.1209
   5236.84    0.0369   -0.1486   -0.1217
   5237.87    0.0373   -0.1492   -0.1224
   5238.90    0.0376   -0.1498   -0.1231
   5239.94    0.0380   -0.1504   -0.1238
   5240.97    0.0383   -0.1510   -0.1246
   5242.00    0.0387   -0.1516   -0.1253
   5243.03    0.0391   -0.1522   -0.1260
   5244.07    0.0394   -0.1528   -0.1268
   5245.10    0.0398   -0.1534   -0.1275
   5246.13    0.0402   -0.1540   -0.1282
   5247.16    0.0405   -0.1546   -0.1290
   5248.20    0.0409   -0.1552   -0.1297
   5249.23    0.0413   -0.1558   -0.1304
