     #Time      Norm      Real      Imag
   4346.82    0.0000   -0.0000   -0.0000
   4347.86    0.0000   -0.0001   -0.0000
   4348.89    0.0000   -0.0001   -0.0001
   4349.92    0.0000   -0.0001   -0.0001
   4350.95    0.0000   -0.0001   -0.0001
   4351.99    0.0000   -0.0002   -0.0002
   4353.02    0.0000   -0.0001   -0.0002
   4354.05    0.0000   -0.0001   -0.0002
   4355.08    0.0000   -0.0001   -0.0002
   4356.12    0.0000   -0.0001   -0.0002
   4357.15    0.0000   -0.0000   -0.0002
   4358.18    0.0000   -0.0000   -0.0002
   4359.21    0.0000    0.0000   -0.0001
   4360.25    0.0000    0.0001   -0.0001
   4361.28    0.0000    0.0001    0.0000
   4362.31    0.0000    0.0001    0.0001
   4363.34    0.0000    0.0001    0.0001
   4364.38    0.0000    0.0001    0.0002
   4365.41    0.0000    0.0001    0.0002
   4366.44    0.0000    0.0001    0.0003
   4367.47    0.0000    0.0001    0.0003
   4368.51    0.0000    0.0000    0.0004
   4369.54    0.0000    0.0000    0.0004
   4370.57    0.0000   -0.0000    0.0004
   4371.60    0.0000   -0.0000    0.0004
   4372.64    0.0000   -0.0000    0.0004
   4373.67    0.0000   -0.0000    0.0003
   4374.70    0.0000    0.0000    0.0002
   4375.73    0.0000    0.0000    0.0002
   4376.77    0.0000    0.0000    0.0001
   4377.80    0.0000   -0.0000    0.0000
   4378.83    0.0000   -0.0001   -0.0000
   4379.86    0.0000   -0.0001    0.0000
   4380.90    0.0000   -0.0002    0.0001
   4381.93    0.0000   -0.0002    0.0001
   4382.96    0.0000   -0.0002    0.0002
   4383.99    0.0000   -0.0002    0.0002
   4385.03    0.0000   -0.0001    0.0003
   4386.06    0.0000    0.0000    0.0003
   4387.09    0.0000    0.0001    0.0003
   4388.12    0.0000    0.0002    0.0003
   4389.16    0.0000    0.0002    0.0003
   4390.19    0.0000    0.0002    0.0003
   4391.22    0.0000    0.0002    0.0003
   4392.25    0.0000    0.0001    0.0004
   4393.29    0.0000    0.0001    0.0005
   4394.32    0.0000    0.0002    0.0005
   4395.35    0.0000    0.0002    0.0005
   4396.38    0.0000    0.0003    0.0005
   4397.42    0.0000    0.0003    0.0004
   4398.45    0.0000    0.0003    0.0003
   4399.48    0.0000    0.0003    0.0003
   4400.51    0.0000    0.0003    0.0002
   4401.55    0.0000    0.0003    0.0001
   4402.58    0.0000    0.0003    0.0001
   4403.61    0.0000    0.0003    0.0001
   4404.64    0.0000    0.0002    0.0001
   4405.68    0.0000    0.0002    0.0001
   4406.71    0.0000    0.0002    0.0002
   4407.74    0.0000    0.0002    0.0002
   4408.77    0.0000    0.0001    0.0002
   4409.81    0.0000    0.0001    0.0002
   4410.84    0.0000    0.0002    0.0002
   4411.87    0.0000    0.0002    0.0002
   4412.90    0.0000    0.0002    0.0001
   4413.94    0.0000    0.0002    0.0001
   4414.97    0.0000    0.0002    0.0000
   4416.00    0.0000    0.0002   -0.0001
   4417.03    0.0000    0.0002   -0.0001
   4418.07    0.0000    0.0002   -0.0001
   4419.10    0.0000    0.0002   -0.0001
   4420.13    0.0000    0.0002   -0.0001
   4421.16    0.0000    0.0002   -0.0001
   4422.20    0.0000    0.0002   -0.0001
   4423.23    0.0000    0.0002   -0.0001
   4424.26    0.0000    0.0002   -0.0001
   4425.29    0.0000    0.0002   -0.0002
   4426.33    0.0000    0.0001   -0.0002
   4427.36    0.0000    0.0001   -0.0002
   4428.39    0.0000    0.0001   -0.0003
   4429.42    0.0000   -0.0000   -0.0003
   4430.46    0.0000   -0.0001   -0.0003
   4431.49    0.0000   -0.0001   -0.0003
   4432.52    0.0000   -0.0002   -0.0003
   4433.55    0.0000   -0.0001   -0.0002
   4434.59    0.0000   -0.0001   -0.0002
   4435.62    0.0000   -0.0000   -0.0002
   4436.65    0.0000    0.0000   -0.0002
   4437.68    0.0000    0.0001   -0.0002
   4438.72    0.0000    0.0001   -0.0002
   4439.75    0.0000    0.0000   -0.0002
   4440.78    0.0000    0.0000   -0.0002
   4441.81    0.0000   -0.0000   -0.0002
   4442.85    0.0000   -0.0000   -0.0002
   4443.88    0.0000   -0.0000   -0.0002
   4444.91    0.0000    0.0000   -0.0002
   4445.94    0.0000    0.0000   -0.0002
   4446.98    0.0000   -0.0000   -0.0003
   4448.01    0.0000   -0.0000   -0.0003
   4449.04    0.0000   -0.0001   -0.0003
   4450.07    0.0000   -0.0001   -0.0003
   4451.11    0.0000   -0.0001   -0.0002
   4452.14    0.0000   -0.0001   -0.0002
   4453.17    0.0000   -0.0001   -0.0002
   4454.20    0.0000   -0.0001   -0.0001
   4455.24    0.0000   -0.0001   -0.0001
   4456.27    0.0000   -0.0000   -0.0001
   4457.30    0.0000   -0.0000   -0.0001
   4458.33    0.0000   -0.0000   -0.0000
   4459.37    0.0000   -0.0000   -0.0000
   4460.40    0.0000   -0.0000   -0.0000
   4461.43    0.0000   -0.0000   -0.0000
   4462.46    0.0000   -0.0000   -0.0000
   4463.50    0.0000   -0.0001   -0.0001
   4464.53    0.0000   -0.0001   -0.0001
   4465.56    0.0000   -0.0001   -0.0001
   4466.59    0.0000   -0.0002   -0.0001
   4467.63    0.0000   -0.0002   -0.0001
   4468.66    0.0000   -0.0002   -0.0002
   4469.69    0.0000   -0.0003   -0.0002
   4470.72    0.0000   -0.0003   -0.0002
   4471.76    0.0000   -0.0003   -0.0001
   4472.79    0.0000   -0.0003   -0.0001
   4473.82    0.0000   -0.0003   -0.0001
   4474.85    0.0000   -0.0003   -0.0001
   4475.89    0.0000   -0.0003   -0.0001
   4476.92    0.0000   -0.0003   -0.0000
   4477.95    0.0000   -0.0002   -0.0000
   4478.98    0.0000   -0.0002   -0.0000
   4480.02    0.0000   -0.0002   -0.0000
   4481.05    0.0000   -0.0002   -0.0001
   4482.08    0.0000   -0.0003   -0.0001
   4483.11    0.0000   -0.0003   -0.0001
   4484.15    0.0000   -0.0003   -0.0001
   4485.18    0.0000   -0.0003   -0.0002
   4486.21    0.0000   -0.0004   -0.0002
   4487.24    0.0000   -0.0004   -0.0002
   4488.28    0.0000   -0.0004   -0.0003
   4489.31    0.0000   -0.0005   -0.0003
   4490.34    0.0000   -0.0005   -0.0003
   4491.37    0.0000   -0.0005   -0.0003
   4492.41    0.0000   -0.0005   -0.0003
   4493.44    0.0000   -0.0005   -0.0003
   4494.47    0.0000   -0.0005   -0.0003
   4495.50    0.0000   -0.0004   -0.0003
   4496.54    0.0000   -0.0004   -0.0003
   4497.57    0.0000   -0.0004   -0.0003
   4498.60    0.0000   -0.0004   -0.0003
   4499.63    0.0000   -0.0004   -0.0003
   4500.67    0.0000   -0.0004   -0.0003
   4501.70    0.0000   -0.0004   -0.0003
   4502.73    0.0000   -0.0004   -0.0003
   4503.76    0.0000   -0.0005   -0.0004
   4504.80    0.0000   -0.0005   -0.0004
   4505.83    0.0000   -0.0005   -0.0004
   4506.86    0.0000   -0.0005   -0.0004
   4507.89    0.0000   -0.0005   -0.0005
   4508.93    0.0000   -0.0004   -0.0005
   4509.96    0.0000   -0.0004   -0.0005
   4510.99    0.0000   -0.0004   -0.0005
   4512.02    0.0000   -0.0004   -0.0005
   4513.06    0.0000   -0.0004   -0.0005
   4514.09    0.0000   -0.0004   -0.0005
   4515.12    0.0000   -0.0004   -0.0004
   4516.15    0.0000   -0.0004   -0.0004
   4517.19    0.0000   -0.0004   -0.0004
   4518.22    0.0000   -0.0004   -0.0004
   4519.25    0.0000   -0.0004   -0.0005
   4520.28    0.0000   -0.0004   -0.0005
   4521.32    0.0000   -0.0003   -0.0005
   4522.35    0.0000   -0.0003   -0.0005
   4523.38    0.0000   -0.0003   -0.0005
   4524.41    0.0000   -0.0003   -0.0005
   4525.45    0.0000   -0.0003   -0.0005
   4526.48    0.0000   -0.0003   -0.0005
   4527.51    0.0000   -0.0004   -0.0005
   4528.54    0.0000   -0.0004   -0.0005
   4529.58    0.0000   -0.0004   -0.0005
   4530.61    0.0000   -0.0004   -0.0005
   4531.64    0.0000   -0.0004   -0.0005
   4532.67    0.0000   -0.0004   -0.0005
   4533.71    0.0000   -0.0004   -0.0005
   4534.74    0.0000   -0.0003   -0.0005
   4535.77    0.0000   -0.0003   -0.0005
   4536.80    0.0000   -0.0003   -0.0005
   4537.84    0.0000   -0.0003   -0.0005
   4538.87    0.0000   -0.0003   -0.0005
   4539.90    0.0000   -0.0003   -0.0005
   4540.93    0.0000   -0.0003   -0.0005
   4541.97    0.0000   -0.0003   -0.0005
   4543.00    0.0000   -0.0003   -0.0005
   4544.03    0.0000   -0.0004   -0.0005
   4545.06    0.0000   -0.0004   -0.0005
   4546.10    0.0000   -0.0004   -0.0005
   4547.13    0.0000   -0.0004   -0.0005
   4548.16    0.0000   -0.0004   -0.0004
   4549.19    0.0000   -0.0004   -0.0004
   4550.23    0.0000   -0.0004   -0.0004
   4551.26    0.0000   -0.0004   -0.0004
   4552.29    0.0000   -0.0004   -0.0003
   4553.32    0.0000   -0.0004   -0.0003
   4554.36    0.0000   -0.0004   -0.0002
   4555.39    0.0000   -0.0004   -0.0002
   4556.42    0.0000   -0.0004   -0.0002
   4557.45    0.0000   -0.0004   -0.0002
   4558.49    0.0000   -0.0004   -0.0002
   4559.52    0.0000   -0.0003   -0.0002
   4560.55    0.0000   -0.0003   -0.0002
   4561.58    0.0000   -0.0003   -0.0002
   4562.62    0.0000   -0.0003   -0.0002
   4563.65    0.0000   -0.0004   -0.0002
   4564.68    0.0000   -0.0004   -0.0002
   4565.71    0.0000   -0.0004   -0.0002
   4566.75    0.0000   -0.0005   -0.0002
   4567.78    0.0000   -0.0005   -0.0002
   4568.81    0.0000   -0.0005   -0.0002
   4569.84    0.0000   -0.0004   -0.0002
   4570.88    0.0000   -0.0004   -0.0002
   4571.91    0.0000   -0.0004   -0.0002
   4572.94    0.0000   -0.0003   -0.0002
   4573.97    0.0000   -0.0003   -0.0001
   4575.01    0.0000   -0.0003   -0.0000
   4576.04    0.0000   -0.0002    0.0001
   4577.07    0.0000   -0.0000    0.0001
   4578.10    0.0000    0.0001    0.0001
   4579.14    0.0000    0.0003    0.0001
   4580.17    0.0000    0.0004    0.0001
   4581.20    0.0000    0.0004    0.0000
   4582.23    0.0000    0.0004   -0.0000
   4583.27    0.0000    0.0002   -0.0001
   4584.30    0.0000    0.0001   -0.0001
   4585.33    0.0000   -0.0001   -0.0001
   4586.36    0.0000   -0.0003   -0.0001
   4587.40    0.0000   -0.0004   -0.0001
   4588.43    0.0000   -0.0004   -0.0000
   4589.46    0.0000   -0.0003   -0.0000
   4590.49    0.0000   -0.0002   -0.0000
   4591.53    0.0000   -0.0000    0.0000
   4592.56    0.0000    0.0002    0.0000
   4593.59    0.0000    0.0003    0.0001
   4594.62    0.0000    0.0004    0.0001
   4595.66    0.0000    0.0005    0.0001
   4596.69    0.0000    0.0005    0.0001
   4597.72    0.0000    0.0004    0.0001
   4598.75    0.0000    0.0003    0.0000
   4599.79    0.0000    0.0002   -0.0000
   4600.82    0.0000    0.0000   -0.0001
   4601.85    0.0000   -0.0001   -0.0001
   4602.88    0.0000   -0.0003   -0.0001
   4603.92    0.0000   -0.0004   -0.0002
   4604.95    0.0000   -0.0004   -0.0001
   4605.98    0.0000   -0.0004   -0.0001
   4607.01    0.0000   -0.0004   -0.0001
   4608.05    0.0000   -0.0003   -0.0000
   4609.08    0.0000   -0.0002   -0.0000
   4610.11    0.0000    0.0000    0.0000
   4611.14    0.0000    0.0002    0.0001
   4612.18    0.0000    0.0003    0.0001
   4613.21    0.0000    0.0005    0.0001
   4614.24    0.0000    0.0006    0.0001
   4615.27    0.0000    0.0006    0.0001
   4616.31    0.0000    0.0005    0.0001
   4617.34    0.0000    0.0004    0.0000
   4618.37    0.0000    0.0003    0.0000
   4619.40    0.0000    0.0001   -0.0000
   4620.44    0.0000   -0.0001   -0.0001
   4621.47    0.0000   -0.0003   -0.0001
   4622.50    0.0000   -0.0004   -0.0001
   4623.53    0.0000   -0.0005   -0.0002
   4624.57    0.0000   -0.0005   -0.0002
   4625.60    0.0000   -0.0005   -0.0001
   4626.63    0.0000   -0.0005   -0.0001
   4627.66    0.0000   -0.0004   -0.0000
   4628.70    0.0000   -0.0002    0.0000
   4629.73    0.0000   -0.0000    0.0001
   4630.76    0.0000    0.0001    0.0001
   4631.79    0.0000    0.0003    0.0001
   4632.83    0.0000    0.0005    0.0001
   4633.86    0.0000    0.0006    0.0001
   4634.89    0.0000    0.0006    0.0001
   4635.92    0.0000    0.0006    0.0001
   4636.96    0.0000    0.0006    0.0001
   4637.99    0.0000    0.0005    0.0000
   4639.02    0.0000    0.0004   -0.0000
   4640.05    0.0000    0.0002   -0.0001
   4641.09    0.0000    0.0001   -0.0001
   4642.12    0.0000   -0.0001   -0.0002
   4643.15    0.0000   -0.0003   -0.0002
   4644.18    0.0000   -0.0004   -0.0002
   4645.22    0.0000   -0.0005   -0.0002
   4646.25    0.0000   -0.0005   -0.0002
   4647.28    0.0000   -0.0005   -0.0001
   4648.31    0.0000   -0.0005   -0.0001
   4649.35    0.0000   -0.0004    0.0000
   4650.38    0.0000   -0.0003    0.0001
   4651.41    0.0000   -0.0001    0.0002
   4652.44    0.0000    0.0000    0.0002
   4653.48    0.0000    0.0002    0.0002
   4654.51    0.0000    0.0003    0.0003
   4655.54    0.0000    0.0004    0.0002
   4656.57    0.0000    0.0005    0.0002
   4657.61    0.0000    0.0006    0.0001
   4658.64    0.0000    0.0006    0.0001
   4659.67    0.0000    0.0005   -0.0000
   4660.70    0.0000    0.0004   -0.0001
   4661.74    0.0000    0.0003   -0.0002
   4662.77    0.0000    0.0002   -0.0002
   4663.80    0.0000    0.0000   -0.0003
   4664.83    0.0000   -0.0002   -0.0003
   4665.87    0.0000   -0.0003   -0.0002
   4666.90    0.0000   -0.0004   -0.0002
   4667.93    0.0000   -0.0005   -0.0001
   4668.96    0.0000   -0.0005   -0.0001
   4670.00    0.0000   -0.0005    0.0000
   4671.03    0.0000   -0.0004    0.0001
   4672.06    0.0000   -0.0003    0.0002
   4673.09    0.0000   -0.0001    0.0002
   4674.13    0.0000    0.0000    0.0002
   4675.16    0.0000    0.0002    0.0002
   4676.19    0.0000    0.0003    0.0001
   4677.22    0.0000    0.0004    0.0000
   4678.26    0.0000    0.0004   -0.0001
   4679.29    0.0000    0.0004   -0.0002
   4680.32    0.0000    0.0003   -0.0003
   4681.35    0.0000    0.0002   -0.0003
   4682.39    0.0000   -0.0000   -0.0003
   4683.42    0.0000   -0.0002   -0.0003
   4684.45    0.0000   -0.0003   -0.0002
   4685.48    0.0000   -0.0004   -0.0001
   4686.52    0.0000   -0.0005   -0.0000
   4687.55    0.0000   -0.0004    0.0001
   4688.58    0.0000   -0.0003    0.0001
   4689.61    0.0000   -0.0001    0.0001
   4690.65    0.0000    0.0001    0.0001
   4691.68    0.0000    0.0003    0.0001
   4692.71    0.0000    0.0004    0.0000
   4693.74    0.0000    0.0004   -0.0001
   4694.78    0.0000    0.0004   -0.0001
   4695.81    0.0000    0.0002   -0.0001
   4696.84    0.0000    0.0001   -0.0001
   4697.87    0.0000   -0.0001   -0.0000
   4698.91    0.0000   -0.0003    0.0000
   4699.94    0.0000   -0.0004    0.0001
   4700.97    0.0000   -0.0003    0.0002
   4702.00    0.0000   -0.0002    0.0003
   4703.04    0.0000    0.0001    0.0003
   4704.07    0.0000    0.0003    0.0003
   4705.10    0.0000    0.0006    0.0003
   4706.13    0.0000    0.0007    0.0002
   4707.17    0.0000    0.0008    0.0002
   4708.20    0.0000    0.0007    0.0001
   4709.23    0.0000    0.0004    0.0001
   4710.26    0.0000    0.0001    0.0001
   4711.30    0.0000   -0.0002    0.0002
   4712.33    0.0000   -0.0004    0.0002
   4713.36    0.0000   -0.0005    0.0002
   4714.39    0.0000   -0.0004    0.0001
   4715.43    0.0000   -0.0002    0.0001
   4716.46    0.0000    0.0001   -0.0001
   4717.49    0.0000    0.0004   -0.0002
   4718.52    0.0000    0.0006   -0.0003
   4719.56    0.0000    0.0006   -0.0003
   4720.59    0.0000    0.0005   -0.0004
   4721.62    0.0000    0.0002   -0.0003
   4722.65    0.0000   -0.0002   -0.0003
   4723.69    0.0000   -0.0005   -0.0002
   4724.72    0.0000   -0.0007   -0.0002
   4725.75    0.0000   -0.0007   -0.0001
   4726.78    0.0000   -0.0005   -0.0000
   4727.82    0.0000   -0.0002    0.0000
   4728.85    0.0000    0.0002    0.0001
   4729.88    0.0000    0.0005    0.0001
   4730.91    0.0000    0.0005    0.0002
   4731.95    0.0000    0.0003    0.0002
   4732.98    0.0000    0.0001    0.0002
   4734.01    0.0000    0.0000    0.0001
   4735.04    0.0000   -0.0001    0.0001
   4736.08    0.0000   -0.0002    0.0000
   4737.11    0.0000   -0.0002   -0.0000
   4738.14    0.0000   -0.0003   -0.0001
   4739.17    0.0000   -0.0003   -0.0001
   4740.21    0.0000   -0.0003   -0.0001
   4741.24    0.0000   -0.0003   -0.0002
   4742.27    0.0000   -0.0003   -0.0002
   4743.30    0.0000   -0.0003   -0.0002
   4744.34    0.0000   -0.0003   -0.0002
   4745.37    0.0000   -0.0003   -0.0001
   4746.40    0.0000   -0.0004    0.0001
   4747.43    0.0000   -0.0006    0.0003
   4748.47    0.0000   -0.0007    0.0004
   4749.50    0.0000   -0.0008    0.0005
   4750.53    0.0000   -0.0008    0.0005
   4751.56    0.0000   -0.0008    0.0004
   4752.60    0.0000   -0.0007    0.0003
   4753.63    0.0000   -0.0004    0.0003
   4754.66    0.0000   -0.0002    0.0003
   4755.69    0.0000    0.0001    0.0003
   4756.73    0.0000    0.0003    0.0004
   4757.76    0.0000    0.0004    0.0005
   4758.79    0.0000    0.0003    0.0005
   4759.82    0.0000    0.0001    0.0005
   4760.86    0.0000   -0.0003    0.0004
   4761.89    0.0000   -0.0006    0.0002
   4762.92    0.0000   -0.0008    0.0001
   4763.95    0.0000   -0.0008   -0.0000
   4764.99    0.0000   -0.0006   -0.0001
   4766.02    0.0000   -0.0003   -0.0000
   4767.05    0.0000    0.0002    0.0000
   4768.08    0.0000    0.0005    0.0001
   4769.12    0.0000    0.0007    0.0002
   4770.15    0.0000    0.0006    0.0002
   4771.18    0.0000    0.0003    0.0002
   4772.21    0.0000   -0.0001    0.0001
   4773.25    0.0000   -0.0006   -0.0000
   4774.28    0.0000   -0.0009   -0.0002
   4775.31    0.0000   -0.0009   -0.0002
   4776.34    0.0000   -0.0007   -0.0002
   4777.38    0.0000   -0.0003   -0.0001
   4778.41    0.0000    0.0003    0.0001
   4779.44    0.0000    0.0006    0.0003
   4780.47    0.0000    0.0008    0.0005
   4781.51    0.0000    0.0007    0.0004
   4782.54    0.0000    0.0006    0.0003
   4783.57    0.0000    0.0006    0.0001
   4784.60    0.0000    0.0005   -0.0000
   4785.64    0.0000    0.0003   -0.0000
   4786.67    0.0000    0.0001   -0.0000
   4787.70    0.0000   -0.0000    0.0001
   4788.73    0.0000   -0.0000    0.0001
   4789.77    0.0000    0.0000    0.0001
   4790.80    0.0000    0.0002    0.0000
   4791.83    0.0000    0.0004   -0.0002
   4792.86    0.0000    0.0005   -0.0003
   4793.90    0.0000    0.0005   -0.0005
   4794.93    0.0000    0.0004   -0.0006
   4795.96    0.0000    0.0002   -0.0005
   4796.99    0.0000    0.0001   -0.0003
   4798.03    0.0000    0.0001    0.0000
   4799.06    0.0000    0.0002    0.0003
   4800.09    0.0000    0.0003    0.0005
   4801.12    0.0000    0.0003    0.0004
   4802.16    0.0000    0.0001    0.0002
   4803.19    0.0000   -0.0000   -0.0000
   4804.22    0.0000   -0.0002   -0.0001
   4805.25    0.0000   -0.0003    0.0001
   4806.29    0.0000   -0.0002    0.0003
   4807.32    0.0000   -0.0000    0.0005
   4808.35    0.0000    0.0002    0.0007
   4809.38    0.0000    0.0004    0.0007
   4810.42    0.0000    0.0005    0.0005
   4811.45    0.0000    0.0004    0.0003
   4812.48    0.0000    0.0002    0.0001
   4813.51    0.0000    0.0000    0.0001
   4814.55    0.0000   -0.0002    0.0002
   4815.58    0.0000   -0.0004    0.0004
   4816.61    0.0000   -0.0005    0.0006
   4817.64    0.0000   -0.0006    0.0008
   4818.68    0.0000   -0.0006    0.0008
   4819.71    0.0000   -0.0006    0.0006
   4820.74    0.0000   -0.0005    0.0004
   4821.77    0.0000   -0.0004    0.0003
   4822.81    0.0000   -0.0002    0.0001
   4823.84    0.0000   -0.0000    0.0001
   4824.87    0.0000    0.0001    0.0001
   4825.90    0.0000    0.0002    0.0002
   4826.94    0.0000    0.0002    0.0001
   4827.97    0.0000    0.0001    0.0001
   4829.00    0.0000   -0.0001    0.0000
   4830.03    0.0000   -0.0003   -0.0000
   4831.07    0.0000   -0.0005    0.0000
   4832.10    0.0000   -0.0006    0.0001
   4833.13    0.0000   -0.0005    0.0003
   4834.16    0.0000   -0.0004    0.0003
   4835.20    0.0000   -0.0002    0.0002
   4836.23    0.0000    0.0000   -0.0000
   4837.26    0.0000    0.0002   -0.0003
   4838.29    0.0000    0.0003   -0.0006
   4839.33    0.0000    0.0003   -0.0007
   4840.36    0.0000    0.0002   -0.0006
   4841.39    0.0000    0.0001   -0.0003
   4842.42    0.0000   -0.0001   -0.0000
   4843.46    0.0000   -0.0002    0.0002
   4844.49    0.0000   -0.0002    0.0002
   4845.52    0.0000   -0.0002    0.0001
   4846.55    0.0000   -0.0002   -0.0001
   4847.59    0.0000   -0.0002   -0.0003
   4848.62    0.0000   -0.0002   -0.0005
   4849.65    0.0000   -0.0001   -0.0006
   4850.68    0.0000    0.0001   -0.0006
   4851.72    0.0000    0.0002   -0.0005
   4852.75    0.0000    0.0003   -0.0003
   4853.78    0.0000    0.0003   -0.0001
   4854.81    0.0000    0.0002   -0.0000
   4855.85    0.0000   -0.0000    0.0000
   4856.88    0.0000   -0.0002   -0.0000
   4857.91    0.0000   -0.0004   -0.0002
   4858.94    0.0000   -0.0004   -0.0003
   4859.98    0.0000   -0.0003   -0.0005
   4861.01    0.0000   -0.0002   -0.0006
   4862.04    0.0000   -0.0001   -0.0006
   4863.07    0.0000   -0.0000   -0.0005
   4864.11    0.0000   -0.0001   -0.0004
   4865.14    0.0000   -0.0002   -0.0003
   4866.17    0.0000   -0.0002   -0.0002
   4867.20    0.0000   -0.0002   -0.0003
   4868.24    0.0000   -0.0001   -0.0004
   4869.27    0.0000   -0.0000   -0.0006
   4870.30    0.0000    0.0001   -0.0008
   4871.33    0.0000    0.0001   -0.0008
   4872.37    0.0000    0.0000   -0.0007
   4873.40    0.0000   -0.0001   -0.0005
   4874.43    0.0000   -0.0003   -0.0003
   4875.46    0.0000   -0.0004   -0.0002
   4876.50    0.0000   -0.0005   -0.0001
   4877.53    0.0000   -0.0004   -0.0002
   4878.56    0.0000   -0.0003   -0.0004
   4879.59    0.0000   -0.0002   -0.0005
   4880.63    0.0000   -0.0000   -0.0006
   4881.66    0.0000    0.0000   -0.0006
   4882.69    0.0000   -0.0000   -0.0005
   4883.72    0.0000   -0.0001   -0.0004
   4884.76    0.0000   -0.0003   -0.0002
   4885.79    0.0000   -0.0004    0.0000
   4886.82    0.0000   -0.0006    0.0002
   4887.85    0.0000   -0.0006    0.0004
   4888.89    0.0000   -0.0005    0.0005
   4889.92    0.0000   -0.0003    0.0005
   4890.95    0.0000   -0.0001    0.0004
   4891.98    0.0000    0.0001    0.0004
   4893.02    0.0000    0.0002    0.0003
   4894.05    0.0000    0.0002    0.0002
   4895.08    0.0000    0.0001    0.0001
   4896.11    0.0000   -0.0001    0.0001
   4897.15    0.0000   -0.0003    0.0001
   4898.18    0.0000   -0.0005    0.0002
   4899.21    0.0000   -0.0005    0.0004
   4900.24    0.0000   -0.0005    0.0004
   4901.28    0.0000   -0.0004    0.0004
   4902.31    0.0000   -0.0003    0.0002
   4903.34    0.0000   -0.0001   -0.0001
   4904.37    0.0000    0.0000   -0.0004
   4905.41    0.0000    0.0002   -0.0007
   4906.44    0.0000    0.0003   -0.0009
   4907.47    0.0000    0.0003   -0.0010
   4908.50    0.0000    0.0002   -0.0010
   4909.54    0.0000    0.0002   -0.0009
   4910.57    0.0000    0.0003   -0.0008
   4911.60    0.0000    0.0003   -0.0006
   4912.63    0.0000    0.0004   -0.0004
   4913.67    0.0000    0.0004   -0.0001
   4914.70    0.0000    0.0003    0.0001
   4915.73    0.0000    0.0003    0.0003
   4916.76    0.0000    0.0001    0.0004
   4917.80    0.0000    0.0000    0.0004
   4918.83    0.0000   -0.0001    0.0004
   4919.86    0.0000   -0.0002    0.0004
   4920.89    0.0000   -0.0002    0.0002
   4921.93    0.0000   -0.0002    0.0000
   4922.96    0.0000   -0.0001   -0.0002
   4923.99    0.0000   -0.0000   -0.0003
   4925.02    0.0000    0.0001   -0.0005
   4926.06    0.0000    0.0003   -0.0006
   4927.09    0.0000    0.0004   -0.0007
   4928.12    0.0000    0.0005   -0.0007
   4929.15    0.0000    0.0005   -0.0006
   4930.19    0.0000    0.0005   -0.0005
   4931.22    0.0000    0.0003   -0.0003
   4932.25    0.0000    0.0001   -0.0001
   4933.28    0.0000   -0.0001    0.0000
   4934.32    0.0000   -0.0003    0.0001
   4935.35    0.0000   -0.0005    0.0001
   4936.38    0.0000   -0.0005    0.0000
   4937.41    0.0000   -0.0004   -0.0001
   4938.45    0.0000   -0.0002   -0.0002
   4939.48    0.0000    0.0001   -0.0003
   4940.51    0.0000    0.0003   -0.0003
   4941.54    0.0000    0.0004   -0.0004
   4942.58    0.0000    0.0005   -0.0003
   4943.61    0.0000    0.0004   -0.0002
   4944.64    0.0000    0.0003   -0.0002
   4945.67    0.0000    0.0002   -0.0001
   4946.71    0.0000    0.0001   -0.0001
   4947.74    0.0000    0.0001   -0.0001
   4948.77    0.0000    0.0002   -0.0001
   4949.80    0.0000    0.0003   -0.0002
   4950.84    0.0000    0.0004   -0.0002
   4951.87    0.0000    0.0005   -0.0001
   4952.90    0.0000    0.0005   -0.0001
   4953.93    0.0000    0.0004    0.0000
   4954.97    0.0000    0.0002    0.0001
   4956.00    0.0000   -0.0001    0.0002
   4957.03    0.0000   -0.0003    0.0003
   4958.06    0.0000   -0.0005    0.0003
   4959.10    0.0000   -0.0006    0.0003
   4960.13    0.0000   -0.0006    0.0002
   4961.16    0.0000   -0.0005    0.0001
   4962.19    0.0000   -0.0003   -0.0000
   4963.23    0.0000   -0.0000   -0.0001
   4964.26    0.0000    0.0002   -0.0001
   4965.29    0.0000    0.0005   -0.0002
   4966.32    0.0000    0.0006   -0.0002
   4967.36    0.0000    0.0007   -0.0002
   4968.39    0.0000    0.0007   -0.0001
   4969.42    0.0000    0.0006   -0.0000
   4970.45    0.0000    0.0005    0.0001
   4971.49    0.0000    0.0004    0.0002
   4972.52    0.0000    0.0002    0.0003
   4973.55    0.0000    0.0000    0.0004
   4974.58    0.0000   -0.0002    0.0005
   4975.62    0.0000   -0.0003    0.0005
   4976.65    0.0000   -0.0005    0.0005
   4977.68    0.0000   -0.0005    0.0005
   4978.71    0.0000   -0.0005    0.0004
   4979.75    0.0000   -0.0004    0.0002
   4980.78    0.0000   -0.0002    0.0001
   4981.81    0.0000    0.0000   -0.0000
   4982.84    0.0000    0.0003   -0.0001
   4983.88    0.0000    0.0006   -0.0001
   4984.91    0.0000    0.0008   -0.0000
   4985.94    0.0000    0.0009    0.0001
   4986.97    0.0000    0.0010    0.0002
   4988.01    0.0000    0.0008    0.0004
   4989.04    0.0000    0.0006    0.0006
   4990.07    0.0000    0.0003    0.0007
   4991.10    0.0000   -0.0001    0.0007
   4992.14    0.0000   -0.0005    0.0007
   4993.17    0.0000   -0.0008    0.0006
   4994.20    0.0000   -0.0010    0.0005
   4995.23    0.0000   -0.0011    0.0003
   4996.27    0.0000   -0.0010    0.0001
   4997.30    0.0000   -0.0008   -0.0001
   4998.33    0.0000   -0.0005   -0.0003
   4999.36    0.0000   -0.0001   -0.0003
   5000.40    0.0000    0.0001   -0.0002
   5001.43    0.0000    0.0001   -0.0001
   5002.46    0.0000    0.0000   -0.0000
   5003.49    0.0000   -0.0001   -0.0000
   5004.53    0.0000   -0.0002   -0.0001
   5005.56    0.0000   -0.0002   -0.0001
   5006.59    0.0000   -0.0000   -0.0002
   5007.62    0.0000    0.0003   -0.0003
   5008.66    0.0000    0.0006   -0.0002
   5009.69    0.0000    0.0009   -0.0001
   5010.72    0.0000    0.0011    0.0001
   5011.75    0.0000    0.0011    0.0003
   5012.79    0.0000    0.0009    0.0005
   5013.82    0.0000    0.0005    0.0007
   5014.85    0.0000    0.0001    0.0008
   5015.88    0.0000   -0.0002    0.0007
   5016.92    0.0000   -0.0003    0.0007
   5017.95    0.0000   -0.0004    0.0006
   5018.98    0.0000   -0.0003    0.0005
   5020.01    0.0000   -0.0001    0.0004
   5021.05    0.0000    0.0001    0.0003
   5022.08    0.0000    0.0002    0.0003
   5023.11    0.0000    0.0001    0.0003
   5024.14    0.0000   -0.0000    0.0003
   5025.18    0.0000   -0.0002    0.0003
   5026.21    0.0000   -0.0004    0.0002
   5027.24    0.0000   -0.0006    0.0001
   5028.27    0.0000   -0.0008   -0.0001
   5029.31    0.0000   -0.0007   -0.0002
   5030.34    0.0000   -0.0006   -0.0003
   5031.37    0.0000   -0.0004   -0.0004
   5032.40    0.0000   -0.0001   -0.0004
   5033.44    0.0000    0.0002   -0.0004
   5034.47    0.0000    0.0004   -0.0003
   5035.50    0.0000    0.0005   -0.0002
   5036.53    0.0000    0.0006   -0.0002
   5037.57    0.0000    0.0006   -0.0001
   5038.60    0.0000    0.0005   -0.0001
   5039.63    0.0000    0.0005   -0.0001
   5040.66    0.0000    0.0004   -0.0001
   5041.70    0.0000    0.0004   -0.0000
   5042.73    0.0000    0.0003    0.0001
   5043.76    0.0000    0.0003    0.0002
   5044.79    0.0000    0.0003    0.0003
   5045.83    0.0000    0.0003    0.0005
   5046.86    0.0000    0.0002    0.0006
   5047.89    0.0000    0.0001    0.0006
   5048.92    0.0000   -0.0001    0.0006
   5049.96    0.0000   -0.0003    0.0004
   5050.99    0.0000   -0.0004    0.0003
   5052.02    0.0000   -0.0005    0.0001
   5053.05    0.0000   -0.0005   -0.0001
   5054.09    0.0000   -0.0006   -0.0002
   5055.12    0.0000   -0.0006   -0.0003
   5056.15    0.0000   -0.0006   -0.0003
   5057.18    0.0000   -0.0005   -0.0004
   5058.22    0.0000   -0.0005   -0.0004
   5059.25    0.0000   -0.0004   -0.0003
   5060.28    0.0000   -0.0003   -0.0003
   5061.31    0.0000   -0.0001   -0.0003
   5062.35    0.0000   -0.0000   -0.0004
   5063.38    0.0000    0.0002   -0.0004
   5064.41    0.0000    0.0003   -0.0004
   5065.44    0.0000    0.0005   -0.0003
   5066.48    0.0000    0.0006   -0.0003
   5067.51    0.0000    0.0007   -0.0002
   5068.54    0.0000    0.0007   -0.0001
   5069.57    0.0000    0.0006    0.0000
   5070.61    0.0000    0.0004    0.0001
   5071.64    0.0000    0.0003    0.0002
   5072.67    0.0000    0.0001    0.0002
   5073.70    0.0000   -0.0001    0.0001
   5074.74    0.0000   -0.0002    0.0000
   5075.77    0.0000   -0.0003   -0.0000
   5076.80    0.0000   -0.0002   -0.0001
   5077.83    0.0000   -0.0001   -0.0001
   5078.87    0.0000   -0.0001   -0.0000
   5079.90    0.0000   -0.0000    0.0001
   5080.93    0.0000    0.0000    0.0002
   5081.96    0.0000    0.0000    0.0003
   5083.00    0.0000   -0.0000    0.0003
   5084.03    0.0000   -0.0000    0.0004
   5085.06    0.0000   -0.0001    0.0004
   5086.09    0.0000   -0.0002    0.0004
   5087.13    0.0000   -0.0002    0.0003
   5088.16    0.0000   -0.0003    0.0003
   5089.19    0.0000   -0.0003    0.0002
   5090.22    0.0000   -0.0003    0.0001
   5091.26    0.0000   -0.0002   -0.0001
   5092.29    0.0000   -0.0001   -0.0001
   5093.32    0.0000   -0.0001   -0.0002
   5094.35    0.0000   -0.0000   -0.0002
   5095.39    0.0000   -0.0000   -0.0001
   5096.42    0.0000   -0.0000   -0.0000
   5097.45    0.0000   -0.0000    0.0001
   5098.48    0.0000   -0.0000    0.0002
   5099.52    0.0000   -0.0001    0.0003
   5100.55    0.0000   -0.0001    0.0004
   5101.58    0.0000   -0.0001    0.0003
   5102.61    0.0000   -0.0002    0.0002
   5103.65    0.0000   -0.0002    0.0001
   5104.68    0.0000   -0.0004   -0.0001
   5105.71    0.0000   -0.0005   -0.0002
   5106.74    0.0000   -0.0006   -0.0003
   5107.78    0.0000   -0.0006   -0.0004
   5108.81    0.0000   -0.0006   -0.0005
   5109.84    0.0000   -0.0005   -0.0005
   5110.87    0.0000   -0.0004   -0.0006
   5111.91    0.0000   -0.0003   -0.0006
   5112.94    0.0000   -0.0002   -0.0006
   5113.97    0.0000   -0.0000   -0.0006
   5115.00    0.0000    0.0001   -0.0006
   5116.04    0.0000    0.0001   -0.0006
   5117.07    0.0000    0.0003   -0.0007
   5118.10    0.0000    0.0005   -0.0008
   5119.13    0.0000    0.0007   -0.0007
   5120.17    0.0000    0.0007   -0.0004
   5121.20    0.0000    0.0006    0.0001
   5122.23    0.0000    0.0005    0.0005
   5123.26    0.0000    0.0003    0.0009
   5124.30    0.0000    0.0001    0.0011
   5125.33    0.0000   -0.0002    0.0011
   5126.36    0.0000   -0.0003    0.0010
   5127.39    0.0000   -0.0005    0.0008
   5128.43    0.0000   -0.0005    0.0005
   5129.46    0.0000   -0.0005    0.0002
   5130.49    0.0000   -0.0004   -0.0000
   5131.52    0.0000   -0.0002   -0.0003
   5132.56    0.0000    0.0000   -0.0005
   5133.59    0.0000    0.0002   -0.0006
   5134.62    0.0000    0.0004   -0.0006
   5135.65    0.0000    0.0005   -0.0006
   5136.69    0.0000    0.0005   -0.0005
   5137.72    0.0000    0.0004   -0.0003
   5138.75    0.0000    0.0002   -0.0001
   5139.78    0.0000   -0.0000    0.0003
   5140.82    0.0000   -0.0002    0.0006
   5141.85    0.0000   -0.0004    0.0009
   5142.88    0.0000   -0.0006    0.0010
   5143.91    0.0000   -0.0007    0.0010
   5144.95    0.0000   -0.0008    0.0010
   5145.98    0.0000   -0.0009    0.0009
   5147.01    0.0000   -0.0009    0.0007
   5148.04    0.0000   -0.0008    0.0005
   5149.08    0.0000   -0.0008    0.0003
   5150.11    0.0000   -0.0008    0.0001
   5151.14    0.0000   -0.0007   -0.0001
   5152.17    0.0000   -0.0006   -0.0002
   5153.21    0.0000   -0.0006   -0.0003
   5154.24    0.0000   -0.0005   -0.0003
   5155.27    0.0000   -0.0004   -0.0003
   5156.30    0.0000   -0.0003   -0.0003
   5157.34    0.0000   -0.0002   -0.0003
   5158.37    0.0000   -0.0001   -0.0002
   5159.40    0.0000   -0.0000   -0.0001
   5160.43    0.0000   -0.0000   -0.0000
   5161.47    0.0000   -0.0001    0.0001
   5162.50    0.0000   -0.0001    0.0002
   5163.53    0.0000   -0.0002    0.0003
   5164.56    0.0000   -0.0003    0.0005
   5165.60    0.0000   -0.0005    0.0006
   5166.63    0.0000   -0.0006    0.0007
   5167.66    0.0000   -0.0007    0.0007
   5168.69    0.0000   -0.0007    0.0007
   5169.73    0.0000   -0.0008    0.0007
   5170.76    0.0000   -0.0008    0.0006
   5171.79    0.0000   -0.0009    0.0005
   5172.82    0.0000   -0.0008    0.0004
   5173.86    0.0000   -0.0008    0.0003
   5174.89    0.0000   -0.0008    0.0002
   5175.92    0.0000   -0.0007    0.0001
   5176.95    0.0000   -0.0006   -0.0000
   5177.99    0.0000   -0.0005   -0.0001
   5179.02    0.0000   -0.0005   -0.0001
   5180.05    0.0000   -0.0004   -0.0001
   5181.08    0.0000   -0.0004   -0.0001
   5182.12    0.0000   -0.0003   -0.0001
   5183.15    0.0000   -0.0003    0.0000
   5184.18    0.0000   -0.0004    0.0001
   5185.21    0.0000   -0.0004    0.0002
   5186.25    0.0000   -0.0004    0.0003
   5187.28    0.0000   -0.0005    0.0004
   5188.31    0.0000   -0.0005    0.0005
   5189.34    0.0000   -0.0005    0.0005
   5190.38    0.0000   -0.0006    0.0004
   5191.41    0.0000   -0.0005    0.0004
   5192.44    0.0000   -0.0005    0.0003
   5193.47    0.0000   -0.0005    0.0003
   5194.51    0.0000   -0.0004    0.0002
   5195.54    0.0000   -0.0003    0.0001
   5196.57    0.0000   -0.0002   -0.0000
   5197.60    0.0000   -0.0001   -0.0001
   5198.64    0.0000   -0.0001   -0.0001
   5199.67    0.0000    0.0000   -0.0002
   5200.70    0.0000    0.0001   -0.0002
   5201.73    0.0000    0.0001   -0.0001
   5202.77    0.0000    0.0001   -0.0001
   5203.80    0.0000    0.0000    0.0001
   5204.83    0.0000   -0.0002    0.0003
   5205.86    0.0000   -0.0004    0.0005
   5206.90    0.0000   -0.0005    0.0005
   5207.93    0.0000   -0.0006    0.0005
   5208.96    0.0000   -0.0005    0.0002
   5209.99    0.0000   -0.0002   -0.0001
   5211.03    0.0000    0.0001   -0.0004
   5212.06    0.0000    0.0004   -0.0006
   5213.09    0.0000    0.0006   -0.0007
   5214.12    0.0000    0.0008   -0.0006
   5215.16    0.0000    0.0008   -0.0004
   5216.19    0.0000    0.0006   -0.0001
   5217.22    0.0000    0.0003    0.0003
   5218.25    0.0000   -0.0000    0.0006
   5219.29    0.0000   -0.0004    0.0008
   5220.32    0.0000   -0.0006    0.0009
   5221.35    0.0000   -0.0008    0.0008
   5222.38    0.0000   -0.0008    0.0005
   5223.42    0.0000   -0.0007    0.0002
   5224.45    0.0000   -0.0004   -0.0002
   5225.48    0.0000   -0.0001   -0.0005
   5226.51    0.0000    0.0002   -0.0008
   5227.55    0.0000    0.0004   -0.0009
   5228.58    0.0000    0.0007   -0.0009
   5229.61    0.0000    0.0007   -0.0007
   5230.64    0.0000    0.0007   -0.0005
   5231.68    0.0000    0.0005   -0.0001
   5232.71    0.0000    0.0003    0.0002
   5233.74    0.0000    0.0000    0.0005
   5234.77    0.0000   -0.0003    0.0007
   5235.81    0.0000   -0.0005    0.0008
   5236.84    0.0000   -0.0007    0.0008
   5237.87    0.0000   -0.0008    0.0006
   5238.90    0.0000   -0.0007    0.0004
   5239.94    0.0000   -0.0005    0.0000
   5240.97    0.0000   -0.0002   -0.0003
   5242.00    0.0000    0.0001   -0.0006
   5243.03    0.0000    0.0004   -0.0007
   5244.07    0.0000    0.0007   -0.0008
   5245.10    0.0000    0.0008   -0.0007
   5246.13    0.0000    0.0009   -0.0005
   5247.16    0.0000    0.0008   -0.0002
   5248.20    0.0000    0.0006    0.0001
   5249.23    0.0000    0.0003    0.0004
   5250.26    0.0000   -0.0000    0.0007
   5251.29    0.0000   -0.0004    0.0009
   5252.33    0.0000   -0.0006    0.0009
   5253.36    0.0000   -0.0008    0.0009
   5254.39    0.0000   -0.0009    0.0007
   5255.42    0.0000   -0.0008    0.0004
   5256.46    0.0000   -0.0006    0.0001
   5257.49    0.0000   -0.0003   -0.0003
   5258.52    0.0000    0.0000   -0.0005
   5259.55    0.0000    0.0003   -0.0007
   5260.59    0.0000    0.0006   -0.0008
   5261.62    0.0000    0.0008   -0.0007
   5262.65    0.0000    0.0009   -0.0006
   5263.68    0.0000    0.0008   -0.0003
   5264.72    0.0000    0.0007   -0.0000
   5265.75    0.0000    0.0004    0.0003
   5266.78    0.0000    0.0001    0.0005
   5267.81    0.0000   -0.0003    0.0007
   5268.85    0.0000   -0.0006    0.0007
   5269.88    0.0000   -0.0008    0.0007
   5270.91    0.0000   -0.0009    0.0005
   5271.94    0.0000   -0.0009    0.0003
   5272.98    0.0000   -0.0007    0.0000
   5274.01    0.0000   -0.0005   -0.0003
