     #Time      Norm      Real      Imag
   3918.34    0.0000   -0.0000   -0.0000
   3918.34    0.0000   -0.0000   -0.0000
   3919.37    0.0000   -0.0000   -0.0000
   3920.40    0.0000   -0.0000   -0.0000
   3921.43    0.0000   -0.0000   -0.0000
   3922.47    0.0000   -0.0000   -0.0000
   3923.50    0.0000   -0.0000   -0.0000
   3924.53    0.0000   -0.0000   -0.0000
   3925.56    0.0000   -0.0000   -0.0000
   3926.60    0.0000   -0.0000   -0.0000
   3927.63    0.0000   -0.0000   -0.0000
   3928.66    0.0000   -0.0000   -0.0000
   3929.69    0.0000   -0.0000   -0.0000
   3930.73    0.0000   -0.0000   -0.0000
   3931.76    0.0000   -0.0000   -0.0000
   3932.79    0.0000   -0.0000   -0.0000
   3933.82    0.0000   -0.0000   -0.0000
   3934.86    0.0000   -0.0000   -0.0000
   3935.89    0.0000   -0.0000   -0.0000
   3936.92    0.0000   -0.0000   -0.0000
   3937.95    0.0000   -0.0000   -0.0000
   3938.99    0.0000   -0.0000   -0.0000
   3940.02    0.0000   -0.0000   -0.0000
   3941.05    0.0000   -0.0000   -0.0000
   3942.08    0.0000   -0.0000   -0.0000
   3943.12    0.0000   -0.0000   -0.0000
   3944.15    0.0000   -0.0000   -0.0000
   3945.18    0.0000   -0.0000   -0.0000
   3946.21    0.0000   -0.0000   -0.0000
   3947.25    0.0000   -0.0000   -0.0000
   3948.28    0.0000   -0.0000   -0.0000
   3949.31    0.0000   -0.0000   -0.0000
   3950.34    0.0000   -0.0000   -0.0000
   3951.38    0.0000   -0.0000   -0.0000
   3952.41    0.0000   -0.0000   -0.0000
   3953.44    0.0000   -0.0000   -0.0000
   3954.47    0.0000   -0.0000   -0.0000
   3955.51    0.0000   -0.0000   -0.0000
   3956.54    0.0000   -0.0000   -0.0000
   3957.57    0.0000   -0.0000   -0.0000
   3958.60    0.0000   -0.0000   -0.0000
   3959.64    0.0000   -0.0000   -0.0000
   3960.67    0.0000   -0.0000   -0.0000
   3961.70    0.0000   -0.0000   -0.0000
   3962.73    0.0000   -0.0000   -0.0000
   3963.77    0.0000   -0.0000   -0.0000
   3964.80    0.0000   -0.0000   -0.0000
   3965.83    0.0000   -0.0000   -0.0000
   3966.86    0.0000   -0.0000   -0.0000
   3967.90    0.0000   -0.0000   -0.0000
   3968.93    0.0000   -0.0000   -0.0000
   3969.96    0.0000   -0.0000   -0.0000
   3970.99    0.0000   -0.0000   -0.0000
   3972.03    0.0000   -0.0000   -0.0000
   3973.06    0.0000   -0.0000   -0.0000
   3974.09    0.0000   -0.0000   -0.0000
   3975.12    0.0000   -0.0000   -0.0000
   3976.16    0.0000   -0.0000   -0.0000
   3977.19    0.0000   -0.0000   -0.0000
   3978.22    0.0000   -0.0000   -0.0000
   3979.25    0.0000   -0.0000   -0.0000
   3980.29    0.0000   -0.0000   -0.0000
   3981.32    0.0000   -0.0000   -0.0000
   3982.35    0.0000   -0.0000   -0.0000
   3983.38    0.0000   -0.0001   -0.0000
   3984.42    0.0000   -0.0001   -0.0000
   3985.45    0.0000   -0.0001   -0.0000
   3986.48    0.0000   -0.0001   -0.0000
   3987.51    0.0000   -0.0001   -0.0000
   3988.55    0.0000   -0.0001   -0.0000
   3989.58    0.0000   -0.0001   -0.0000
   3990.61    0.0000   -0.0001   -0.0000
   3991.64    0.0000   -0.0001   -0.0000
   3992.68    0.0000   -0.0001   -0.0000
   3993.71    0.0000   -0.0001   -0.0000
   3994.74    0.0000   -0.0001   -0.0000
   3995.77    0.0000   -0.0001   -0.0001
   3996.81    0.0000   -0.0001   -0.0001
   3997.84    0.0000   -0.0001   -0.0001
   3998.87    0.0000   -0.0001   -0.0001
   3999.90    0.0000   -0.0001   -0.0001
   4000.94    0.0000   -0.0001   -0.0001
   4001.97    0.0000   -0.0001   -0.0001
   4003.00    0.0000   -0.0001   -0.0001
   4004.03    0.0000   -0.0001   -0.0001
   4005.07    0.0000   -0.0001   -0.0001
   4006.10    0.0000   -0.0001   -0.0001
   4007.13    0.0000   -0.0001   -0.0001
   4008.16    0.0000   -0.0001   -0.0001
   4009.20    0.0000   -0.0001   -0.0001
   4010.23    0.0000   -0.0001   -0.0001
   4011.26    0.0000   -0.0001   -0.0001
   4012.29    0.0000   -0.0001   -0.0001
   4013.33    0.0000   -0.0001   -0.0001
   4014.36    0.0000   -0.0001   -0.0001
   4015.39    0.0000   -0.0001   -0.0001
   4016.42    0.0000   -0.0001   -0.0001
   4017.46    0.0000   -0.0001   -0.0001
   4018.49    0.0000   -0.0001   -0.0001
   4019.52    0.0000   -0.0001   -0.0001
   4020.55    0.0000   -0.0001   -0.0001
   4021.59    0.0000   -0.0001   -0.0001
   4022.62    0.0000   -0.0001   -0.0001
   4023.65    0.0000   -0.0001   -0.0001
   4024.68    0.0000   -0.0001   -0.0001
   4025.72    0.0000   -0.0001   -0.0001
   4026.75    0.0000   -0.0001   -0.0001
   4027.78    0.0000   -0.0001   -0.0001
   4028.81    0.0000   -0.0001   -0.0001
   4029.85    0.0000   -0.0001   -0.0001
   4030.88    0.0000   -0.0001   -0.0001
   4031.91    0.0000   -0.0001   -0.0001
   4032.94    0.0000   -0.0001   -0.0001
   4033.98    0.0000   -0.0001   -0.0001
   4035.01    0.0000   -0.0001   -0.0001
   4036.04    0.0000   -0.0001   -0.0001
   4037.07    0.0000   -0.0001   -0.0001
   4038.11    0.0000   -0.0002   -0.0001
   4039.14    0.0000   -0.0002   -0.0001
   4040.17    0.0000   -0.0002   -0.0001
   4041.20    0.0000   -0.0002   -0.0001
   4042.24    0.0000   -0.0002   -0.0001
   4043.27    0.0000   -0.0002   -0.0001
   4044.30    0.0000   -0.0002   -0.0001
   4045.33    0.0000   -0.0002   -0.0001
   4046.37    0.0000   -0.0002   -0.0001
   4047.40    0.0000   -0.0002   -0.0001
   4048.43    0.0000   -0.0002   -0.0001
   4049.46    0.0000   -0.0002   -0.0001
   4050.50    0.0000   -0.0002   -0.0001
   4051.53    0.0000   -0.0002   -0.0001
   4052.56    0.0000   -0.0002   -0.0001
   4053.59    0.0000   -0.0002   -0.0001
   4054.63    0.0000   -0.0002   -0.0001
   4055.66    0.0000   -0.0002   -0.0001
   4056.69    0.0000   -0.0002   -0.0001
   4057.72    0.0000   -0.0002   -0.0001
   4058.76    0.0000   -0.0002   -0.0001
   4059.79    0.0000   -0.0002   -0.0001
   4060.82    0.0000   -0.0002   -0.0002
   4061.85    0.0000   -0.0002   -0.0002
   4062.89    0.0000   -0.0002   -0.0002
   4063.92    0.0000   -0.0002   -0.0002
   4064.95    0.0000   -0.0002   -0.0002
   4065.98    0.0000   -0.0002   -0.0002
   4067.02    0.0000   -0.0002   -0.0002
   4068.05    0.0000   -0.0002   -0.0002
   4069.08    0.0000   -0.0002   -0.0002
   4070.11    0.0000   -0.0002   -0.0002
   4071.15    0.0000   -0.0002   -0.0002
   4072.18    0.0000   -0.0002   -0.0002
   4073.21    0.0000   -0.0002   -0.0002
   4074.24    0.0000   -0.0002   -0.0002
   4075.28    0.0000   -0.0002   -0.0002
   4076.31    0.0000   -0.0002   -0.0002
   4077.34    0.0000   -0.0002   -0.0002
   4078.37    0.0000   -0.0002   -0.0002
   4079.41    0.0000   -0.0002   -0.0002
   4080.44    0.0000   -0.0002   -0.0002
   4081.47    0.0000   -0.0002   -0.0002
   4082.50    0.0000   -0.0002   -0.0002
   4083.54    0.0000   -0.0002   -0.0002
   4084.57    0.0000   -0.0002   -0.0002
   4085.60    0.0000   -0.0002   -0.0002
   4086.63    0.0000   -0.0002   -0.0002
   4087.67    0.0000   -0.0002   -0.0002
   4088.70    0.0000   -0.0002   -0.0002
   4089.73    0.0000   -0.0002   -0.0002
   4090.76    0.0000   -0.0002   -0.0002
   4091.80    0.0000   -0.0002   -0.0003
   4092.83    0.0000   -0.0002   -0.0003
   4093.86    0.0000   -0.0002   -0.0003
   4094.89    0.0000   -0.0002   -0.0003
   4095.93    0.0000   -0.0002   -0.0003
   4096.96    0.0000   -0.0002   -0.0003
   4097.99    0.0000   -0.0002   -0.0003
   4099.02    0.0000   -0.0002   -0.0003
   4100.06    0.0000   -0.0002   -0.0003
   4101.09    0.0000   -0.0002   -0.0003
   4102.12    0.0000   -0.0002   -0.0003
   4103.15    0.0000   -0.0002   -0.0003
   4104.19    0.0000   -0.0002   -0.0003
   4105.22    0.0000   -0.0002   -0.0003
   4106.25    0.0000   -0.0002   -0.0003
   4107.28    0.0000   -0.0002   -0.0003
   4108.32    0.0000   -0.0002   -0.0003
   4109.35    0.0000   -0.0002   -0.0003
   4110.38    0.0000   -0.0002   -0.0003
   4111.41    0.0000   -0.0002   -0.0003
   4112.45    0.0000   -0.0002   -0.0003
   4113.48    0.0000   -0.0002   -0.0003
   4114.51    0.0000   -0.0002   -0.0003
   4115.54    0.0000   -0.0002   -0.0003
   4116.58    0.0000   -0.0002   -0.0003
   4117.61    0.0000   -0.0002   -0.0003
   4118.64    0.0000   -0.0002   -0.0004
   4119.67    0.0000   -0.0002   -0.0004
   4120.71    0.0000   -0.0002   -0.0004
   4121.74    0.0000   -0.0002   -0.0004
   4122.77    0.0000   -0.0002   -0.0004
   4123.80    0.0000   -0.0002   -0.0004
   4124.84    0.0000   -0.0002   -0.0004
   4125.87    0.0000   -0.0002   -0.0004
   4126.90    0.0000   -0.0002   -0.0004
   4127.93    0.0000   -0.0002   -0.0004
   4128.97    0.0000   -0.0002   -0.0004
   4130.00    0.0000   -0.0002   -0.0004
   4131.03    0.0000   -0.0002   -0.0004
   4132.06    0.0000   -0.0002   -0.0004
   4133.10    0.0000   -0.0002   -0.0004
   4134.13    0.0000   -0.0002   -0.0004
   4135.16    0.0000   -0.0002   -0.0004
   4136.19    0.0000   -0.0002   -0.0004
   4137.23    0.0000   -0.0002   -0.0004
   4138.26    0.0000   -0.0002   -0.0004
   4139.29    0.0000   -0.0002   -0.0004
   4140.32    0.0000   -0.0002   -0.0004
   4141.36    0.0000   -0.0002   -0.0004
   4142.39    0.0000   -0.0002   -0.0004
   4143.42    0.0000   -0.0002   -0.0004
   4144.45    0.0000   -0.0002   -0.0004
   4145.49    0.0000   -0.0002   -0.0005
   4146.52    0.0000   -0.0002   -0.0005
   4147.55    0.0000   -0.0002   -0.0005
   4148.58    0.0000   -0.0002   -0.0005
   4149.62    0.0000   -0.0002   -0.0005
   4150.65    0.0000   -0.0002   -0.0005
   4151.68    0.0000   -0.0002   -0.0005
   4152.71    0.0000   -0.0002   -0.0005
   4153.75    0.0000   -0.0002   -0.0005
   4154.78    0.0000   -0.0002   -0.0005
   4155.81    0.0000   -0.0002   -0.0005
   4156.84    0.0000   -0.0002   -0.0005
   4157.88    0.0000   -0.0002   -0.0005
   4158.91    0.0000   -0.0002   -0.0005
   4159.94    0.0000   -0.0002   -0.0005
   4160.97    0.0000   -0.0002   -0.0005
   4162.01    0.0000   -0.0002   -0.0005
   4163.04    0.0000   -0.0002   -0.0005
   4164.07    0.0000   -0.0002   -0.0005
   4165.10    0.0000   -0.0002   -0.0005
   4166.14    0.0000   -0.0002   -0.0005
   4167.17    0.0000   -0.0002   -0.0005
   4168.20    0.0000   -0.0002   -0.0005
   4169.23    0.0000   -0.0002   -0.0005
   4170.27    0.0000   -0.0002   -0.0005
   4171.30    0.0000   -0.0002   -0.0005
   4172.33    0.0000   -0.0002   -0.0005
   4173.36    0.0000   -0.0002   -0.0005
   4174.40    0.0000   -0.0002   -0.0005
   4175.43    0.0000   -0.0001   -0.0005
   4176.46    0.0000   -0.0001   -0.0005
   4177.49    0.0000   -0.0001   -0.0006
   4178.53    0.0000   -0.0001   -0.0006
   4179.56    0.0000   -0.0001   -0.0006
   4180.59    0.0000   -0.0001   -0.0006
   4181.62    0.0000   -0.0001   -0.0006
   4182.66    0.0000   -0.0001   -0.0006
   4183.69    0.0000   -0.0001   -0.0006
   4184.72    0.0000   -0.0001   -0.0006
   4185.75    0.0000   -0.0001   -0.0006
   4186.79    0.0000   -0.0001   -0.0006
   4187.82    0.0000   -0.0001   -0.0006
   4188.85    0.0000   -0.0001   -0.0006
   4189.88    0.0000   -0.0001   -0.0006
   4190.92    0.0000   -0.0001   -0.0006
   4191.95    0.0000   -0.0001   -0.0006
   4192.98    0.0000   -0.0001   -0.0006
   4194.01    0.0000   -0.0001   -0.0006
   4195.05    0.0000   -0.0001   -0.0006
   4196.08    0.0000   -0.0001   -0.0006
   4197.11    0.0000   -0.0001   -0.0006
   4198.14    0.0000   -0.0001   -0.0006
   4199.18    0.0000   -0.0001   -0.0006
   4200.21    0.0000   -0.0001   -0.0006
   4201.24    0.0000   -0.0001   -0.0006
   4202.27    0.0000   -0.0001   -0.0006
   4203.31    0.0000   -0.0001   -0.0006
   4204.34    0.0000   -0.0001   -0.0006
   4205.37    0.0000   -0.0001   -0.0006
   4206.40    0.0000   -0.0001   -0.0006
   4207.44    0.0000   -0.0001   -0.0006
   4208.47    0.0000   -0.0001   -0.0006
   4209.50    0.0000   -0.0000   -0.0006
   4210.53    0.0000   -0.0000   -0.0006
   4211.57    0.0000   -0.0000   -0.0006
   4212.60    0.0000   -0.0000   -0.0006
   4213.63    0.0000   -0.0000   -0.0006
   4214.66    0.0000   -0.0000   -0.0006
   4215.70    0.0000   -0.0000   -0.0006
   4216.73    0.0000   -0.0000   -0.0006
   4217.76    0.0000   -0.0000   -0.0006
   4218.79    0.0000   -0.0000   -0.0006
   4219.83    0.0000   -0.0000   -0.0006
   4220.86    0.0000   -0.0000   -0.0006
   4221.89    0.0000   -0.0000   -0.0006
   4222.92    0.0000   -0.0000   -0.0006
   4223.96    0.0000    0.0000   -0.0007
   4224.99    0.0000    0.0000   -0.0007
   4226.02    0.0000    0.0000   -0.0007
   4227.05    0.0000    0.0000   -0.0007
   4228.09    0.0000    0.0000   -0.0007
   4229.12    0.0000    0.0000   -0.0007
   4230.15    0.0000    0.0000   -0.0007
   4231.18    0.0000    0.0000   -0.0007
   4232.22    0.0000    0.0000   -0.0007
   4233.25    0.0000    0.0000   -0.0007
   4234.28    0.0000    0.0000   -0.0007
   4235.31    0.0000    0.0000   -0.0007
   4236.35    0.0000    0.0000   -0.0007
   4237.38    0.0000    0.0001   -0.0007
   4238.41    0.0000    0.0001   -0.0007
   4239.44    0.0000    0.0001   -0.0007
   4240.48    0.0000    0.0001   -0.0007
   4241.51    0.0000    0.0001   -0.0007
   4242.54    0.0000    0.0001   -0.0007
   4243.57    0.0000    0.0001   -0.0007
   4244.61    0.0000    0.0001   -0.0007
   4245.64    0.0000    0.0001   -0.0007
   4246.67    0.0000    0.0001   -0.0007
   4247.70    0.0000    0.0001   -0.0007
   4248.74    0.0000    0.0001   -0.0007
   4249.77    0.0000    0.0001   -0.0007
   4250.80    0.0000    0.0001   -0.0007
   4251.83    0.0000    0.0001   -0.0007
   4252.87    0.0000    0.0001   -0.0007
   4253.90    0.0000    0.0001   -0.0007
   4254.93    0.0000    0.0001   -0.0007
   4255.96    0.0000    0.0001   -0.0007
   4257.00    0.0000    0.0001   -0.0007
   4258.03    0.0000    0.0001   -0.0007
   4259.06    0.0000    0.0001   -0.0007
   4260.09    0.0000    0.0001   -0.0007
   4261.13    0.0000    0.0001   -0.0007
   4262.16    0.0000    0.0002   -0.0007
   4263.19    0.0000    0.0002   -0.0007
   4264.22    0.0000    0.0002   -0.0007
   4265.26    0.0000    0.0002   -0.0007
   4266.29    0.0000    0.0002   -0.0007
   4267.32    0.0000    0.0002   -0.0007
   4268.35    0.0000    0.0002   -0.0007
   4269.39    0.0000    0.0002   -0.0007
   4270.42    0.0000    0.0002   -0.0007
   4271.45    0.0000    0.0002   -0.0007
   4272.48    0.0000    0.0002   -0.0007
   4273.52    0.0000    0.0002   -0.0007
   4274.55    0.0000    0.0002   -0.0007
   4275.58    0.0000    0.0002   -0.0007
   4276.61    0.0000    0.0002   -0.0007
   4277.65    0.0000    0.0002   -0.0007
   4278.68    0.0000    0.0002   -0.0007
   4279.71    0.0000    0.0002   -0.0007
   4280.74    0.0000    0.0002   -0.0007
   4281.78    0.0000    0.0002   -0.0007
   4282.81    0.0000    0.0002   -0.0007
   4283.84    0.0000    0.0002   -0.0007
   4284.87    0.0000    0.0002   -0.0007
   4285.91    0.0000    0.0002   -0.0007
   4286.94    0.0000    0.0002   -0.0007
   4287.97    0.0000    0.0003   -0.0007
   4289.00    0.0000    0.0003   -0.0007
   4290.04    0.0000    0.0003   -0.0007
   4291.07    0.0000    0.0003   -0.0007
   4292.10    0.0000    0.0003   -0.0007
   4293.13    0.0000    0.0003   -0.0007
   4294.17    0.0000    0.0003   -0.0007
   4295.20    0.0000    0.0003   -0.0007
   4296.23    0.0000    0.0003   -0.0007
   4297.26    0.0000    0.0003   -0.0007
   4298.30    0.0000    0.0003   -0.0007
   4299.33    0.0000    0.0003   -0.0007
   4300.36    0.0000    0.0003   -0.0007
   4301.39    0.0000    0.0003   -0.0007
   4302.43    0.0000    0.0003   -0.0007
   4303.46    0.0000    0.0003   -0.0007
   4304.49    0.0000    0.0003   -0.0007
   4305.52    0.0000    0.0003   -0.0007
   4306.56    0.0000    0.0003   -0.0007
   4307.59    0.0000    0.0003   -0.0007
   4308.62    0.0000    0.0003   -0.0007
   4309.65    0.0000    0.0003   -0.0007
   4310.69    0.0000    0.0003   -0.0007
   4311.72    0.0000    0.0003   -0.0007
   4312.75    0.0000    0.0003   -0.0007
   4313.78    0.0000    0.0003   -0.0007
   4314.82    0.0000    0.0004   -0.0007
   4315.85    0.0000    0.0004   -0.0007
   4316.88    0.0000    0.0004   -0.0007
   4317.91    0.0000    0.0004   -0.0007
   4318.95    0.0000    0.0004   -0.0007
   4319.98    0.0000    0.0004   -0.0007
   4321.01    0.0000    0.0004   -0.0007
   4322.04    0.0000    0.0004   -0.0007
   4323.08    0.0000    0.0004   -0.0007
   4324.11    0.0000    0.0004   -0.0007
   4325.14    0.0000    0.0004   -0.0007
   4326.17    0.0000    0.0004   -0.0007
   4327.21    0.0000    0.0004   -0.0007
   4328.24    0.0000    0.0004   -0.0007
   4329.27    0.0000    0.0004   -0.0007
   4330.30    0.0000    0.0004   -0.0007
   4331.34    0.0000    0.0004   -0.0007
   4332.37    0.0000    0.0004   -0.0007
   4333.40    0.0000    0.0004   -0.0007
   4334.43    0.0000    0.0004   -0.0007
   4335.47    0.0000    0.0004   -0.0007
   4336.50    0.0000    0.0004   -0.0007
   4337.53    0.0000    0.0004   -0.0007
   4338.56    0.0000    0.0004   -0.0007
   4339.60    0.0000    0.0004   -0.0007
   4340.63    0.0000    0.0004   -0.0007
   4341.66    0.0000    0.0004   -0.0007
   4342.69    0.0000    0.0004   -0.0007
   4343.73    0.0000    0.0004   -0.0007
   4344.76    0.0000    0.0004   -0.0007
   4345.79    0.0000    0.0005   -0.0007
   4346.82    0.0000    0.0005   -0.0006
   4347.86    0.0000    0.0005   -0.0006
   4348.89    0.0000    0.0005   -0.0006
   4349.92    0.0000    0.0005   -0.0006
   4350.95    0.0000    0.0005   -0.0006
   4351.99    0.0000    0.0005   -0.0006
   4353.02    0.0000    0.0005   -0.0006
   4354.05    0.0000    0.0005   -0.0006
   4355.08    0.0000    0.0005   -0.0006
   4356.12    0.0000    0.0005   -0.0006
   4357.15    0.0000    0.0005   -0.0006
   4358.18    0.0000    0.0005   -0.0006
   4359.21    0.0000    0.0005   -0.0006
   4360.25    0.0000    0.0005   -0.0006
   4361.28    0.0000    0.0005   -0.0006
   4362.31    0.0000    0.0005   -0.0006
   4363.34    0.0000    0.0005   -0.0006
   4364.38    0.0000    0.0005   -0.0006
   4365.41    0.0000    0.0005   -0.0006
   4366.44    0.0000    0.0005   -0.0006
   4367.47    0.0000    0.0005   -0.0006
   4368.51    0.0000    0.0005   -0.0006
   4369.54    0.0000    0.0005   -0.0006
   4370.57    0.0000    0.0005   -0.0006
   4371.60    0.0000    0.0005   -0.0006
   4372.64    0.0000    0.0005   -0.0006
   4373.67    0.0000    0.0005   -0.0006
   4374.70    0.0000    0.0005   -0.0006
   4375.73    0.0000    0.0005   -0.0006
   4376.77    0.0000    0.0005   -0.0006
   4377.80    0.0000    0.0005   -0.0006
   4378.83    0.0000    0.0005   -0.0006
   4379.86    0.0000    0.0005   -0.0006
   4380.90    0.0000    0.0005   -0.0006
   4381.93    0.0000    0.0005   -0.0006
   4382.96    0.0000    0.0005   -0.0006
   4383.99    0.0000    0.0006   -0.0006
   4385.03    0.0000    0.0006   -0.0006
   4386.06    0.0000    0.0006   -0.0006
   4387.09    0.0000    0.0006   -0.0006
   4388.12    0.0000    0.0006   -0.0006
   4389.16    0.0000    0.0006   -0.0006
   4390.19    0.0000    0.0006   -0.0006
   4391.22    0.0000    0.0006   -0.0006
   4392.25    0.0000    0.0006   -0.0006
   4393.29    0.0000    0.0006   -0.0006
   4394.32    0.0000    0.0006   -0.0006
   4395.35    0.0000    0.0006   -0.0006
   4396.38    0.0000    0.0006   -0.0006
   4397.42    0.0000    0.0006   -0.0006
   4398.45    0.0000    0.0006   -0.0006
   4399.48    0.0000    0.0006   -0.0006
   4400.51    0.0000    0.0006   -0.0006
   4401.55    0.0000    0.0006   -0.0006
   4402.58    0.0000    0.0006   -0.0006
   4403.61    0.0000    0.0006   -0.0006
   4404.64    0.0000    0.0006   -0.0006
   4405.68    0.0000    0.0006   -0.0006
   4406.71    0.0000    0.0006   -0.0006
   4407.74    0.0000    0.0006   -0.0006
   4408.77    0.0000    0.0006   -0.0006
   4409.81    0.0000    0.0006   -0.0006
   4410.84    0.0000    0.0006   -0.0006
   4411.87    0.0000    0.0006   -0.0006
   4412.90    0.0000    0.0006   -0.0006
   4413.94    0.0000    0.0006   -0.0006
   4414.97    0.0000    0.0006   -0.0006
   4416.00    0.0000    0.0006   -0.0006
   4417.03    0.0000    0.0006   -0.0006
   4418.07    0.0000    0.0006   -0.0006
   4419.10    0.0000    0.0006   -0.0006
   4420.13    0.0000    0.0006   -0.0006
   4421.16    0.0000    0.0006   -0.0006
   4422.20    0.0000    0.0006   -0.0006
   4423.23    0.0000    0.0006   -0.0006
   4424.26    0.0000    0.0006   -0.0006
   4425.29    0.0000    0.0006   -0.0006
   4426.33    0.0000    0.0006   -0.0006
   4427.36    0.0000    0.0006   -0.0006
   4428.39    0.0000    0.0006   -0.0005
   4429.42    0.0000    0.0006   -0.0005
   4430.46    0.0000    0.0006   -0.0005
   4431.49    0.0000    0.0006   -0.0005
   4432.52    0.0000    0.0006   -0.0005
   4433.55    0.0000    0.0006   -0.0005
   4434.59    0.0000    0.0007   -0.0005
   4435.62    0.0000    0.0007   -0.0005
   4436.65    0.0000    0.0007   -0.0005
   4437.68    0.0000    0.0007   -0.0005
   4438.72    0.0000    0.0007   -0.0005
   4439.75    0.0000    0.0007   -0.0005
   4440.78    0.0000    0.0007   -0.0005
   4441.81    0.0000    0.0007   -0.0005
   4442.85    0.0000    0.0007   -0.0005
   4443.88    0.0000    0.0007   -0.0005
   4444.91    0.0000    0.0007   -0.0005
   4445.94    0.0000    0.0007   -0.0005
   4446.98    0.0000    0.0007   -0.0005
   4448.01    0.0000    0.0007   -0.0005
   4449.04    0.0000    0.0007   -0.0005
   4450.07    0.0000    0.0007   -0.0005
   4451.11    0.0000    0.0007   -0.0005
   4452.14    0.0000    0.0007   -0.0005
   4453.17    0.0000    0.0007   -0.0005
   4454.20    0.0000    0.0007   -0.0005
   4455.24    0.0000    0.0007   -0.0005
   4456.27    0.0000    0.0007   -0.0005
   4457.30    0.0000    0.0007   -0.0005
   4458.33    0.0000    0.0007   -0.0005
   4459.37    0.0000    0.0007   -0.0005
   4460.40    0.0000    0.0007   -0.0005
   4461.43    0.0000    0.0007   -0.0005
   4462.46    0.0000    0.0007   -0.0005
   4463.50    0.0000    0.0007   -0.0005
   4464.53    0.0000    0.0007   -0.0005
   4465.56    0.0000    0.0007   -0.0005
   4466.59    0.0000    0.0007   -0.0005
   4467.63    0.0000    0.0007   -0.0005
   4468.66    0.0000    0.0007   -0.0005
   4469.69    0.0000    0.0007   -0.0005
   4470.72    0.0000    0.0007   -0.0005
   4471.76    0.0000    0.0007   -0.0005
   4472.79    0.0000    0.0007   -0.0005
   4473.82    0.0000    0.0007   -0.0005
   4474.85    0.0000    0.0007   -0.0005
   4475.89    0.0000    0.0007   -0.0005
   4476.92    0.0000    0.0007   -0.0005
   4477.95    0.0000    0.0007   -0.0005
   4478.98    0.0000    0.0007   -0.0005
   4480.02    0.0000    0.0007   -0.0005
   4481.05    0.0000    0.0007   -0.0005
   4482.08    0.0000    0.0007   -0.0005
   4483.11    0.0000    0.0007   -0.0005
   4484.15    0.0000    0.0007   -0.0005
   4485.18    0.0000    0.0008   -0.0005
   4486.21    0.0000    0.0008   -0.0005
   4487.24    0.0000    0.0008   -0.0005
   4488.28    0.0000    0.0008   -0.0005
   4489.31    0.0000    0.0008   -0.0005
   4490.34    0.0000    0.0008   -0.0005
   4491.37    0.0000    0.0008   -0.0005
   4492.41    0.0000    0.0008   -0.0005
   4493.44    0.0000    0.0008   -0.0005
   4494.47    0.0000    0.0008   -0.0005
   4495.50    0.0000    0.0008   -0.0005
   4496.54    0.0000    0.0008   -0.0005
   4497.57    0.0000    0.0008   -0.0005
   4498.60    0.0000    0.0008   -0.0005
   4499.63    0.0000    0.0008   -0.0005
   4500.67    0.0000    0.0008   -0.0005
   4501.70    0.0000    0.0008   -0.0005
   4502.73    0.0000    0.0008   -0.0005
   4503.76    0.0000    0.0008   -0.0005
   4504.80    0.0000    0.0008   -0.0005
   4505.83    0.0000    0.0008   -0.0005
   4506.86    0.0000    0.0008   -0.0005
   4507.89    0.0000    0.0008   -0.0005
   4508.93    0.0000    0.0008   -0.0005
   4509.96    0.0000    0.0008   -0.0005
   4510.99    0.0000    0.0008   -0.0005
   4512.02    0.0000    0.0008   -0.0005
   4513.06    0.0000    0.0008   -0.0005
   4514.09    0.0000    0.0008   -0.0005
   4515.12    0.0000    0.0008   -0.0005
   4516.15    0.0000    0.0008   -0.0005
   4517.19    0.0000    0.0008   -0.0005
   4518.22    0.0000    0.0008   -0.0005
   4519.25    0.0000    0.0008   -0.0005
   4520.28    0.0000    0.0008   -0.0005
   4521.32    0.0000    0.0008   -0.0005
   4522.35    0.0000    0.0008   -0.0005
   4523.38    0.0000    0.0008   -0.0005
   4524.41    0.0000    0.0008   -0.0005
   4525.45    0.0000    0.0008   -0.0005
   4526.48    0.0000    0.0008   -0.0005
   4527.51    0.0000    0.0008   -0.0005
   4528.54    0.0000    0.0008   -0.0005
   4529.58    0.0000    0.0009   -0.0005
   4530.61    0.0000    0.0009   -0.0005
   4531.64    0.0000    0.0009   -0.0005
   4532.67    0.0000    0.0009   -0.0005
   4533.71    0.0000    0.0009   -0.0004
   4534.74    0.0000    0.0009   -0.0004
   4535.77    0.0000    0.0009   -0.0004
   4536.80    0.0000    0.0009   -0.0004
   4537.84    0.0000    0.0009   -0.0004
   4538.87    0.0000    0.0009   -0.0004
   4539.90    0.0000    0.0009   -0.0004
   4540.93    0.0000    0.0009   -0.0004
   4541.97    0.0000    0.0009   -0.0004
   4543.00    0.0000    0.0009   -0.0004
   4544.03    0.0000    0.0009   -0.0004
   4545.06    0.0000    0.0009   -0.0004
   4546.10    0.0000    0.0009   -0.0004
   4547.13    0.0000    0.0009   -0.0004
   4548.16    0.0000    0.0009   -0.0004
   4549.19    0.0000    0.0009   -0.0004
   4550.23    0.0000    0.0009   -0.0004
   4551.26    0.0000    0.0009   -0.0004
   4552.29    0.0000    0.0009   -0.0004
   4553.32    0.0000    0.0009   -0.0004
   4554.36    0.0000    0.0009   -0.0004
   4555.39    0.0000    0.0009   -0.0004
   4556.42    0.0000    0.0009   -0.0004
   4557.45    0.0000    0.0009   -0.0004
   4558.49    0.0000    0.0009   -0.0004
   4559.52    0.0000    0.0009   -0.0004
   4560.55    0.0000    0.0009   -0.0004
   4561.58    0.0000    0.0009   -0.0004
   4562.62    0.0000    0.0009   -0.0004
   4563.65    0.0000    0.0009   -0.0004
   4564.68    0.0000    0.0009   -0.0004
   4565.71    0.0000    0.0009   -0.0004
   4566.75    0.0000    0.0009   -0.0004
   4567.78    0.0000    0.0009   -0.0004
   4568.81    0.0000    0.0009   -0.0004
   4569.84    0.0000    0.0009   -0.0004
   4570.88    0.0000    0.0009   -0.0004
   4571.91    0.0000    0.0009   -0.0004
   4572.94    0.0000    0.0009   -0.0004
   4573.97    0.0000    0.0009   -0.0004
   4575.01    0.0000    0.0009   -0.0004
   4576.04    0.0000    0.0009   -0.0004
   4577.07    0.0000    0.0009   -0.0004
   4578.10    0.0000    0.0009   -0.0004
   4579.14    0.0000    0.0009   -0.0004
   4580.17    0.0000    0.0009   -0.0004
   4581.20    0.0000    0.0009   -0.0004
   4582.23    0.0000    0.0009   -0.0004
   4583.27    0.0000    0.0009   -0.0004
   4584.30    0.0000    0.0009   -0.0004
   4585.33    0.0000    0.0009   -0.0004
   4586.36    0.0000    0.0009   -0.0004
   4587.40    0.0000    0.0009   -0.0004
   4588.43    0.0000    0.0009   -0.0004
   4589.46    0.0000    0.0009   -0.0004
   4590.49    0.0000    0.0009   -0.0003
   4591.53    0.0000    0.0009   -0.0003
   4592.56    0.0000    0.0009   -0.0003
   4593.59    0.0000    0.0009   -0.0003
   4594.62    0.0000    0.0009   -0.0003
   4595.66    0.0000    0.0009   -0.0003
   4596.69    0.0000    0.0009   -0.0003
   4597.72    0.0000    0.0010   -0.0003
   4598.75    0.0000    0.0010   -0.0003
   4599.79    0.0000    0.0010   -0.0003
   4600.82    0.0000    0.0010   -0.0003
   4601.85    0.0000    0.0010   -0.0003
   4602.88    0.0000    0.0010   -0.0003
   4603.92    0.0000    0.0010   -0.0003
   4604.95    0.0000    0.0009   -0.0003
   4605.98    0.0000    0.0009   -0.0003
   4607.01    0.0000    0.0009   -0.0003
   4608.05    0.0000    0.0009   -0.0003
   4609.08    0.0000    0.0009   -0.0003
   4610.11    0.0000    0.0009   -0.0003
   4611.14    0.0000    0.0009   -0.0003
   4612.18    0.0000    0.0009   -0.0003
   4613.21    0.0000    0.0009   -0.0003
   4614.24    0.0000    0.0009   -0.0003
   4615.27    0.0000    0.0009   -0.0003
   4616.31    0.0000    0.0009   -0.0003
   4617.34    0.0000    0.0009   -0.0003
   4618.37    0.0000    0.0009   -0.0003
   4619.40    0.0000    0.0009   -0.0003
   4620.44    0.0000    0.0009   -0.0003
   4621.47    0.0000    0.0010   -0.0003
   4622.50    0.0000    0.0010   -0.0003
   4623.53    0.0000    0.0009   -0.0003
   4624.57    0.0000    0.0009   -0.0003
   4625.60    0.0000    0.0009   -0.0003
   4626.63    0.0000    0.0009   -0.0003
   4627.66    0.0000    0.0009   -0.0003
   4628.70    0.0000    0.0009   -0.0003
   4629.73    0.0000    0.0009   -0.0003
   4630.76    0.0000    0.0009   -0.0003
   4631.79    0.0000    0.0009   -0.0003
   4632.83    0.0000    0.0009   -0.0003
   4633.86    0.0000    0.0009   -0.0003
   4634.89    0.0000    0.0009   -0.0003
   4635.92    0.0000    0.0009   -0.0003
   4636.96    0.0000    0.0009   -0.0003
   4637.99    0.0000    0.0009   -0.0003
   4639.02    0.0000    0.0009   -0.0003
   4640.05    0.0000    0.0009   -0.0003
   4641.09    0.0000    0.0009   -0.0003
   4642.12    0.0000    0.0009   -0.0003
   4643.15    0.0000    0.0009   -0.0003
   4644.18    0.0000    0.0009   -0.0003
   4645.22    0.0000    0.0009   -0.0003
   4646.25    0.0000    0.0009   -0.0003
   4647.28    0.0000    0.0010   -0.0003
   4648.31    0.0000    0.0010   -0.0003
   4649.35    0.0000    0.0010   -0.0003
   4650.38    0.0000    0.0010   -0.0003
   4651.41    0.0000    0.0010   -0.0003
   4652.44    0.0000    0.0010   -0.0003
   4653.48    0.0000    0.0009   -0.0003
   4654.51    0.0000    0.0009   -0.0003
   4655.54    0.0000    0.0009   -0.0003
   4656.57    0.0000    0.0009   -0.0003
   4657.61    0.0000    0.0009   -0.0003
   4658.64    0.0000    0.0009   -0.0003
   4659.67    0.0000    0.0009   -0.0003
   4660.70    0.0000    0.0009   -0.0003
   4661.74    0.0000    0.0009   -0.0003
   4662.77    0.0000    0.0009   -0.0003
   4663.80    0.0000    0.0009   -0.0003
   4664.83    0.0000    0.0009   -0.0003
   4665.87    0.0000    0.0009   -0.0003
   4666.90    0.0000    0.0009   -0.0003
   4667.93    0.0000    0.0009   -0.0003
   4668.96    0.0000    0.0009   -0.0003
   4670.00    0.0000    0.0009   -0.0003
   4671.03    0.0000    0.0009   -0.0003
   4672.06    0.0000    0.0009   -0.0003
   4673.09    0.0000    0.0009   -0.0003
   4674.13    0.0000    0.0009   -0.0003
   4675.16    0.0000    0.0009   -0.0003
   4676.19    0.0000    0.0009   -0.0003
   4677.22    0.0000    0.0009   -0.0003
   4678.26    0.0000    0.0009   -0.0003
   4679.29    0.0000    0.0009   -0.0003
   4680.32    0.0000    0.0009   -0.0003
   4681.35    0.0000    0.0010   -0.0003
   4682.39    0.0000    0.0010   -0.0003
   4683.42    0.0000    0.0010   -0.0003
   4684.45    0.0000    0.0010   -0.0003
   4685.48    0.0000    0.0010   -0.0003
   4686.52    0.0000    0.0010   -0.0003
   4687.55    0.0000    0.0010   -0.0003
   4688.58    0.0000    0.0010   -0.0003
   4689.61    0.0000    0.0010   -0.0003
   4690.65    0.0000    0.0010   -0.0003
   4691.68    0.0000    0.0010   -0.0003
   4692.71    0.0000    0.0010   -0.0003
   4693.74    0.0000    0.0010   -0.0003
   4694.78    0.0000    0.0010   -0.0003
   4695.81    0.0000    0.0010   -0.0003
   4696.84    0.0000    0.0009   -0.0002
   4697.87    0.0000    0.0009   -0.0002
   4698.91    0.0000    0.0009   -0.0002
   4699.94    0.0000    0.0009   -0.0002
   4700.97    0.0000    0.0009   -0.0002
   4702.00    0.0000    0.0009   -0.0002
   4703.04    0.0000    0.0009   -0.0002
   4704.07    0.0000    0.0009   -0.0002
   4705.10    0.0000    0.0009   -0.0002
   4706.13    0.0000    0.0009   -0.0002
   4707.17    0.0000    0.0009   -0.0002
   4708.20    0.0000    0.0009   -0.0002
   4709.23    0.0000    0.0009   -0.0002
   4710.26    0.0000    0.0009   -0.0002
   4711.30    0.0000    0.0009   -0.0002
   4712.33    0.0000    0.0009   -0.0002
   4713.36    0.0000    0.0009   -0.0002
   4714.39    0.0000    0.0009   -0.0002
   4715.43    0.0000    0.0009   -0.0002
   4716.46    0.0000    0.0009   -0.0002
   4717.49    0.0000    0.0009   -0.0002
   4718.52    0.0000    0.0009   -0.0002
   4719.56    0.0000    0.0009   -0.0002
   4720.59    0.0000    0.0009   -0.0002
   4721.62    0.0000    0.0009   -0.0002
   4722.65    0.0000    0.0009   -0.0002
   4723.69    0.0000    0.0009   -0.0002
   4724.72    0.0000    0.0009   -0.0002
   4725.75    0.0000    0.0009   -0.0002
   4726.78    0.0000    0.0009   -0.0002
   4727.82    0.0000    0.0009   -0.0002
   4728.85    0.0000    0.0009   -0.0002
   4729.88    0.0000    0.0009   -0.0002
   4730.91    0.0000    0.0009   -0.0002
   4731.95    0.0000    0.0009   -0.0002
   4732.98    0.0000    0.0009   -0.0002
   4734.01    0.0000    0.0010   -0.0002
   4735.04    0.0000    0.0010   -0.0002
   4736.08    0.0000    0.0010   -0.0002
   4737.11    0.0000    0.0010   -0.0002
   4738.14    0.0000    0.0010   -0.0002
   4739.17    0.0000    0.0010   -0.0002
   4740.21    0.0000    0.0010   -0.0002
   4741.24    0.0000    0.0010   -0.0002
   4742.27    0.0000    0.0010   -0.0002
   4743.30    0.0000    0.0010   -0.0002
   4744.34    0.0000    0.0010   -0.0002
   4745.37    0.0000    0.0010   -0.0002
   4746.40    0.0000    0.0010   -0.0002
   4747.43    0.0000    0.0010   -0.0002
   4748.47    0.0000    0.0010   -0.0002
   4749.50    0.0000    0.0010   -0.0002
   4750.53    0.0000    0.0010   -0.0002
   4751.56    0.0000    0.0010   -0.0002
   4752.60    0.0000    0.0010   -0.0002
   4753.63    0.0000    0.0010   -0.0002
   4754.66    0.0000    0.0010   -0.0002
   4755.69    0.0000    0.0010   -0.0002
   4756.73    0.0000    0.0010   -0.0002
   4757.76    0.0000    0.0010   -0.0001
   4758.79    0.0000    0.0010   -0.0001
   4759.82    0.0000    0.0010   -0.0001
   4760.86    0.0000    0.0010   -0.0001
   4761.89    0.0000    0.0009   -0.0001
   4762.92    0.0000    0.0009   -0.0001
   4763.95    0.0000    0.0009   -0.0001
   4764.99    0.0000    0.0009   -0.0001
   4766.02    0.0000    0.0009   -0.0001
   4767.05    0.0000    0.0009   -0.0001
   4768.08    0.0000    0.0009   -0.0001
   4769.12    0.0000    0.0009   -0.0001
   4770.15    0.0000    0.0009   -0.0001
   4771.18    0.0000    0.0009   -0.0001
   4772.21    0.0000    0.0009   -0.0001
   4773.25    0.0000    0.0009   -0.0001
   4774.28    0.0000    0.0009   -0.0001
   4775.31    0.0000    0.0009   -0.0001
   4776.34    0.0000    0.0009   -0.0001
   4777.38    0.0000    0.0009   -0.0001
   4778.41    0.0000    0.0009   -0.0001
   4779.44    0.0000    0.0009   -0.0001
   4780.47    0.0000    0.0009   -0.0002
   4781.51    0.0000    0.0009   -0.0002
   4782.54    0.0000    0.0009   -0.0002
   4783.57    0.0000    0.0009   -0.0002
   4784.60    0.0000    0.0009   -0.0002
   4785.64    0.0000    0.0009   -0.0002
   4786.67    0.0000    0.0009   -0.0002
   4787.70    0.0000    0.0009   -0.0002
   4788.73    0.0000    0.0009   -0.0002
   4789.77    0.0000    0.0008   -0.0002
   4790.80    0.0000    0.0008   -0.0002
   4791.83    0.0000    0.0008   -0.0002
   4792.86    0.0000    0.0008   -0.0002
   4793.90    0.0000    0.0008   -0.0002
   4794.93    0.0000    0.0008   -0.0002
   4795.96    0.0000    0.0008   -0.0002
   4796.99    0.0000    0.0008   -0.0002
   4798.03    0.0000    0.0008   -0.0002
   4799.06    0.0000    0.0008   -0.0002
   4800.09    0.0000    0.0008   -0.0002
   4801.12    0.0000    0.0008   -0.0002
   4802.16    0.0000    0.0008   -0.0002
   4803.19    0.0000    0.0008   -0.0002
   4804.22    0.0000    0.0008   -0.0002
   4805.25    0.0000    0.0008   -0.0002
   4806.29    0.0000    0.0008   -0.0001
   4807.32    0.0000    0.0008   -0.0001
   4808.35    0.0000    0.0008   -0.0001
   4809.38    0.0000    0.0008   -0.0001
   4810.42    0.0000    0.0008   -0.0001
   4811.45    0.0000    0.0008   -0.0001
   4812.48    0.0000    0.0008   -0.0001
   4813.51    0.0000    0.0008   -0.0001
   4814.55    0.0000    0.0008   -0.0001
   4815.58    0.0000    0.0008   -0.0001
   4816.61    0.0000    0.0008   -0.0001
   4817.64    0.0000    0.0008   -0.0001
   4818.68    0.0000    0.0008   -0.0001
   4819.71    0.0000    0.0008   -0.0001
   4820.74    0.0000    0.0008   -0.0001
   4821.77    0.0000    0.0009   -0.0001
   4822.81    0.0000    0.0009   -0.0001
   4823.84    0.0000    0.0009   -0.0001
   4824.87    0.0000    0.0008   -0.0001
   4825.90    0.0000    0.0008   -0.0001
   4826.94    0.0000    0.0008   -0.0001
   4827.97    0.0000    0.0008   -0.0001
   4829.00    0.0000    0.0008   -0.0001
   4830.03    0.0000    0.0008   -0.0001
   4831.07    0.0000    0.0008   -0.0001
   4832.10    0.0000    0.0008   -0.0000
   4833.13    0.0000    0.0008   -0.0000
   4834.16    0.0000    0.0008   -0.0000
   4835.20    0.0000    0.0008   -0.0000
   4836.23    0.0000    0.0008   -0.0000
   4837.26    0.0000    0.0008   -0.0000
   4838.29    0.0000    0.0008   -0.0000
   4839.33    0.0000    0.0008   -0.0000
   4840.36    0.0000    0.0008   -0.0000
   4841.39    0.0000    0.0008   -0.0000
   4842.42    0.0000    0.0008   -0.0000
   4843.46    0.0000    0.0008   -0.0000
   4844.49    0.0000    0.0008   -0.0000
   4845.52    0.0000    0.0008    0.0000
   4846.55    0.0000    0.0008    0.0000
   4847.59    0.0000    0.0008    0.0000
   4848.62    0.0000    0.0008    0.0000
   4849.65    0.0000    0.0008    0.0000
   4850.68    0.0000    0.0008    0.0000
   4851.72    0.0000    0.0008    0.0000
   4852.75    0.0000    0.0008    0.0000
   4853.78    0.0000    0.0008    0.0000
   4854.81    0.0000    0.0008    0.0000
   4855.85    0.0000    0.0008    0.0000
   4856.88    0.0000    0.0008    0.0000
   4857.91    0.0000    0.0008    0.0000
   4858.94    0.0000    0.0008    0.0000
   4859.98    0.0000    0.0008    0.0000
   4861.01    0.0000    0.0008    0.0000
   4862.04    0.0000    0.0008    0.0000
   4863.07    0.0000    0.0008    0.0000
   4864.11    0.0000    0.0008    0.0000
   4865.14    0.0000    0.0008    0.0000
   4866.17    0.0000    0.0008    0.0000
   4867.20    0.0000    0.0008    0.0000
   4868.24    0.0000    0.0008    0.0000
   4869.27    0.0000    0.0008    0.0000
   4870.30    0.0000    0.0008    0.0000
   4871.33    0.0000    0.0008    0.0000
   4872.37    0.0000    0.0008    0.0000
   4873.40    0.0000    0.0008    0.0000
   4874.43    0.0000    0.0008    0.0000
   4875.46    0.0000    0.0008    0.0000
   4876.50    0.0000    0.0008    0.0000
   4877.53    0.0000    0.0008    0.0000
   4878.56    0.0000    0.0008    0.0000
   4879.59    0.0000    0.0008    0.0000
   4880.63    0.0000    0.0008    0.0000
   4881.66    0.0000    0.0008    0.0000
   4882.69    0.0000    0.0008    0.0000
   4883.72    0.0000    0.0008    0.0000
   4884.76    0.0000    0.0008    0.0000
   4885.79    0.0000    0.0007    0.0000
   4886.82    0.0000    0.0007    0.0000
   4887.85    0.0000    0.0007    0.0000
   4888.89    0.0000    0.0007    0.0000
   4889.92    0.0000    0.0007    0.0000
   4890.95    0.0000    0.0007    0.0000
   4891.98    0.0000    0.0007    0.0000
   4893.02    0.0000    0.0007    0.0000
   4894.05    0.0000    0.0007    0.0000
   4895.08    0.0000    0.0007    0.0000
   4896.11    0.0000    0.0007    0.0000
   4897.15    0.0000    0.0007    0.0000
   4898.18    0.0000    0.0007    0.0000
   4899.21    0.0000    0.0007    0.0000
   4900.24    0.0000    0.0007    0.0000
   4901.28    0.0000    0.0007    0.0000
   4902.31    0.0000    0.0007    0.0000
   4903.34    0.0000    0.0007    0.0000
   4904.37    0.0000    0.0007    0.0000
   4905.41    0.0000    0.0007    0.0000
   4906.44    0.0000    0.0007    0.0000
   4907.47    0.0000    0.0007    0.0000
   4908.50    0.0000    0.0007    0.0000
   4909.54    0.0000    0.0007    0.0000
   4910.57    0.0000    0.0007    0.0000
   4911.60    0.0000    0.0007    0.0000
   4912.63    0.0000    0.0007    0.0000
   4913.67    0.0000    0.0007    0.0000
   4914.70    0.0000    0.0007    0.0000
   4915.73    0.0000    0.0007    0.0000
   4916.76    0.0000    0.0007    0.0000
   4917.80    0.0000    0.0007    0.0000
   4918.83    0.0000    0.0007    0.0000
   4919.86    0.0000    0.0007    0.0000
   4920.89    0.0000    0.0007    0.0000
   4921.93    0.0000    0.0007    0.0000
   4922.96    0.0000    0.0007    0.0000
   4923.99    0.0000    0.0007    0.0000
   4925.02    0.0000    0.0007    0.0000
   4926.06    0.0000    0.0007    0.0000
   4927.09    0.0000    0.0007    0.0000
   4928.12    0.0000    0.0007    0.0000
   4929.15    0.0000    0.0007    0.0000
   4930.19    0.0000    0.0006    0.0000
   4931.22    0.0000    0.0006    0.0000
   4932.25    0.0000    0.0006    0.0000
   4933.28    0.0000    0.0006    0.0000
   4934.32    0.0000    0.0006    0.0000
   4935.35    0.0000    0.0006    0.0000
   4936.38    0.0000    0.0006    0.0000
   4937.41    0.0000    0.0006    0.0000
   4938.45    0.0000    0.0006    0.0000
   4939.48    0.0000    0.0006    0.0000
   4940.51    0.0000    0.0006    0.0000
   4941.54    0.0000    0.0006    0.0000
   4942.58    0.0000    0.0006    0.0000
   4943.61    0.0000    0.0006    0.0000
   4944.64    0.0000    0.0006    0.0000
   4945.67    0.0000    0.0006    0.0000
   4946.71    0.0000    0.0006    0.0000
   4947.74    0.0000    0.0006    0.0000
   4948.77    0.0000    0.0006    0.0000
   4949.80    0.0000    0.0006    0.0000
   4950.84    0.0000    0.0006    0.0000
   4951.87    0.0000    0.0006    0.0000
   4952.90    0.0000    0.0006    0.0000
   4953.93    0.0000    0.0006    0.0000
   4954.97    0.0000    0.0006    0.0000
   4956.00    0.0000    0.0006    0.0000
   4957.03    0.0000    0.0006    0.0000
   4958.06    0.0000    0.0006    0.0000
   4959.10    0.0000    0.0006    0.0000
   4960.13    0.0000    0.0006    0.0000
   4961.16    0.0000    0.0006    0.0000
   4962.19    0.0000    0.0006    0.0000
   4963.23    0.0000    0.0006    0.0000
   4964.26    0.0000    0.0006    0.0000
   4965.29    0.0000    0.0006    0.0000
   4966.32    0.0000    0.0006   -0.0000
   4967.36    0.0000    0.0006   -0.0000
   4968.39    0.0000    0.0006   -0.0000
   4969.42    0.0000    0.0006   -0.0000
   4970.45    0.0000    0.0006   -0.0000
   4971.49    0.0000    0.0006   -0.0000
   4972.52    0.0000    0.0006   -0.0000
   4973.55    0.0000    0.0006   -0.0000
   4974.58    0.0000    0.0006   -0.0000
   4975.62    0.0000    0.0005   -0.0000
   4976.65    0.0000    0.0005   -0.0000
   4977.68    0.0000    0.0005   -0.0000
   4978.71    0.0000    0.0005   -0.0000
   4979.75    0.0000    0.0005   -0.0000
   4980.78    0.0000    0.0005   -0.0000
   4981.81    0.0000    0.0005   -0.0000
   4982.84    0.0000    0.0005   -0.0000
   4983.88    0.0000    0.0005   -0.0000
   4984.91    0.0000    0.0005   -0.0000
   4985.94    0.0000    0.0005   -0.0000
   4986.97    0.0000    0.0005   -0.0000
   4988.01    0.0000    0.0005   -0.0000
   4989.04    0.0000    0.0005   -0.0000
   4990.07    0.0000    0.0005   -0.0000
   4991.10    0.0000    0.0005   -0.0000
   4992.14    0.0000    0.0005   -0.0000
   4993.17    0.0000    0.0005   -0.0000
   4994.20    0.0000    0.0005   -0.0000
   4995.23    0.0000    0.0005   -0.0000
   4996.27    0.0000    0.0005   -0.0000
   4997.30    0.0000    0.0005   -0.0000
   4998.33    0.0000    0.0005   -0.0000
   4999.36    0.0000    0.0005   -0.0000
   5000.40    0.0000    0.0005   -0.0000
   5001.43    0.0000    0.0005   -0.0000
   5002.46    0.0000    0.0004   -0.0000
   5003.49    0.0000    0.0004   -0.0000
   5004.53    0.0000    0.0004   -0.0000
   5005.56    0.0000    0.0004   -0.0000
   5006.59    0.0000    0.0004   -0.0000
   5007.62    0.0000    0.0004   -0.0000
   5008.66    0.0000    0.0004   -0.0000
   5009.69    0.0000    0.0004   -0.0000
   5010.72    0.0000    0.0004   -0.0000
   5011.75    0.0000    0.0004   -0.0000
   5012.79    0.0000    0.0004   -0.0000
   5013.82    0.0000    0.0004   -0.0000
   5014.85    0.0000    0.0004   -0.0000
   5015.88    0.0000    0.0004   -0.0000
   5016.92    0.0000    0.0004   -0.0000
   5017.95    0.0000    0.0004   -0.0000
   5018.98    0.0000    0.0004   -0.0001
   5020.01    0.0000    0.0004   -0.0001
   5021.05    0.0000    0.0004   -0.0001
   5022.08    0.0000    0.0004   -0.0001
   5023.11    0.0000    0.0004   -0.0001
   5024.14    0.0000    0.0004   -0.0001
   5025.18    0.0000    0.0004   -0.0001
   5026.21    0.0000    0.0004   -0.0001
   5027.24    0.0000    0.0004   -0.0001
   5028.27    0.0000    0.0003   -0.0001
   5029.31    0.0000    0.0003   -0.0001
   5030.34    0.0000    0.0003   -0.0001
   5031.37    0.0000    0.0003   -0.0001
   5032.40    0.0000    0.0003   -0.0001
   5033.44    0.0000    0.0003   -0.0001
   5034.47    0.0000    0.0003   -0.0001
   5035.50    0.0000    0.0003   -0.0001
   5036.53    0.0000    0.0003   -0.0001
   5037.57    0.0000    0.0003   -0.0001
   5038.60    0.0000    0.0003   -0.0001
   5039.63    0.0000    0.0003   -0.0001
   5040.66    0.0000    0.0003   -0.0001
   5041.70    0.0000    0.0003   -0.0001
   5042.73    0.0000    0.0003   -0.0001
   5043.76    0.0000    0.0003   -0.0001
   5044.79    0.0000    0.0003   -0.0001
   5045.83    0.0000    0.0003   -0.0001
   5046.86    0.0000    0.0003   -0.0001
   5047.89    0.0000    0.0003   -0.0001
   5048.92    0.0000    0.0003   -0.0001
   5049.96    0.0000    0.0003   -0.0001
   5050.99    0.0000    0.0003   -0.0001
   5052.02    0.0000    0.0002   -0.0001
   5053.05    0.0000    0.0002   -0.0001
   5054.09    0.0000    0.0002   -0.0001
   5055.12    0.0000    0.0002   -0.0001
   5056.15    0.0000    0.0002   -0.0001
   5057.18    0.0000    0.0002   -0.0001
   5058.22    0.0000    0.0002   -0.0001
   5059.25    0.0000    0.0002   -0.0001
   5060.28    0.0000    0.0002   -0.0001
   5061.31    0.0000    0.0002   -0.0001
   5062.35    0.0000    0.0002   -0.0001
   5063.38    0.0000    0.0002   -0.0001
   5064.41    0.0000    0.0002   -0.0001
   5065.44    0.0000    0.0002   -0.0001
   5066.48    0.0000    0.0002   -0.0001
   5067.51    0.0000    0.0002   -0.0001
   5068.54    0.0000    0.0002   -0.0001
   5069.57    0.0000    0.0002   -0.0001
   5070.61    0.0000    0.0002   -0.0001
   5071.64    0.0000    0.0002   -0.0001
   5072.67    0.0000    0.0002   -0.0001
   5073.70    0.0000    0.0001   -0.0001
   5074.74    0.0000    0.0001   -0.0001
   5075.77    0.0000    0.0001   -0.0001
   5076.80    0.0000    0.0001   -0.0001
   5077.83    0.0000    0.0001   -0.0001
   5078.87    0.0000    0.0001   -0.0001
   5079.90    0.0000    0.0001   -0.0001
   5080.93    0.0000    0.0001   -0.0001
   5081.96    0.0000    0.0001   -0.0001
   5083.00    0.0000    0.0001   -0.0001
   5084.03    0.0000    0.0001   -0.0001
   5085.06    0.0000    0.0001   -0.0001
   5086.09    0.0000    0.0001   -0.0001
   5087.13    0.0000    0.0001   -0.0001
   5088.16    0.0000    0.0001   -0.0001
   5089.19    0.0000    0.0001   -0.0001
   5090.22    0.0000    0.0001   -0.0001
   5091.26    0.0000    0.0001   -0.0001
   5092.29    0.0000    0.0001   -0.0000
   5093.32    0.0000    0.0001   -0.0000
   5094.35    0.0000    0.0001   -0.0000
   5095.39    0.0000    0.0001   -0.0000
   5096.42    0.0000    0.0000   -0.0000
   5097.45    0.0000    0.0000   -0.0000
   5098.48    0.0000    0.0000   -0.0000
   5099.52    0.0000    0.0000    0.0000
   5100.55    0.0000    0.0000    0.0000
   5101.58    0.0000    0.0000    0.0000
   5102.61    0.0000    0.0000    0.0000
   5103.65    0.0000    0.0000    0.0000
   5104.68    0.0000    0.0000    0.0000
   5105.71    0.0000    0.0000    0.0000
   5106.74    0.0000    0.0000    0.0001
   5107.78    0.0000    0.0000    0.0001
   5108.81    0.0000   -0.0000    0.0001
   5109.84    0.0000   -0.0000    0.0001
   5110.87    0.0000   -0.0000    0.0001
   5111.91    0.0000   -0.0000    0.0001
   5112.94    0.0000   -0.0000    0.0001
   5113.97    0.0000   -0.0000    0.0001
   5115.00    0.0000   -0.0000    0.0001
   5116.04    0.0000   -0.0000    0.0001
   5117.07    0.0000   -0.0000    0.0001
   5118.10    0.0000   -0.0000    0.0001
   5119.13    0.0000   -0.0001    0.0001
   5120.17    0.0000   -0.0001    0.0001
   5121.20    0.0000   -0.0001    0.0002
   5122.23    0.0000   -0.0001    0.0002
   5123.26    0.0000   -0.0001    0.0002
   5124.30    0.0000   -0.0001    0.0002
   5125.33    0.0000   -0.0001    0.0002
   5126.36    0.0000   -0.0001    0.0002
   5127.39    0.0000   -0.0001    0.0002
   5128.43    0.0000   -0.0001    0.0002
   5129.46    0.0000   -0.0001    0.0002
   5130.49    0.0000   -0.0001    0.0002
   5131.52    0.0000   -0.0001    0.0002
   5132.56    0.0000   -0.0001    0.0002
   5133.59    0.0000   -0.0001    0.0002
   5134.62    0.0000   -0.0001    0.0002
   5135.65    0.0000   -0.0001    0.0002
   5136.69    0.0000   -0.0001    0.0002
   5137.72    0.0000   -0.0001    0.0002
   5138.75    0.0000   -0.0001    0.0002
   5139.78    0.0000   -0.0001    0.0001
   5140.82    0.0000   -0.0001    0.0001
   5141.85    0.0000   -0.0001    0.0001
   5142.88    0.0000   -0.0001    0.0001
   5143.91    0.0000   -0.0001    0.0001
   5144.95    0.0000   -0.0001    0.0001
   5145.98    0.0000   -0.0001    0.0001
   5147.01    0.0000   -0.0001    0.0001
   5148.04    0.0000   -0.0001    0.0001
   5149.08    0.0000   -0.0001    0.0001
   5150.11    0.0000   -0.0001    0.0001
   5151.14    0.0000   -0.0001    0.0001
   5152.17    0.0000   -0.0001    0.0001
   5153.21    0.0000   -0.0001    0.0001
   5154.24    0.0000   -0.0001    0.0001
   5155.27    0.0000   -0.0001    0.0001
   5156.30    0.0000   -0.0001    0.0001
   5157.34    0.0000   -0.0002    0.0001
   5158.37    0.0000   -0.0002    0.0001
   5159.40    0.0000   -0.0002    0.0001
   5160.43    0.0000   -0.0002    0.0001
   5161.47    0.0000   -0.0002    0.0001
   5162.50    0.0000   -0.0002    0.0001
   5163.53    0.0000   -0.0002    0.0001
   5164.56    0.0000   -0.0002    0.0001
   5165.60    0.0000   -0.0002    0.0001
   5166.63    0.0000   -0.0002    0.0001
   5167.66    0.0000   -0.0002    0.0002
   5168.69    0.0000   -0.0002    0.0002
   5169.73    0.0000   -0.0002    0.0002
   5170.76    0.0000   -0.0002    0.0002
   5171.79    0.0000   -0.0002    0.0002
   5172.82    0.0000   -0.0002    0.0002
   5173.86    0.0000   -0.0002    0.0002
   5174.89    0.0000   -0.0002    0.0002
   5175.92    0.0000   -0.0002    0.0002
   5176.95    0.0000   -0.0002    0.0002
   5177.99    0.0000   -0.0002    0.0002
   5179.02    0.0000   -0.0002    0.0002
   5180.05    0.0000   -0.0002    0.0002
   5181.08    0.0000   -0.0002    0.0002
   5182.12    0.0000   -0.0003    0.0002
   5183.15    0.0000   -0.0003    0.0002
   5184.18    0.0000   -0.0003    0.0002
   5185.21    0.0000   -0.0003    0.0002
   5186.25    0.0000   -0.0003    0.0002
   5187.28    0.0000   -0.0003    0.0002
   5188.31    0.0000   -0.0003    0.0002
   5189.34    0.0000   -0.0003    0.0002
   5190.38    0.0000   -0.0003    0.0002
   5191.41    0.0000   -0.0003    0.0002
   5192.44    0.0000   -0.0003    0.0002
   5193.47    0.0000   -0.0003    0.0002
   5194.51    0.0000   -0.0003    0.0002
   5195.54    0.0000   -0.0003    0.0002
   5196.57    0.0000   -0.0003    0.0002
   5197.60    0.0000   -0.0003    0.0002
   5198.64    0.0000   -0.0003    0.0002
   5199.67    0.0000   -0.0003    0.0002
   5200.70    0.0000   -0.0003    0.0002
   5201.73    0.0000   -0.0003    0.0002
   5202.77    0.0000   -0.0003    0.0002
   5203.80    0.0000   -0.0003    0.0002
   5204.83    0.0000   -0.0003    0.0002
   5205.86    0.0000   -0.0003    0.0002
   5206.90    0.0000   -0.0003    0.0002
   5207.93    0.0000   -0.0003    0.0002
   5208.96    0.0000   -0.0003    0.0002
   5209.99    0.0000   -0.0003    0.0003
   5211.03    0.0000   -0.0003    0.0003
   5212.06    0.0000   -0.0003    0.0003
   5213.09    0.0000   -0.0003    0.0003
   5214.12    0.0000   -0.0003    0.0003
   5215.16    0.0000   -0.0003    0.0003
   5216.19    0.0000   -0.0003    0.0003
   5217.22    0.0000   -0.0003    0.0003
   5218.25    0.0000   -0.0003    0.0003
   5219.29    0.0000   -0.0003    0.0003
   5220.32    0.0000   -0.0003    0.0003
   5221.35    0.0000   -0.0003    0.0003
   5222.38    0.0000   -0.0003    0.0003
   5223.42    0.0000   -0.0003    0.0003
   5224.45    0.0000   -0.0003    0.0003
   5225.48    0.0000   -0.0003    0.0003
   5226.51    0.0000   -0.0002    0.0003
   5227.55    0.0000   -0.0002    0.0004
   5228.58    0.0000   -0.0000    0.0004
   5229.61    0.0000    0.0001    0.0004
   5230.64    0.0000    0.0002    0.0005
   5231.68    0.0000    0.0004    0.0005
   5232.71    0.0000    0.0005    0.0006
   5233.74    0.0000    0.0006    0.0006
   5234.77    0.0000    0.0007    0.0006
   5235.81    0.0000    0.0007    0.0006
   5236.84    0.0000    0.0008    0.0006
   5237.87    0.0000    0.0008    0.0006
   5238.90    0.0000    0.0009    0.0007
   5239.94    0.0000    0.0010    0.0007
   5240.97    0.0000    0.0012    0.0007
   5242.00    0.0000    0.0013    0.0007
   5243.03    0.0000    0.0014    0.0007
   5244.07    0.0000    0.0014    0.0007
   5245.10    0.0000    0.0015    0.0007
   5246.13    0.0000    0.0015    0.0007
   5247.16    0.0000    0.0015    0.0007
   5248.20    0.0000    0.0015    0.0007
   5249.23    0.0000    0.0015    0.0006
   5250.26    0.0000    0.0015    0.0006
   5251.29    0.0000    0.0016    0.0006
   5252.33    0.0000    0.0016    0.0006
   5253.36    0.0000    0.0017    0.0006
   5254.39    0.0000    0.0018    0.0006
   5255.42    0.0000    0.0019    0.0006
   5256.46    0.0000    0.0019    0.0006
   5257.49    0.0000    0.0019    0.0006
