     #Time      Norm      Real      Imag
   2805.30    0.0000   -0.0000   -0.0000
   2805.30    0.0000   -0.0000   -0.0000
   2806.33    0.0000   -0.0000   -0.0000
   2807.37    0.0000   -0.0000   -0.0000
   2808.40    0.0000   -0.0000   -0.0000
   2809.43    0.0000   -0.0000   -0.0000
   2810.46    0.0000   -0.0000   -0.0000
   2811.50    0.0000   -0.0000   -0.0000
   2812.53    0.0000   -0.0000   -0.0000
   2813.56    0.0000   -0.0000   -0.0000
   2814.59    0.0000   -0.0000   -0.0000
   2815.63    0.0000   -0.0000   -0.0000
   2816.66    0.0000   -0.0000   -0.0000
   2817.69    0.0000   -0.0000   -0.0000
   2818.72    0.0000   -0.0000   -0.0000
   2819.76    0.0000   -0.0000   -0.0000
   2820.79    0.0000   -0.0000   -0.0000
   2821.82    0.0000   -0.0000   -0.0000
   2822.85    0.0000   -0.0000   -0.0000
   2823.89    0.0000   -0.0000   -0.0000
   2824.92    0.0000   -0.0000   -0.0000
   2825.95    0.0000   -0.0000   -0.0000
   2826.98    0.0000   -0.0000   -0.0000
   2828.02    0.0000   -0.0000   -0.0000
   2829.05    0.0000   -0.0000   -0.0000
   2830.08    0.0000   -0.0000   -0.0000
   2831.11    0.0000   -0.0000   -0.0000
   2832.15    0.0000   -0.0000   -0.0000
   2833.18    0.0000   -0.0000   -0.0000
   2834.21    0.0000   -0.0000   -0.0000
   2835.24    0.0000   -0.0000   -0.0000
   2836.28    0.0000   -0.0000   -0.0000
   2837.31    0.0000   -0.0000   -0.0000
   2838.34    0.0000   -0.0000   -0.0000
   2839.37    0.0000   -0.0000   -0.0000
   2840.41    0.0000   -0.0000   -0.0000
   2841.44    0.0000   -0.0000   -0.0000
   2842.47    0.0000   -0.0000   -0.0000
   2843.50    0.0000   -0.0000   -0.0000
   2844.54    0.0000   -0.0000   -0.0000
   2845.57    0.0000   -0.0000   -0.0000
   2846.60    0.0000   -0.0000   -0.0000
   2847.63    0.0000   -0.0000   -0.0000
   2848.67    0.0000   -0.0000   -0.0000
   2849.70    0.0000   -0.0000   -0.0000
   2850.73    0.0000   -0.0000   -0.0000
   2851.76    0.0000   -0.0000   -0.0000
   2852.80    0.0000   -0.0000   -0.0000
   2853.83    0.0000   -0.0000   -0.0000
   2854.86    0.0000   -0.0000   -0.0000
   2855.89    0.0000   -0.0000   -0.0000
   2856.93    0.0000   -0.0000   -0.0000
   2857.96    0.0000   -0.0000   -0.0000
   2858.99    0.0000   -0.0000   -0.0000
   2860.02    0.0000   -0.0000   -0.0000
   2861.06    0.0000   -0.0000   -0.0000
   2862.09    0.0000   -0.0000   -0.0000
   2863.12    0.0000   -0.0000   -0.0000
   2864.15    0.0000   -0.0000   -0.0000
   2865.19    0.0000   -0.0000   -0.0000
   2866.22    0.0000   -0.0000   -0.0000
   2867.25    0.0000   -0.0000   -0.0000
   2868.28    0.0000   -0.0000   -0.0000
   2869.32    0.0000   -0.0000   -0.0000
   2870.35    0.0000   -0.0000   -0.0000
   2871.38    0.0000   -0.0000   -0.0000
   2872.41    0.0000   -0.0000   -0.0000
   2873.45    0.0000   -0.0000   -0.0000
   2874.48    0.0000   -0.0000   -0.0000
   2875.51    0.0000   -0.0000   -0.0000
   2876.54    0.0000   -0.0000   -0.0000
   2877.58    0.0000   -0.0000   -0.0000
   2878.61    0.0000   -0.0000   -0.0000
   2879.64    0.0000   -0.0000   -0.0000
   2880.67    0.0000   -0.0000   -0.0000
   2881.71    0.0000   -0.0000   -0.0000
   2882.74    0.0000   -0.0000   -0.0000
   2883.77    0.0000   -0.0000   -0.0000
   2884.80    0.0000   -0.0000   -0.0000
   2885.84    0.0000   -0.0000   -0.0000
   2886.87    0.0000   -0.0000   -0.0000
   2887.90    0.0000   -0.0000   -0.0000
   2888.93    0.0000   -0.0000   -0.0000
   2889.97    0.0000   -0.0000   -0.0000
   2891.00    0.0000   -0.0000   -0.0000
   2892.03    0.0000   -0.0000   -0.0000
   2893.06    0.0000   -0.0000   -0.0000
   2894.10    0.0000   -0.0000   -0.0000
   2895.13    0.0000   -0.0000   -0.0000
   2896.16    0.0000   -0.0000   -0.0000
   2897.19    0.0000   -0.0000   -0.0000
   2898.23    0.0000   -0.0000   -0.0000
   2899.26    0.0000   -0.0000   -0.0000
   2900.29    0.0000   -0.0000   -0.0000
   2901.32    0.0000   -0.0000   -0.0000
   2902.36    0.0000   -0.0000   -0.0000
   2903.39    0.0000   -0.0000   -0.0000
   2904.42    0.0000   -0.0000   -0.0000
   2905.45    0.0000   -0.0000   -0.0000
   2906.49    0.0000   -0.0000   -0.0000
   2907.52    0.0000   -0.0000   -0.0000
   2908.55    0.0000   -0.0000   -0.0000
   2909.58    0.0000   -0.0000   -0.0000
   2910.62    0.0000   -0.0000   -0.0000
   2911.65    0.0000   -0.0000   -0.0000
   2912.68    0.0000   -0.0000   -0.0000
   2913.71    0.0000   -0.0000   -0.0000
   2914.75    0.0000   -0.0000   -0.0000
   2915.78    0.0000   -0.0000   -0.0000
   2916.81    0.0000   -0.0000   -0.0000
   2917.84    0.0000   -0.0000   -0.0000
   2918.88    0.0000   -0.0000   -0.0000
   2919.91    0.0000   -0.0000   -0.0000
   2920.94    0.0000   -0.0000   -0.0000
   2921.97    0.0000   -0.0000   -0.0000
   2923.01    0.0000   -0.0000   -0.0000
   2924.04    0.0000   -0.0000   -0.0000
   2925.07    0.0000   -0.0000   -0.0000
   2926.10    0.0000   -0.0000   -0.0000
   2927.14    0.0000   -0.0000   -0.0000
   2928.17    0.0000   -0.0000   -0.0000
   2929.20    0.0000   -0.0000   -0.0000
   2930.23    0.0000   -0.0000   -0.0000
   2931.27    0.0000   -0.0000   -0.0000
   2932.30    0.0000   -0.0000   -0.0000
   2933.33    0.0000   -0.0000   -0.0000
   2934.36    0.0000   -0.0000   -0.0000
   2935.40    0.0000   -0.0000   -0.0000
   2936.43    0.0000   -0.0000   -0.0000
   2937.46    0.0000   -0.0000   -0.0000
   2938.49    0.0000   -0.0000   -0.0000
   2939.53    0.0000   -0.0000   -0.0000
   2940.56    0.0000   -0.0000   -0.0000
   2941.59    0.0000   -0.0000   -0.0000
   2942.62    0.0000   -0.0000   -0.0000
   2943.66    0.0000   -0.0000   -0.0000
   2944.69    0.0000   -0.0000   -0.0000
   2945.72    0.0000   -0.0000   -0.0000
   2946.75    0.0000   -0.0000   -0.0000
   2947.79    0.0000   -0.0000   -0.0000
   2948.82    0.0000   -0.0000   -0.0000
   2949.85    0.0000   -0.0000   -0.0000
   2950.88    0.0000   -0.0000   -0.0000
   2951.92    0.0000   -0.0000   -0.0000
   2952.95    0.0000   -0.0000   -0.0000
   2953.98    0.0000   -0.0000   -0.0000
   2955.01    0.0000   -0.0000   -0.0000
   2956.05    0.0000   -0.0000   -0.0000
   2957.08    0.0000   -0.0000   -0.0000
   2958.11    0.0000   -0.0000   -0.0000
   2959.14    0.0000   -0.0000   -0.0000
   2960.18    0.0000   -0.0000   -0.0000
   2961.21    0.0000   -0.0000   -0.0000
   2962.24    0.0000   -0.0000   -0.0000
   2963.27    0.0000   -0.0000   -0.0000
   2964.31    0.0000   -0.0000   -0.0000
   2965.34    0.0000   -0.0000   -0.0000
   2966.37    0.0000   -0.0000   -0.0000
   2967.40    0.0000   -0.0000   -0.0000
   2968.44    0.0000   -0.0000   -0.0000
   2969.47    0.0000   -0.0000   -0.0000
   2970.50    0.0000   -0.0000   -0.0000
   2971.53    0.0000   -0.0000   -0.0000
   2972.57    0.0000   -0.0000   -0.0000
   2973.60    0.0000   -0.0000   -0.0000
   2974.63    0.0000   -0.0000   -0.0000
   2975.66    0.0000   -0.0000   -0.0000
   2976.70    0.0000   -0.0000   -0.0000
   2977.73    0.0000   -0.0000   -0.0000
   2978.76    0.0000   -0.0000   -0.0000
   2979.79    0.0000   -0.0000   -0.0000
   2980.83    0.0000   -0.0000   -0.0000
   2981.86    0.0000   -0.0000   -0.0000
   2982.89    0.0000   -0.0000   -0.0000
   2983.92    0.0000   -0.0000   -0.0000
   2984.96    0.0000   -0.0000   -0.0000
   2985.99    0.0000   -0.0000   -0.0000
   2987.02    0.0000   -0.0000   -0.0000
   2988.05    0.0000   -0.0000   -0.0000
   2989.09    0.0000   -0.0000   -0.0000
   2990.12    0.0000   -0.0000   -0.0000
   2991.15    0.0000    0.0000   -0.0000
   2992.18    0.0000    0.0000   -0.0000
   2993.22    0.0000    0.0000   -0.0000
   2994.25    0.0000    0.0000   -0.0000
   2995.28    0.0000    0.0000   -0.0000
   2996.31    0.0000    0.0000    0.0000
   2997.35    0.0000    0.0000    0.0000
   2998.38    0.0000    0.0000    0.0000
   2999.41    0.0000    0.0000    0.0000
   3000.44    0.0000    0.0000    0.0000
   3001.48    0.0000    0.0000    0.0000
   3002.51    0.0000    0.0000    0.0000
   3003.54    0.0000    0.0000    0.0000
   3004.57    0.0000    0.0000    0.0000
   3005.61    0.0000    0.0000    0.0000
   3006.64    0.0000    0.0000    0.0000
   3007.67    0.0000    0.0000    0.0000
   3008.70    0.0000    0.0000    0.0000
   3009.74    0.0000    0.0000    0.0000
   3010.77    0.0000    0.0000    0.0000
   3011.80    0.0000    0.0000    0.0000
   3012.83    0.0000    0.0000    0.0000
   3013.87    0.0000    0.0000    0.0000
   3014.90    0.0000    0.0000    0.0000
   3015.93    0.0000    0.0000    0.0000
   3016.96    0.0000    0.0000    0.0000
   3018.00    0.0000    0.0000    0.0000
   3019.03    0.0000    0.0000    0.0000
   3020.06    0.0000    0.0000    0.0000
   3021.09    0.0000    0.0000    0.0000
   3022.13    0.0000    0.0000    0.0000
   3023.16    0.0000    0.0000    0.0000
   3024.19    0.0000    0.0000    0.0000
   3025.22    0.0000    0.0000    0.0000
   3026.26    0.0000    0.0000    0.0000
   3027.29    0.0000    0.0000    0.0000
   3028.32    0.0000    0.0000    0.0000
   3029.35    0.0000    0.0000    0.0000
   3030.39    0.0000    0.0000    0.0000
   3031.42    0.0000    0.0000    0.0000
   3032.45    0.0000    0.0000    0.0000
   3033.48    0.0000    0.0000    0.0000
   3034.52    0.0000    0.0000    0.0000
   3035.55    0.0000    0.0000    0.0000
   3036.58    0.0000    0.0000    0.0000
   3037.61    0.0000    0.0000    0.0000
   3038.65    0.0000    0.0000    0.0000
   3039.68    0.0000    0.0000    0.0000
   3040.71    0.0000    0.0000    0.0000
   3041.74    0.0000    0.0000    0.0000
   3042.78    0.0000    0.0000    0.0000
   3043.81    0.0000    0.0000    0.0000
   3044.84    0.0000    0.0000    0.0000
   3045.87    0.0000    0.0000    0.0000
   3046.91    0.0000    0.0000    0.0000
   3047.94    0.0000    0.0000    0.0000
   3048.97    0.0000    0.0000    0.0000
   3050.00    0.0000    0.0000    0.0000
   3051.04    0.0000    0.0000    0.0000
   3052.07    0.0000    0.0000    0.0000
   3053.10    0.0000    0.0000    0.0000
   3054.13    0.0000    0.0000    0.0000
   3055.17    0.0000    0.0000    0.0000
   3056.20    0.0000    0.0000    0.0000
   3057.23    0.0000    0.0000    0.0000
   3058.26    0.0000    0.0000    0.0000
   3059.30    0.0000    0.0000    0.0000
   3060.33    0.0000    0.0000    0.0000
   3061.36    0.0000    0.0000    0.0000
   3062.39    0.0000    0.0000    0.0000
   3063.43    0.0000    0.0000    0.0000
   3064.46    0.0000    0.0000    0.0000
   3065.49    0.0000    0.0000    0.0000
   3066.52    0.0000    0.0000    0.0000
   3067.56    0.0000    0.0000    0.0000
   3068.59    0.0000    0.0000    0.0000
   3069.62    0.0000    0.0000    0.0000
   3070.65    0.0000    0.0000    0.0000
   3071.69    0.0000    0.0000    0.0000
   3072.72    0.0000    0.0000    0.0000
   3073.75    0.0000    0.0000    0.0000
   3074.78    0.0000    0.0000    0.0000
   3075.82    0.0000    0.0000    0.0000
   3076.85    0.0000    0.0000    0.0000
   3077.88    0.0000    0.0000    0.0000
   3078.91    0.0000    0.0000    0.0000
   3079.95    0.0000    0.0000    0.0000
   3080.98    0.0000    0.0000    0.0000
   3082.01    0.0000    0.0000    0.0000
   3083.04    0.0000    0.0000    0.0000
   3084.08    0.0000    0.0000    0.0000
   3085.11    0.0000    0.0000    0.0000
   3086.14    0.0000    0.0000    0.0000
   3087.17    0.0000    0.0000    0.0000
   3088.21    0.0000    0.0000    0.0000
   3089.24    0.0000    0.0000    0.0000
   3090.27    0.0000    0.0000    0.0000
   3091.30    0.0000    0.0000    0.0000
   3092.34    0.0000    0.0000    0.0000
   3093.37    0.0000    0.0000    0.0000
   3094.40    0.0000    0.0000    0.0000
   3095.43    0.0000    0.0001    0.0000
   3096.47    0.0000    0.0001    0.0000
   3097.50    0.0000    0.0001    0.0000
   3098.53    0.0000    0.0001    0.0000
   3099.56    0.0000    0.0001    0.0000
   3100.60    0.0000    0.0001    0.0000
   3101.63    0.0000    0.0001    0.0000
   3102.66    0.0000    0.0001    0.0000
   3103.69    0.0000    0.0001    0.0000
   3104.73    0.0000    0.0001    0.0000
   3105.76    0.0000    0.0001    0.0000
   3106.79    0.0000    0.0001    0.0000
   3107.82    0.0000    0.0001    0.0000
   3108.86    0.0000    0.0001    0.0000
   3109.89    0.0000    0.0001    0.0000
   3110.92    0.0000    0.0001    0.0000
   3111.95    0.0000    0.0001    0.0000
   3112.99    0.0000    0.0001    0.0000
   3114.02    0.0000    0.0001    0.0000
   3115.05    0.0000    0.0001    0.0000
   3116.08    0.0000    0.0001    0.0000
   3117.12    0.0000    0.0001    0.0000
   3118.15    0.0000    0.0001    0.0000
   3119.18    0.0000    0.0001    0.0000
   3120.21    0.0000    0.0001    0.0000
   3121.25    0.0000    0.0001    0.0000
   3122.28    0.0000    0.0001    0.0000
   3123.31    0.0000    0.0001    0.0000
   3124.34    0.0000    0.0001    0.0000
   3125.38    0.0000    0.0001    0.0000
   3126.41    0.0000    0.0001    0.0000
   3127.44    0.0000    0.0001    0.0000
   3128.47    0.0000    0.0001    0.0000
   3129.51    0.0000    0.0001    0.0000
   3130.54    0.0000    0.0001    0.0000
   3131.57    0.0000    0.0001    0.0000
   3132.60    0.0000    0.0001    0.0000
   3133.64    0.0000    0.0001    0.0000
   3134.67    0.0000    0.0001    0.0001
   3135.70    0.0000    0.0001    0.0001
   3136.73    0.0000    0.0001    0.0001
   3137.77    0.0000    0.0001    0.0001
   3138.80    0.0000    0.0001    0.0001
   3139.83    0.0000    0.0001    0.0001
   3140.86    0.0000    0.0001    0.0001
   3141.90    0.0000    0.0001    0.0001
   3142.93    0.0000    0.0001    0.0001
   3143.96    0.0000    0.0001    0.0001
   3144.99    0.0000    0.0001    0.0001
   3146.03    0.0000    0.0001    0.0001
   3147.06    0.0000    0.0001    0.0001
   3148.09    0.0000    0.0001    0.0001
   3149.12    0.0000    0.0001    0.0001
   3150.16    0.0000    0.0001    0.0001
   3151.19    0.0000    0.0001    0.0001
   3152.22    0.0000    0.0001    0.0001
   3153.25    0.0000    0.0001    0.0001
   3154.29    0.0000    0.0001    0.0001
   3155.32    0.0000    0.0001    0.0001
   3156.35    0.0000    0.0001    0.0001
   3157.38    0.0000    0.0001    0.0001
   3158.42    0.0000    0.0001    0.0001
   3159.45    0.0000    0.0001    0.0001
   3160.48    0.0000    0.0001    0.0001
   3161.51    0.0000    0.0001    0.0001
   3162.55    0.0000    0.0001    0.0001
   3163.58    0.0000    0.0001    0.0001
   3164.61    0.0000    0.0001    0.0001
   3165.64    0.0000    0.0001    0.0001
   3166.68    0.0000    0.0001    0.0001
   3167.71    0.0000    0.0001    0.0001
   3168.74    0.0000    0.0001    0.0001
   3169.77    0.0000    0.0001    0.0001
   3170.81    0.0000    0.0001    0.0001
   3171.84    0.0000    0.0001    0.0001
   3172.87    0.0000    0.0001    0.0001
   3173.90    0.0000    0.0001    0.0001
   3174.94    0.0000    0.0001    0.0001
   3175.97    0.0000    0.0001    0.0001
   3177.00    0.0000    0.0001    0.0001
   3178.03    0.0000    0.0001    0.0001
   3179.07    0.0000    0.0001    0.0001
   3180.10    0.0000    0.0001    0.0001
   3181.13    0.0000    0.0001    0.0001
   3182.16    0.0000    0.0001    0.0001
   3183.20    0.0000    0.0001    0.0001
   3184.23    0.0000    0.0001    0.0001
   3185.26    0.0000    0.0001    0.0001
   3186.29    0.0000    0.0001    0.0001
   3187.33    0.0000    0.0001    0.0001
   3188.36    0.0000    0.0001    0.0001
   3189.39    0.0000    0.0001    0.0001
   3190.42    0.0000    0.0001    0.0001
   3191.46    0.0000    0.0001    0.0001
   3192.49    0.0000    0.0001    0.0001
   3193.52    0.0000    0.0001    0.0001
   3194.55    0.0000    0.0001    0.0001
   3195.59    0.0000    0.0001    0.0001
   3196.62    0.0000    0.0001    0.0001
   3197.65    0.0000    0.0001    0.0001
   3198.68    0.0000    0.0001    0.0001
   3199.72    0.0000    0.0001    0.0001
   3200.75    0.0000    0.0001    0.0001
   3201.78    0.0000    0.0001    0.0001
   3202.81    0.0000    0.0001    0.0001
   3203.85    0.0000    0.0001    0.0001
   3204.88    0.0000    0.0001    0.0001
   3205.91    0.0000    0.0001    0.0001
   3206.94    0.0000    0.0001    0.0001
   3207.98    0.0000    0.0001    0.0001
   3209.01    0.0000    0.0001    0.0001
   3210.04    0.0000    0.0001    0.0000
   3211.07    0.0000    0.0001    0.0000
   3212.11    0.0000    0.0001    0.0000
   3213.14    0.0000    0.0001    0.0000
   3214.17    0.0000    0.0001    0.0000
   3215.20    0.0000    0.0001    0.0000
   3216.24    0.0000    0.0001    0.0000
   3217.27    0.0000    0.0001    0.0000
   3218.30    0.0000    0.0001    0.0000
   3219.33    0.0000    0.0001    0.0000
   3220.37    0.0000    0.0001    0.0000
   3221.40    0.0000    0.0001    0.0000
   3222.43    0.0000    0.0001    0.0000
   3223.46    0.0000    0.0001    0.0000
   3224.50    0.0000    0.0001    0.0000
   3225.53    0.0000    0.0001    0.0000
   3226.56    0.0000    0.0001    0.0000
   3227.59    0.0000    0.0001    0.0000
   3228.63    0.0000    0.0001    0.0000
   3229.66    0.0000    0.0001    0.0000
   3230.69    0.0000    0.0001    0.0000
   3231.72    0.0000    0.0001    0.0000
   3232.76    0.0000    0.0001    0.0000
   3233.79    0.0000    0.0001    0.0000
   3234.82    0.0000    0.0001    0.0000
   3235.85    0.0000    0.0001    0.0000
   3236.89    0.0000    0.0001    0.0000
   3237.92    0.0000    0.0001    0.0000
   3238.95    0.0000    0.0001    0.0000
   3239.98    0.0000    0.0001    0.0000
   3241.02    0.0000    0.0001    0.0000
   3242.05    0.0000    0.0001    0.0000
   3243.08    0.0000    0.0001    0.0000
   3244.11    0.0000    0.0001    0.0000
   3245.15    0.0000    0.0001    0.0000
   3246.18    0.0000    0.0001    0.0000
   3247.21    0.0000    0.0001    0.0000
   3248.24    0.0000    0.0001    0.0000
   3249.28    0.0000    0.0001    0.0000
   3250.31    0.0000    0.0000    0.0000
   3251.34    0.0000    0.0000    0.0000
   3252.37    0.0000    0.0000    0.0000
   3253.41    0.0000    0.0000    0.0000
   3254.44    0.0000    0.0000    0.0000
   3255.47    0.0000    0.0000    0.0000
   3256.50    0.0000    0.0000    0.0000
   3257.54    0.0000    0.0000    0.0000
   3258.57    0.0000    0.0000    0.0000
   3259.60    0.0000    0.0000    0.0000
   3260.63    0.0000    0.0000    0.0000
   3261.67    0.0000    0.0000    0.0000
   3262.70    0.0000    0.0000    0.0000
   3263.73    0.0000    0.0000   -0.0000
   3264.76    0.0000    0.0000   -0.0000
   3265.80    0.0000    0.0000   -0.0000
   3266.83    0.0000    0.0000   -0.0000
   3267.86    0.0000    0.0000   -0.0000
   3268.89    0.0000   -0.0000   -0.0000
   3269.93    0.0000   -0.0000   -0.0000
   3270.96    0.0000   -0.0000   -0.0000
   3271.99    0.0000   -0.0000   -0.0000
   3273.02    0.0000   -0.0000   -0.0000
   3274.06    0.0000   -0.0000   -0.0000
   3275.09    0.0000   -0.0000   -0.0000
   3276.12    0.0000   -0.0000   -0.0000
   3277.15    0.0000   -0.0000   -0.0000
   3278.19    0.0000   -0.0000   -0.0000
   3279.22    0.0000   -0.0000   -0.0000
   3280.25    0.0000   -0.0000   -0.0000
   3281.28    0.0000   -0.0000   -0.0000
   3282.32    0.0000   -0.0000   -0.0000
   3283.35    0.0000   -0.0000   -0.0000
   3284.38    0.0000   -0.0001   -0.0000
   3285.41    0.0000   -0.0001   -0.0000
   3286.45    0.0000   -0.0001   -0.0000
   3287.48    0.0000   -0.0001   -0.0000
   3288.51    0.0000   -0.0001   -0.0000
   3289.54    0.0000   -0.0001   -0.0000
   3290.58    0.0000   -0.0001   -0.0000
   3291.61    0.0000   -0.0001   -0.0000
   3292.64    0.0000   -0.0001   -0.0000
   3293.67    0.0000   -0.0001   -0.0000
   3294.71    0.0000   -0.0001   -0.0000
   3295.74    0.0000   -0.0001   -0.0000
   3296.77    0.0000   -0.0001   -0.0000
   3297.80    0.0000   -0.0001   -0.0000
   3298.84    0.0000   -0.0001   -0.0000
   3299.87    0.0000   -0.0001   -0.0000
   3300.90    0.0000   -0.0001   -0.0000
   3301.93    0.0000   -0.0001   -0.0000
   3302.97    0.0000   -0.0001   -0.0001
   3304.00    0.0000   -0.0001   -0.0001
   3305.03    0.0000   -0.0001   -0.0001
   3306.06    0.0000   -0.0001   -0.0001
   3307.10    0.0000   -0.0001   -0.0001
   3308.13    0.0000   -0.0001   -0.0001
   3309.16    0.0000   -0.0001   -0.0001
   3310.19    0.0000   -0.0001   -0.0001
   3311.23    0.0000   -0.0001   -0.0001
   3312.26    0.0000   -0.0001   -0.0001
   3313.29    0.0000   -0.0001   -0.0001
   3314.32    0.0000   -0.0001   -0.0001
   3315.36    0.0000   -0.0001   -0.0001
   3316.39    0.0000   -0.0002   -0.0001
   3317.42    0.0000   -0.0002   -0.0001
   3318.45    0.0000   -0.0002   -0.0001
   3319.49    0.0000   -0.0002   -0.0001
   3320.52    0.0000   -0.0002   -0.0001
   3321.55    0.0000   -0.0002   -0.0001
   3322.58    0.0000   -0.0002   -0.0001
   3323.62    0.0000   -0.0002   -0.0001
   3324.65    0.0000   -0.0002   -0.0001
   3325.68    0.0000   -0.0002   -0.0001
   3326.71    0.0000   -0.0002   -0.0001
   3327.75    0.0000   -0.0002   -0.0001
   3328.78    0.0000   -0.0002   -0.0001
   3329.81    0.0000   -0.0002   -0.0001
   3330.84    0.0000   -0.0002   -0.0001
   3331.88    0.0000   -0.0002   -0.0001
   3332.91    0.0000   -0.0002   -0.0001
   3333.94    0.0000   -0.0002   -0.0001
   3334.97    0.0000   -0.0002   -0.0001
   3336.01    0.0000   -0.0002   -0.0001
   3337.04    0.0000   -0.0002   -0.0001
   3338.07    0.0000   -0.0002   -0.0001
   3339.10    0.0000   -0.0002   -0.0001
   3340.14    0.0000   -0.0002   -0.0001
   3341.17    0.0000   -0.0002   -0.0001
   3342.20    0.0000   -0.0002   -0.0001
   3343.23    0.0000   -0.0002   -0.0001
   3344.27    0.0000   -0.0002   -0.0001
   3345.30    0.0000   -0.0002   -0.0001
   3346.33    0.0000   -0.0002   -0.0001
   3347.36    0.0000   -0.0002   -0.0001
   3348.40    0.0000   -0.0002   -0.0001
   3349.43    0.0000   -0.0002   -0.0001
   3350.46    0.0000   -0.0002   -0.0001
   3351.49    0.0000   -0.0002   -0.0001
   3352.53    0.0000   -0.0003   -0.0001
   3353.56    0.0000   -0.0003   -0.0001
   3354.59    0.0000   -0.0003   -0.0001
   3355.62    0.0000   -0.0003   -0.0001
   3356.66    0.0000   -0.0003   -0.0001
   3357.69    0.0000   -0.0003   -0.0001
   3358.72    0.0000   -0.0003   -0.0001
   3359.75    0.0000   -0.0003   -0.0001
   3360.79    0.0000   -0.0003   -0.0001
   3361.82    0.0000   -0.0003   -0.0001
   3362.85    0.0000   -0.0003   -0.0001
   3363.88    0.0000   -0.0003   -0.0001
   3364.92    0.0000   -0.0003   -0.0001
   3365.95    0.0000   -0.0003   -0.0001
   3366.98    0.0000   -0.0003   -0.0001
   3368.01    0.0000   -0.0003   -0.0001
   3369.05    0.0000   -0.0003   -0.0001
   3370.08    0.0000   -0.0003   -0.0001
   3371.11    0.0000   -0.0003   -0.0001
   3372.14    0.0000   -0.0003   -0.0001
   3373.18    0.0000   -0.0003   -0.0001
   3374.21    0.0000   -0.0003   -0.0001
   3375.24    0.0000   -0.0003   -0.0001
   3376.27    0.0000   -0.0003   -0.0001
   3377.31    0.0000   -0.0003   -0.0001
   3378.34    0.0000   -0.0003   -0.0001
   3379.37    0.0000   -0.0003   -0.0001
   3380.40    0.0000   -0.0003   -0.0001
   3381.44    0.0000   -0.0003   -0.0001
   3382.47    0.0000   -0.0003   -0.0001
   3383.50    0.0000   -0.0003   -0.0001
   3384.53    0.0000   -0.0003   -0.0001
   3385.57    0.0000   -0.0003   -0.0001
   3386.60    0.0000   -0.0003   -0.0001
   3387.63    0.0000   -0.0003   -0.0001
   3388.66    0.0000   -0.0003   -0.0001
   3389.70    0.0000   -0.0003   -0.0001
   3390.73    0.0000   -0.0003   -0.0001
   3391.76    0.0000   -0.0003   -0.0001
   3392.79    0.0000   -0.0003   -0.0001
   3393.83    0.0000   -0.0003   -0.0002
   3394.86    0.0000   -0.0003   -0.0002
   3395.89    0.0000   -0.0003   -0.0002
   3396.92    0.0000   -0.0003   -0.0002
   3397.96    0.0000   -0.0003   -0.0002
   3398.99    0.0000   -0.0004   -0.0002
   3400.02    0.0000   -0.0004   -0.0002
   3401.05    0.0000   -0.0004   -0.0002
   3402.09    0.0000   -0.0004   -0.0002
   3403.12    0.0000   -0.0004   -0.0002
   3404.15    0.0000   -0.0004   -0.0002
   3405.18    0.0000   -0.0004   -0.0002
   3406.22    0.0000   -0.0004   -0.0002
   3407.25    0.0000   -0.0004   -0.0002
   3408.28    0.0000   -0.0004   -0.0002
   3409.31    0.0000   -0.0004   -0.0002
   3410.35    0.0000   -0.0004   -0.0002
   3411.38    0.0000   -0.0004   -0.0002
   3412.41    0.0000   -0.0004   -0.0002
   3413.44    0.0000   -0.0004   -0.0002
   3414.48    0.0000   -0.0004   -0.0002
   3415.51    0.0000   -0.0004   -0.0002
   3416.54    0.0000   -0.0004   -0.0002
   3417.57    0.0000   -0.0004   -0.0002
   3418.61    0.0000   -0.0004   -0.0002
   3419.64    0.0000   -0.0004   -0.0002
   3420.67    0.0000   -0.0004   -0.0002
   3421.70    0.0000   -0.0004   -0.0002
   3422.74    0.0000   -0.0004   -0.0002
   3423.77    0.0000   -0.0004   -0.0002
   3424.80    0.0000   -0.0004   -0.0002
   3425.83    0.0000   -0.0004   -0.0002
   3426.87    0.0000   -0.0004   -0.0002
   3427.90    0.0000   -0.0004   -0.0002
   3428.93    0.0000   -0.0004   -0.0002
   3429.96    0.0000   -0.0004   -0.0002
   3431.00    0.0000   -0.0004   -0.0002
   3432.03    0.0000   -0.0004   -0.0002
   3433.06    0.0000   -0.0004   -0.0002
   3434.09    0.0000   -0.0004   -0.0002
   3435.13    0.0000   -0.0004   -0.0002
   3436.16    0.0000   -0.0004   -0.0002
   3437.19    0.0000   -0.0004   -0.0002
   3438.22    0.0000   -0.0004   -0.0002
   3439.26    0.0000   -0.0004   -0.0002
   3440.29    0.0000   -0.0004   -0.0002
   3441.32    0.0000   -0.0004   -0.0002
   3442.35    0.0000   -0.0004   -0.0002
   3443.39    0.0000   -0.0004   -0.0002
   3444.42    0.0000   -0.0004   -0.0002
   3445.45    0.0000   -0.0004   -0.0002
   3446.48    0.0000   -0.0004   -0.0002
   3447.52    0.0000   -0.0004   -0.0002
   3448.55    0.0000   -0.0004   -0.0002
   3449.58    0.0000   -0.0004   -0.0002
   3450.61    0.0000   -0.0004   -0.0002
   3451.65    0.0000   -0.0004   -0.0002
   3452.68    0.0000   -0.0004   -0.0002
   3453.71    0.0000   -0.0004   -0.0002
   3454.74    0.0000   -0.0004   -0.0002
   3455.78    0.0000   -0.0004   -0.0002
   3456.81    0.0000   -0.0004   -0.0002
   3457.84    0.0000   -0.0004   -0.0002
   3458.87    0.0000   -0.0004   -0.0002
   3459.91    0.0000   -0.0004   -0.0002
   3460.94    0.0000   -0.0005   -0.0002
   3461.97    0.0000   -0.0005   -0.0002
   3463.00    0.0000   -0.0005   -0.0002
   3464.04    0.0000   -0.0005   -0.0002
   3465.07    0.0000   -0.0005   -0.0002
   3466.10    0.0000   -0.0005   -0.0002
   3467.13    0.0000   -0.0005   -0.0002
   3468.17    0.0000   -0.0005   -0.0002
   3469.20    0.0000   -0.0005   -0.0002
   3470.23    0.0000   -0.0005   -0.0002
   3471.26    0.0000   -0.0005   -0.0002
   3472.30    0.0000   -0.0005   -0.0002
   3473.33    0.0000   -0.0005   -0.0002
   3474.36    0.0000   -0.0005   -0.0002
   3475.39    0.0000   -0.0005   -0.0002
   3476.43    0.0000   -0.0005   -0.0002
   3477.46    0.0000   -0.0005   -0.0002
   3478.49    0.0000   -0.0005   -0.0002
   3479.52    0.0000   -0.0005   -0.0002
   3480.56    0.0000   -0.0005   -0.0002
   3481.59    0.0000   -0.0005   -0.0002
   3482.62    0.0000   -0.0005   -0.0002
   3483.65    0.0000   -0.0005   -0.0002
   3484.69    0.0000   -0.0005   -0.0002
   3485.72    0.0000   -0.0005   -0.0002
   3486.75    0.0000   -0.0005   -0.0002
   3487.78    0.0000   -0.0005   -0.0002
   3488.82    0.0000   -0.0005   -0.0002
   3489.85    0.0000   -0.0005   -0.0002
   3490.88    0.0000   -0.0005   -0.0002
   3491.91    0.0000   -0.0005   -0.0002
   3492.95    0.0000   -0.0005   -0.0002
   3493.98    0.0000   -0.0005   -0.0002
   3495.01    0.0000   -0.0005   -0.0002
   3496.04    0.0000   -0.0005   -0.0002
   3497.08    0.0000   -0.0005   -0.0002
   3498.11    0.0000   -0.0005   -0.0002
   3499.14    0.0000   -0.0005   -0.0002
   3500.17    0.0000   -0.0005   -0.0002
   3501.21    0.0000   -0.0005   -0.0002
   3502.24    0.0000   -0.0005   -0.0002
   3503.27    0.0000   -0.0005   -0.0002
   3504.30    0.0000   -0.0005   -0.0002
   3505.34    0.0000   -0.0005   -0.0002
   3506.37    0.0000   -0.0005   -0.0002
   3507.40    0.0000   -0.0005   -0.0002
   3508.43    0.0000   -0.0005   -0.0002
   3509.47    0.0000   -0.0005   -0.0002
   3510.50    0.0000   -0.0005   -0.0002
   3511.53    0.0000   -0.0005   -0.0002
   3512.56    0.0000   -0.0005   -0.0002
   3513.60    0.0000   -0.0005   -0.0002
   3514.63    0.0000   -0.0005   -0.0002
   3515.66    0.0000   -0.0005   -0.0002
   3516.69    0.0000   -0.0005   -0.0002
   3517.73    0.0000   -0.0005   -0.0002
   3518.76    0.0000   -0.0005   -0.0002
   3519.79    0.0000   -0.0005   -0.0002
   3520.82    0.0000   -0.0005   -0.0002
   3521.86    0.0000   -0.0005   -0.0002
   3522.89    0.0000   -0.0005   -0.0002
   3523.92    0.0000   -0.0005   -0.0002
   3524.95    0.0000   -0.0005   -0.0002
   3525.99    0.0000   -0.0005   -0.0002
   3527.02    0.0000   -0.0005   -0.0002
   3528.05    0.0000   -0.0005   -0.0002
   3529.08    0.0000   -0.0005   -0.0002
   3530.12    0.0000   -0.0005   -0.0002
   3531.15    0.0000   -0.0005   -0.0002
   3532.18    0.0000   -0.0006   -0.0002
   3533.21    0.0000   -0.0006   -0.0002
   3534.25    0.0000   -0.0006   -0.0002
   3535.28    0.0000   -0.0006   -0.0002
   3536.31    0.0000   -0.0006   -0.0002
   3537.34    0.0000   -0.0006   -0.0002
   3538.38    0.0000   -0.0006   -0.0002
   3539.41    0.0000   -0.0006   -0.0002
   3540.44    0.0000   -0.0006   -0.0002
   3541.47    0.0000   -0.0006   -0.0002
   3542.51    0.0000   -0.0006   -0.0002
   3543.54    0.0000   -0.0006   -0.0002
   3544.57    0.0000   -0.0006   -0.0002
   3545.60    0.0000   -0.0006   -0.0002
   3546.64    0.0000   -0.0006   -0.0002
   3547.67    0.0000   -0.0006   -0.0002
   3548.70    0.0000   -0.0006   -0.0002
   3549.73    0.0000   -0.0006   -0.0002
   3550.77    0.0000   -0.0006   -0.0002
   3551.80    0.0000   -0.0006   -0.0002
   3552.83    0.0000   -0.0006   -0.0002
   3553.86    0.0000   -0.0006   -0.0002
   3554.90    0.0000   -0.0006   -0.0002
   3555.93    0.0000   -0.0006   -0.0002
   3556.96    0.0000   -0.0006   -0.0002
   3557.99    0.0000   -0.0006   -0.0002
   3559.03    0.0000   -0.0006   -0.0002
   3560.06    0.0000   -0.0006   -0.0002
   3561.09    0.0000   -0.0006   -0.0002
   3562.12    0.0000   -0.0006   -0.0002
   3563.16    0.0000   -0.0006   -0.0002
   3564.19    0.0000   -0.0006   -0.0002
   3565.22    0.0000   -0.0006   -0.0002
   3566.25    0.0000   -0.0006   -0.0002
   3567.29    0.0000   -0.0006   -0.0002
   3568.32    0.0000   -0.0006   -0.0002
   3569.35    0.0000   -0.0006   -0.0002
   3570.38    0.0000   -0.0006   -0.0002
   3571.42    0.0000   -0.0006   -0.0002
   3572.45    0.0000   -0.0006   -0.0002
   3573.48    0.0000   -0.0006   -0.0002
   3574.51    0.0000   -0.0006   -0.0002
   3575.55    0.0000   -0.0006   -0.0002
   3576.58    0.0000   -0.0006   -0.0002
   3577.61    0.0000   -0.0006   -0.0002
   3578.64    0.0000   -0.0006   -0.0002
   3579.68    0.0000   -0.0006   -0.0002
   3580.71    0.0000   -0.0006   -0.0002
   3581.74    0.0000   -0.0006   -0.0002
   3582.77    0.0000   -0.0006   -0.0002
   3583.81    0.0000   -0.0006   -0.0002
   3584.84    0.0000   -0.0006   -0.0002
   3585.87    0.0000   -0.0006   -0.0002
   3586.90    0.0000   -0.0006   -0.0002
   3587.94    0.0000   -0.0006   -0.0002
   3588.97    0.0000   -0.0006   -0.0002
   3590.00    0.0000   -0.0006   -0.0002
   3591.03    0.0000   -0.0006   -0.0002
   3592.07    0.0000   -0.0006   -0.0002
   3593.10    0.0000   -0.0006   -0.0002
   3594.13    0.0000   -0.0006   -0.0002
   3595.16    0.0000   -0.0006   -0.0002
   3596.20    0.0000   -0.0006   -0.0002
   3597.23    0.0000   -0.0006   -0.0002
   3598.26    0.0000   -0.0006   -0.0002
   3599.29    0.0000   -0.0006   -0.0002
   3600.33    0.0000   -0.0006   -0.0002
   3601.36    0.0000   -0.0006   -0.0002
   3602.39    0.0000   -0.0006   -0.0002
   3603.42    0.0000   -0.0006   -0.0002
   3604.46    0.0000   -0.0006   -0.0002
   3605.49    0.0000   -0.0006   -0.0002
   3606.52    0.0000   -0.0006   -0.0002
   3607.55    0.0000   -0.0006   -0.0002
   3608.59    0.0000   -0.0006   -0.0002
   3609.62    0.0000   -0.0006   -0.0002
   3610.65    0.0000   -0.0006   -0.0002
   3611.68    0.0000   -0.0006   -0.0002
   3612.72    0.0000   -0.0006   -0.0002
   3613.75    0.0000   -0.0006   -0.0002
   3614.78    0.0000   -0.0006   -0.0002
   3615.81    0.0000   -0.0006   -0.0002
   3616.85    0.0000   -0.0006   -0.0002
   3617.88    0.0000   -0.0006   -0.0002
   3618.91    0.0000   -0.0006   -0.0002
   3619.94    0.0000   -0.0006   -0.0002
   3620.98    0.0000   -0.0006   -0.0002
   3622.01    0.0000   -0.0006   -0.0002
   3623.04    0.0000   -0.0007   -0.0002
   3624.07    0.0000   -0.0007   -0.0002
   3625.11    0.0000   -0.0007   -0.0002
   3626.14    0.0000   -0.0007   -0.0002
   3627.17    0.0000   -0.0007   -0.0002
   3628.20    0.0000   -0.0007   -0.0002
   3629.24    0.0000   -0.0007   -0.0002
   3630.27    0.0000   -0.0007   -0.0002
   3631.30    0.0000   -0.0007   -0.0002
   3632.33    0.0000   -0.0007   -0.0002
   3633.37    0.0000   -0.0007   -0.0002
   3634.40    0.0000   -0.0007   -0.0002
   3635.43    0.0000   -0.0007   -0.0002
   3636.46    0.0000   -0.0007   -0.0002
   3637.50    0.0000   -0.0007   -0.0002
   3638.53    0.0000   -0.0007   -0.0002
   3639.56    0.0000   -0.0007   -0.0002
   3640.59    0.0000   -0.0007   -0.0002
   3641.63    0.0000   -0.0007   -0.0002
   3642.66    0.0000   -0.0007   -0.0002
   3643.69    0.0000   -0.0007   -0.0002
   3644.72    0.0000   -0.0007   -0.0002
   3645.76    0.0000   -0.0007   -0.0002
   3646.79    0.0000   -0.0007   -0.0002
   3647.82    0.0000   -0.0007   -0.0002
   3648.85    0.0000   -0.0007   -0.0002
   3649.89    0.0000   -0.0007   -0.0002
   3650.92    0.0000   -0.0007   -0.0002
   3651.95    0.0000   -0.0007   -0.0002
   3652.98    0.0000   -0.0007   -0.0002
   3654.02    0.0000   -0.0007   -0.0002
   3655.05    0.0000   -0.0007   -0.0002
   3656.08    0.0000   -0.0007   -0.0002
   3657.11    0.0000   -0.0007   -0.0002
   3658.15    0.0000   -0.0007   -0.0002
   3659.18    0.0000   -0.0007   -0.0002
   3660.21    0.0000   -0.0007   -0.0002
   3661.24    0.0000   -0.0007   -0.0002
   3662.28    0.0000   -0.0007   -0.0002
   3663.31    0.0000   -0.0007   -0.0002
   3664.34    0.0000   -0.0007   -0.0002
   3665.37    0.0000   -0.0007   -0.0002
   3666.41    0.0000   -0.0007   -0.0002
   3667.44    0.0000   -0.0007   -0.0002
   3668.47    0.0000   -0.0007   -0.0002
   3669.50    0.0000   -0.0007   -0.0002
   3670.54    0.0000   -0.0007   -0.0002
   3671.57    0.0000   -0.0007   -0.0002
   3672.60    0.0000   -0.0007   -0.0002
   3673.63    0.0000   -0.0007   -0.0002
   3674.67    0.0000   -0.0007   -0.0002
   3675.70    0.0000   -0.0007   -0.0002
   3676.73    0.0000   -0.0007   -0.0002
   3677.76    0.0000   -0.0007   -0.0002
   3678.80    0.0000   -0.0007   -0.0002
   3679.83    0.0000   -0.0007   -0.0002
   3680.86    0.0000   -0.0007   -0.0002
   3681.89    0.0000   -0.0007   -0.0002
   3682.93    0.0000   -0.0007   -0.0002
   3683.96    0.0000   -0.0007   -0.0002
   3684.99    0.0000   -0.0007   -0.0002
   3686.02    0.0000   -0.0007   -0.0002
   3687.06    0.0000   -0.0007   -0.0002
   3688.09    0.0000   -0.0007   -0.0002
   3689.12    0.0000   -0.0007   -0.0002
   3690.15    0.0000   -0.0007   -0.0002
   3691.19    0.0000   -0.0007   -0.0002
   3692.22    0.0000   -0.0007   -0.0002
   3693.25    0.0000   -0.0007   -0.0002
   3694.28    0.0000   -0.0007   -0.0002
   3695.32    0.0000   -0.0007   -0.0002
   3696.35    0.0000   -0.0007   -0.0002
   3697.38    0.0000   -0.0007   -0.0002
   3698.41    0.0000   -0.0007   -0.0002
   3699.45    0.0000   -0.0007   -0.0002
   3700.48    0.0000   -0.0007   -0.0002
   3701.51    0.0000   -0.0007   -0.0002
   3702.54    0.0000   -0.0007   -0.0002
   3703.58    0.0000   -0.0008   -0.0002
   3704.61    0.0000   -0.0008   -0.0003
   3705.64    0.0000   -0.0009   -0.0003
   3706.67    0.0000   -0.0009   -0.0004
   3707.71    0.0000   -0.0010   -0.0004
   3708.74    0.0000   -0.0011   -0.0005
   3709.77    0.0000   -0.0012   -0.0005
   3710.80    0.0000   -0.0012   -0.0006
   3711.84    0.0000   -0.0013   -0.0006
   3712.87    0.0000   -0.0014   -0.0007
   3713.90    0.0000   -0.0015   -0.0008
   3714.93    0.0000   -0.0016   -0.0008
   3715.97    0.0000   -0.0016   -0.0009
   3717.00    0.0000   -0.0017   -0.0010
   3718.03    0.0000   -0.0018   -0.0010
   3719.06    0.0000   -0.0019   -0.0011
   3720.10    0.0000   -0.0019   -0.0011
   3721.13    0.0000   -0.0020   -0.0012
   3722.16    0.0000   -0.0020   -0.0012
   3723.19    0.0000   -0.0021   -0.0013
   3724.23    0.0000   -0.0021   -0.0013
   3725.26    0.0000   -0.0021   -0.0013
   3726.29    0.0000   -0.0021   -0.0013
   3727.32    0.0000   -0.0021   -0.0013
   3728.36    0.0000   -0.0021   -0.0013
   3729.39    0.0000   -0.0021   -0.0012
   3730.42    0.0000   -0.0020   -0.0012
   3731.45    0.0000   -0.0020   -0.0012
   3732.49    0.0000   -0.0019   -0.0011
   3733.52    0.0000   -0.0018   -0.0011
   3734.55    0.0000   -0.0018   -0.0010
   3735.58    0.0000   -0.0017   -0.0009
   3736.62    0.0000   -0.0016   -0.0008
   3737.65    0.0000   -0.0015   -0.0008
   3738.68    0.0000   -0.0014   -0.0007
   3739.71    0.0000   -0.0013   -0.0006
   3740.75    0.0000   -0.0012   -0.0005
   3741.78    0.0000   -0.0011   -0.0004
   3742.81    0.0000   -0.0011   -0.0004
   3743.84    0.0000   -0.0010   -0.0003
   3744.88    0.0000   -0.0009   -0.0003
   3745.91    0.0000   -0.0009   -0.0002
   3746.94    0.0000   -0.0008   -0.0002
   3747.97    0.0000   -0.0008   -0.0002
   3749.01    0.0000   -0.0008   -0.0002
   3750.04    0.0000   -0.0008   -0.0002
   3751.07    0.0000   -0.0008   -0.0002
   3752.10    0.0000   -0.0009   -0.0002
   3753.14    0.0000   -0.0009   -0.0003
   3754.17    0.0000   -0.0010   -0.0003
   3755.20    0.0000   -0.0011   -0.0004
   3756.23    0.0000   -0.0011   -0.0005
   3757.27    0.0000   -0.0012   -0.0005
   3758.30    0.0000   -0.0013   -0.0006
   3759.33    0.0000   -0.0014   -0.0007
   3760.36    0.0000   -0.0015   -0.0008
   3761.40    0.0000   -0.0016   -0.0009
   3762.43    0.0000   -0.0017   -0.0010
   3763.46    0.0000   -0.0018   -0.0010
   3764.49    0.0000   -0.0019   -0.0011
   3765.53    0.0000   -0.0020   -0.0012
   3766.56    0.0000   -0.0020   -0.0012
   3767.59    0.0000   -0.0020   -0.0012
   3768.62    0.0000   -0.0021   -0.0012
   3769.66    0.0000   -0.0021   -0.0012
   3770.69    0.0000   -0.0020   -0.0012
   3771.72    0.0000   -0.0020   -0.0012
   3772.75    0.0000   -0.0019   -0.0011
   3773.79    0.0000   -0.0019   -0.0011
   3774.82    0.0000   -0.0018   -0.0010
   3775.85    0.0000   -0.0017   -0.0009
   3776.88    0.0000   -0.0016   -0.0008
   3777.92    0.0000   -0.0015   -0.0008
   3778.95    0.0000   -0.0014   -0.0007
   3779.98    0.0000   -0.0013   -0.0006
   3781.01    0.0000   -0.0012   -0.0005
   3782.05    0.0000   -0.0011   -0.0004
   3783.08    0.0000   -0.0010   -0.0004
   3784.11    0.0000   -0.0010   -0.0003
   3785.14    0.0000   -0.0010   -0.0003
   3786.18    0.0000   -0.0009   -0.0003
   3787.21    0.0000   -0.0009   -0.0003
   3788.24    0.0000   -0.0010   -0.0003
   3789.27    0.0000   -0.0010   -0.0004
   3790.31    0.0000   -0.0011   -0.0004
   3791.34    0.0000   -0.0012   -0.0005
   3792.37    0.0000   -0.0013   -0.0006
   3793.40    0.0000   -0.0014   -0.0006
   3794.44    0.0000   -0.0015   -0.0007
   3795.47    0.0000   -0.0016   -0.0008
   3796.50    0.0000   -0.0017   -0.0009
   3797.53    0.0000   -0.0018   -0.0010
   3798.57    0.0000   -0.0019   -0.0010
   3799.60    0.0000   -0.0019   -0.0011
   3800.63    0.0000   -0.0020   -0.0011
   3801.66    0.0000   -0.0020   -0.0011
   3802.70    0.0000   -0.0020   -0.0011
   3803.73    0.0000   -0.0020   -0.0011
   3804.76    0.0000   -0.0019   -0.0011
   3805.79    0.0000   -0.0019   -0.0010
   3806.83    0.0000   -0.0018   -0.0009
   3807.86    0.0000   -0.0017   -0.0009
   3808.89    0.0000   -0.0016   -0.0008
   3809.92    0.0000   -0.0015   -0.0007
   3810.96    0.0000   -0.0014   -0.0006
   3811.99    0.0000   -0.0013   -0.0006
   3813.02    0.0000   -0.0012   -0.0005
   3814.05    0.0000   -0.0011   -0.0005
   3815.09    0.0000   -0.0011   -0.0004
   3816.12    0.0000   -0.0010   -0.0004
   3817.15    0.0000   -0.0010   -0.0004
   3818.18    0.0000   -0.0011   -0.0004
   3819.22    0.0000   -0.0011   -0.0005
   3820.25    0.0000   -0.0012   -0.0005
   3821.28    0.0000   -0.0013   -0.0006
   3822.31    0.0000   -0.0014   -0.0007
   3823.35    0.0000   -0.0015   -0.0007
   3824.38    0.0000   -0.0017   -0.0008
   3825.41    0.0000   -0.0018   -0.0009
   3826.44    0.0000   -0.0019   -0.0009
   3827.48    0.0000   -0.0019   -0.0010
   3828.51    0.0000   -0.0020   -0.0010
   3829.54    0.0000   -0.0020   -0.0010
   3830.57    0.0000   -0.0020   -0.0010
   3831.61    0.0000   -0.0020   -0.0010
   3832.64    0.0000   -0.0019   -0.0009
   3833.67    0.0000   -0.0018   -0.0009
   3834.70    0.0000   -0.0017   -0.0008
   3835.74    0.0000   -0.0016   -0.0008
   3836.77    0.0000   -0.0015   -0.0007
   3837.80    0.0000   -0.0013   -0.0006
   3838.83    0.0000   -0.0012   -0.0006
   3839.87    0.0000   -0.0012   -0.0005
   3840.90    0.0000   -0.0011   -0.0005
   3841.93    0.0000   -0.0011   -0.0005
   3842.96    0.0000   -0.0011   -0.0005
   3844.00    0.0000   -0.0012   -0.0005
   3845.03    0.0000   -0.0012   -0.0006
   3846.06    0.0000   -0.0013   -0.0006
   3847.09    0.0000   -0.0015   -0.0007
   3848.13    0.0000   -0.0016   -0.0007
   3849.16    0.0000   -0.0017   -0.0008
   3850.19    0.0000   -0.0018   -0.0009
   3851.22    0.0000   -0.0019   -0.0009
   3852.26    0.0000   -0.0020   -0.0009
   3853.29    0.0000   -0.0020   -0.0010
   3854.32    0.0000   -0.0020   -0.0009
   3855.35    0.0000   -0.0019   -0.0009
   3856.39    0.0000   -0.0019   -0.0009
   3857.42    0.0000   -0.0018   -0.0008
   3858.45    0.0000   -0.0017   -0.0008
   3859.48    0.0000   -0.0015   -0.0007
   3860.52    0.0000   -0.0014   -0.0007
   3861.55    0.0000   -0.0013   -0.0006
   3862.58    0.0000   -0.0012   -0.0006
   3863.61    0.0000   -0.0012   -0.0006
   3864.65    0.0000   -0.0012   -0.0006
   3865.68    0.0000   -0.0012   -0.0006
   3866.71    0.0000   -0.0012   -0.0006
   3867.74    0.0000   -0.0013   -0.0006
   3868.78    0.0000   -0.0015   -0.0007
   3869.81    0.0000   -0.0016   -0.0007
   3870.84    0.0000   -0.0017   -0.0008
   3871.87    0.0000   -0.0018   -0.0008
   3872.91    0.0000   -0.0019   -0.0009
   3873.94    0.0000   -0.0020   -0.0009
   3874.97    0.0000   -0.0020   -0.0009
   3876.00    0.0000   -0.0020   -0.0009
   3877.04    0.0000   -0.0019   -0.0009
   3878.07    0.0000   -0.0018   -0.0008
   3879.10    0.0000   -0.0017   -0.0008
   3880.13    0.0000   -0.0016   -0.0008
   3881.17    0.0000   -0.0014   -0.0007
   3882.20    0.0000   -0.0013   -0.0007
   3883.23    0.0000   -0.0013   -0.0007
   3884.26    0.0000   -0.0012   -0.0007
   3885.30    0.0000   -0.0013   -0.0007
   3886.33    0.0000   -0.0013   -0.0007
   3887.36    0.0000   -0.0014   -0.0007
   3888.39    0.0000   -0.0015   -0.0008
   3889.43    0.0000   -0.0016   -0.0008
   3890.46    0.0000   -0.0018   -0.0008
   3891.49    0.0000   -0.0019   -0.0008
   3892.52    0.0000   -0.0020   -0.0009
   3893.56    0.0000   -0.0020   -0.0009
   3894.59    0.0000   -0.0020   -0.0009
   3895.62    0.0000   -0.0019   -0.0008
   3896.65    0.0000   -0.0018   -0.0008
   3897.69    0.0000   -0.0017   -0.0008
   3898.72    0.0000   -0.0016   -0.0008
   3899.75    0.0000   -0.0015   -0.0007
   3900.78    0.0000   -0.0014   -0.0007
   3901.82    0.0000   -0.0013   -0.0007
   3902.85    0.0000   -0.0013   -0.0007
   3903.88    0.0000   -0.0013   -0.0007
   3904.91    0.0000   -0.0014   -0.0007
   3905.95    0.0000   -0.0015   -0.0007
   3906.98    0.0000   -0.0017   -0.0008
   3908.01    0.0000   -0.0018   -0.0008
   3909.04    0.0000   -0.0019   -0.0008
   3910.08    0.0000   -0.0020   -0.0008
   3911.11    0.0000   -0.0020   -0.0008
   3912.14    0.0000   -0.0020   -0.0008
   3913.17    0.0000   -0.0019   -0.0008
   3914.21    0.0000   -0.0018   -0.0008
   3915.24    0.0000   -0.0017   -0.0008
   3916.27    0.0000   -0.0016   -0.0007
   3917.30    0.0000   -0.0015   -0.0007
   3918.34    0.0000   -0.0014   -0.0007
   3919.37    0.0000   -0.0014   -0.0007
   3920.40    0.0000   -0.0014   -0.0007
   3921.43    0.0000   -0.0015   -0.0007
   3922.47    0.0000   -0.0016   -0.0007
   3923.50    0.0000   -0.0017   -0.0008
   3924.53    0.0000   -0.0018   -0.0008
   3925.56    0.0000   -0.0019   -0.0008
   3926.60    0.0000   -0.0020   -0.0008
   3927.63    0.0000   -0.0020   -0.0008
   3928.66    0.0000   -0.0020   -0.0008
   3929.69    0.0000   -0.0019   -0.0008
   3930.73    0.0000   -0.0018   -0.0008
   3931.76    0.0000   -0.0017   -0.0007
   3932.79    0.0000   -0.0016   -0.0007
   3933.82    0.0000   -0.0015   -0.0007
   3934.86    0.0000   -0.0014   -0.0007
   3935.89    0.0000   -0.0014   -0.0007
   3936.92    0.0000   -0.0015   -0.0007
   3937.95    0.0000   -0.0016   -0.0007
   3938.99    0.0000   -0.0017   -0.0007
   3940.02    0.0000   -0.0018   -0.0008
   3941.05    0.0000   -0.0019   -0.0008
   3942.08    0.0000   -0.0019   -0.0008
   3943.12    0.0000   -0.0020   -0.0008
   3944.15    0.0000   -0.0019   -0.0008
   3945.18    0.0000   -0.0019   -0.0008
   3946.21    0.0000   -0.0018   -0.0007
   3947.25    0.0000   -0.0017   -0.0007
   3948.28    0.0000   -0.0016   -0.0007
   3949.31    0.0000   -0.0015   -0.0007
   3950.34    0.0000   -0.0015   -0.0007
   3951.38    0.0000   -0.0015   -0.0007
   3952.41    0.0000   -0.0015   -0.0007
   3953.44    0.0000   -0.0016   -0.0007
   3954.47    0.0000   -0.0017   -0.0007
   3955.51    0.0000   -0.0018   -0.0007
   3956.54    0.0000   -0.0019   -0.0008
   3957.57    0.0000   -0.0019   -0.0008
   3958.60    0.0000   -0.0019   -0.0008
   3959.64    0.0000   -0.0019   -0.0007
   3960.67    0.0000   -0.0018   -0.0007
   3961.70    0.0000   -0.0017   -0.0007
   3962.73    0.0000   -0.0015   -0.0007
   3963.77    0.0000   -0.0015   -0.0007
   3964.80    0.0000   -0.0014   -0.0007
   3965.83    0.0000   -0.0015   -0.0007
   3966.86    0.0000   -0.0015   -0.0007
   3967.90    0.0000   -0.0016   -0.0007
   3968.93    0.0000   -0.0017   -0.0007
   3969.96    0.0000   -0.0018   -0.0007
   3970.99    0.0000   -0.0019   -0.0007
   3972.03    0.0000   -0.0019   -0.0007
   3973.06    0.0000   -0.0018   -0.0007
   3974.09    0.0000   -0.0017   -0.0007
   3975.12    0.0000   -0.0016   -0.0007
   3976.16    0.0000   -0.0015   -0.0007
   3977.19    0.0000   -0.0014   -0.0006
   3978.22    0.0000   -0.0014   -0.0006
   3979.25    0.0000   -0.0015   -0.0007
   3980.29    0.0000   -0.0016   -0.0007
   3981.32    0.0000   -0.0017   -0.0007
   3982.35    0.0000   -0.0018   -0.0007
   3983.38    0.0000   -0.0018   -0.0007
   3984.42    0.0000   -0.0018   -0.0007
   3985.45    0.0000   -0.0017   -0.0007
   3986.48    0.0000   -0.0016   -0.0007
   3987.51    0.0000   -0.0015   -0.0006
   3988.55    0.0000   -0.0014   -0.0006
   3989.58    0.0000   -0.0014   -0.0006
   3990.61    0.0000   -0.0014   -0.0006
   3991.64    0.0000   -0.0015   -0.0007
   3992.68    0.0000   -0.0016   -0.0007
   3993.71    0.0000   -0.0017   -0.0007
   3994.74    0.0000   -0.0017   -0.0007
   3995.77    0.0000   -0.0017   -0.0007
   3996.81    0.0000   -0.0016   -0.0007
   3997.84    0.0000   -0.0015   -0.0007
   3998.87    0.0000   -0.0015   -0.0007
   3999.90    0.0000   -0.0014   -0.0007
   4000.94    0.0000   -0.0014   -0.0006
   4001.97    0.0000   -0.0014   -0.0006
   4003.00    0.0000   -0.0014   -0.0006
   4004.03    0.0000   -0.0014   -0.0006
   4005.07    0.0000   -0.0014   -0.0006
   4006.10    0.0000   -0.0014   -0.0006
   4007.13    0.0000   -0.0014   -0.0006
   4008.16    0.0000   -0.0014   -0.0006
   4009.20    0.0000   -0.0014   -0.0006
   4010.23    0.0000   -0.0014   -0.0006
   4011.26    0.0000   -0.0014   -0.0006
   4012.29    0.0000   -0.0014   -0.0007
   4013.33    0.0000   -0.0014   -0.0007
   4014.36    0.0000   -0.0014   -0.0007
   4015.39    0.0000   -0.0014   -0.0007
   4016.42    0.0000   -0.0014   -0.0007
   4017.46    0.0000   -0.0014   -0.0007
   4018.49    0.0000   -0.0015   -0.0007
   4019.52    0.0000   -0.0015   -0.0007
   4020.55    0.0000   -0.0015   -0.0007
   4021.59    0.0000   -0.0015   -0.0007
   4022.62    0.0000   -0.0015   -0.0007
   4023.65    0.0000   -0.0015   -0.0007
   4024.68    0.0000   -0.0015   -0.0008
   4025.72    0.0000   -0.0015   -0.0008
   4026.75    0.0000   -0.0015   -0.0008
   4027.78    0.0000   -0.0015   -0.0008
   4028.81    0.0000   -0.0015   -0.0008
   4029.85    0.0000   -0.0015   -0.0008
   4030.88    0.0000   -0.0016   -0.0008
   4031.91    0.0000   -0.0016   -0.0008
   4032.94    0.0000   -0.0016   -0.0008
   4033.98    0.0000   -0.0016   -0.0008
   4035.01    0.0000   -0.0016   -0.0009
   4036.04    0.0000   -0.0016   -0.0009
   4037.07    0.0000   -0.0016   -0.0009
   4038.11    0.0000   -0.0016   -0.0009
   4039.14    0.0000   -0.0016   -0.0009
   4040.17    0.0000   -0.0016   -0.0009
   4041.20    0.0000   -0.0016   -0.0009
   4042.24    0.0000   -0.0016   -0.0009
   4043.27    0.0000   -0.0016   -0.0009
   4044.30    0.0000   -0.0016   -0.0009
   4045.33    0.0000   -0.0016   -0.0009
   4046.37    0.0000   -0.0015   -0.0009
   4047.40    0.0000   -0.0015   -0.0008
   4048.43    0.0000   -0.0015   -0.0008
   4049.46    0.0000   -0.0015   -0.0008
   4050.50    0.0000   -0.0015   -0.0008
   4051.53    0.0000   -0.0015   -0.0008
   4052.56    0.0000   -0.0015   -0.0008
   4053.59    0.0000   -0.0015   -0.0008
   4054.63    0.0000   -0.0015   -0.0008
   4055.66    0.0000   -0.0015   -0.0008
   4056.69    0.0000   -0.0015   -0.0008
   4057.72    0.0000   -0.0015   -0.0008
   4058.76    0.0000   -0.0015   -0.0008
   4059.79    0.0000   -0.0015   -0.0008
   4060.82    0.0000   -0.0016   -0.0008
   4061.85    0.0000   -0.0016   -0.0008
   4062.89    0.0000   -0.0016   -0.0008
   4063.92    0.0000   -0.0016   -0.0008
   4064.95    0.0000   -0.0016   -0.0008
   4065.98    0.0000   -0.0016   -0.0008
   4067.02    0.0000   -0.0016   -0.0008
   4068.05    0.0000   -0.0016   -0.0008
   4069.08    0.0000   -0.0016   -0.0008
   4070.11    0.0000   -0.0015   -0.0008
   4071.15    0.0000   -0.0015   -0.0008
   4072.18    0.0000   -0.0015   -0.0008
   4073.21    0.0000   -0.0015   -0.0008
   4074.24    0.0000   -0.0015   -0.0008
   4075.28    0.0000   -0.0015   -0.0008
   4076.31    0.0000   -0.0015   -0.0008
   4077.34    0.0000   -0.0016   -0.0008
   4078.37    0.0000   -0.0016   -0.0008
   4079.41    0.0000   -0.0016   -0.0008
   4080.44    0.0000   -0.0016   -0.0008
   4081.47    0.0000   -0.0016   -0.0009
   4082.50    0.0000   -0.0016   -0.0009
   4083.54    0.0000   -0.0016   -0.0009
   4084.57    0.0000   -0.0016   -0.0009
   4085.60    0.0000   -0.0016   -0.0009
   4086.63    0.0000   -0.0016   -0.0009
   4087.67    0.0000   -0.0016   -0.0009
   4088.70    0.0000   -0.0016   -0.0009
   4089.73    0.0000   -0.0016   -0.0009
   4090.76    0.0000   -0.0016   -0.0009
   4091.80    0.0000   -0.0016   -0.0009
   4092.83    0.0000   -0.0016   -0.0009
   4093.86    0.0000   -0.0016   -0.0009
   4094.89    0.0000   -0.0016   -0.0009
   4095.93    0.0000   -0.0016   -0.0009
   4096.96    0.0000   -0.0016   -0.0009
   4097.99    0.0000   -0.0016   -0.0009
   4099.02    0.0000   -0.0016   -0.0009
   4100.06    0.0000   -0.0016   -0.0010
   4101.09    0.0000   -0.0016   -0.0010
   4102.12    0.0000   -0.0016   -0.0010
   4103.15    0.0000   -0.0016   -0.0010
   4104.19    0.0000   -0.0016   -0.0010
   4105.22    0.0000   -0.0016   -0.0010
   4106.25    0.0000   -0.0016   -0.0010
   4107.28    0.0000   -0.0016   -0.0010
   4108.32    0.0000   -0.0016   -0.0010
   4109.35    0.0000   -0.0016   -0.0010
   4110.38    0.0000   -0.0016   -0.0010
   4111.41    0.0000   -0.0016   -0.0010
   4112.45    0.0000   -0.0017   -0.0010
   4113.48    0.0000   -0.0017   -0.0010
   4114.51    0.0000   -0.0017   -0.0010
   4115.54    0.0000   -0.0017   -0.0010
   4116.58    0.0000   -0.0017   -0.0010
   4117.61    0.0000   -0.0017   -0.0010
   4118.64    0.0000   -0.0017   -0.0010
   4119.67    0.0000   -0.0017   -0.0010
   4120.71    0.0000   -0.0017   -0.0010
   4121.74    0.0000   -0.0017   -0.0010
   4122.77    0.0000   -0.0017   -0.0010
   4123.80    0.0000   -0.0017   -0.0010
   4124.84    0.0000   -0.0017   -0.0010
   4125.87    0.0000   -0.0017   -0.0010
   4126.90    0.0000   -0.0017   -0.0010
   4127.93    0.0000   -0.0017   -0.0010
   4128.97    0.0000   -0.0017   -0.0011
   4130.00    0.0000   -0.0017   -0.0011
   4131.03    0.0000   -0.0017   -0.0011
   4132.06    0.0000   -0.0017   -0.0011
   4133.10    0.0000   -0.0017   -0.0011
   4134.13    0.0000   -0.0017   -0.0011
   4135.16    0.0000   -0.0017   -0.0011
   4136.19    0.0000   -0.0017   -0.0011
   4137.23    0.0000   -0.0017   -0.0011
   4138.26    0.0000   -0.0017   -0.0011
   4139.29    0.0000   -0.0017   -0.0011
   4140.32    0.0000   -0.0017   -0.0011
   4141.36    0.0000   -0.0017   -0.0011
   4142.39    0.0000   -0.0017   -0.0011
   4143.42    0.0000   -0.0017   -0.0011
   4144.45    0.0000   -0.0017   -0.0011
   4145.49    0.0000   -0.0017   -0.0011
   4146.52    0.0000   -0.0017   -0.0011
   4147.55    0.0000   -0.0017   -0.0011
   4148.58    0.0000   -0.0017   -0.0011
   4149.62    0.0000   -0.0017   -0.0011
   4150.65    0.0000   -0.0017   -0.0011
   4151.68    0.0000   -0.0017   -0.0011
   4152.71    0.0000   -0.0017   -0.0011
   4153.75    0.0000   -0.0017   -0.0011
   4154.78    0.0000   -0.0017   -0.0011
   4155.81    0.0000   -0.0017   -0.0011
   4156.84    0.0000   -0.0017   -0.0011
   4157.88    0.0000   -0.0017   -0.0011
   4158.91    0.0000   -0.0017   -0.0011
   4159.94    0.0000   -0.0017   -0.0011
   4160.97    0.0000   -0.0017   -0.0011
   4162.01    0.0000   -0.0017   -0.0011
   4163.04    0.0000   -0.0017   -0.0011
   4164.07    0.0000   -0.0017   -0.0011
   4165.10    0.0000   -0.0017   -0.0011
   4166.14    0.0000   -0.0017   -0.0011
   4167.17    0.0000   -0.0017   -0.0011
   4168.20    0.0000   -0.0017   -0.0011
   4169.23    0.0000   -0.0017   -0.0011
   4170.27    0.0000   -0.0017   -0.0011
   4171.30    0.0000   -0.0017   -0.0011
   4172.33    0.0000   -0.0017   -0.0011
   4173.36    0.0000   -0.0017   -0.0011
   4174.40    0.0000   -0.0017   -0.0011
   4175.43    0.0000   -0.0017   -0.0011
   4176.46    0.0000   -0.0017   -0.0011
   4177.49    0.0000   -0.0017   -0.0011
   4178.53    0.0000   -0.0017   -0.0011
   4179.56    0.0000   -0.0017   -0.0011
   4180.59    0.0000   -0.0017   -0.0011
   4181.62    0.0000   -0.0017   -0.0011
   4182.66    0.0000   -0.0017   -0.0011
   4183.69    0.0000   -0.0017   -0.0011
   4184.72    0.0000   -0.0017   -0.0011
   4185.75    0.0000   -0.0017   -0.0011
   4186.79    0.0000   -0.0017   -0.0011
   4187.82    0.0000   -0.0017   -0.0011
   4188.85    0.0000   -0.0017   -0.0011
   4189.88    0.0000   -0.0017   -0.0011
   4190.92    0.0000   -0.0017   -0.0011
   4191.95    0.0000   -0.0017   -0.0011
   4192.98    0.0000   -0.0017   -0.0011
   4194.01    0.0000   -0.0017   -0.0011
   4195.05    0.0000   -0.0017   -0.0011
   4196.08    0.0000   -0.0017   -0.0011
   4197.11    0.0000   -0.0017   -0.0011
   4198.14    0.0000   -0.0017   -0.0011
   4199.18    0.0000   -0.0017   -0.0011
   4200.21    0.0000   -0.0017   -0.0011
   4201.24    0.0000   -0.0017   -0.0011
   4202.27    0.0000   -0.0017   -0.0011
   4203.31    0.0000   -0.0017   -0.0011
   4204.34    0.0000   -0.0017   -0.0011
   4205.37    0.0000   -0.0017   -0.0011
   4206.40    0.0000   -0.0017   -0.0011
   4207.44    0.0000   -0.0017   -0.0011
   4208.47    0.0000   -0.0017   -0.0011
   4209.50    0.0000   -0.0017   -0.0011
   4210.53    0.0000   -0.0017   -0.0011
   4211.57    0.0000   -0.0017   -0.0011
   4212.60    0.0000   -0.0017   -0.0011
   4213.63    0.0000   -0.0017   -0.0011
   4214.66    0.0000   -0.0017   -0.0011
   4215.70    0.0000   -0.0017   -0.0011
   4216.73    0.0000   -0.0017   -0.0011
   4217.76    0.0000   -0.0017   -0.0011
   4218.79    0.0000   -0.0017   -0.0011
   4219.83    0.0000   -0.0017   -0.0011
   4220.86    0.0000   -0.0017   -0.0011
   4221.89    0.0000   -0.0017   -0.0011
   4222.92    0.0000   -0.0017   -0.0011
   4223.96    0.0000   -0.0017   -0.0011
   4224.99    0.0000   -0.0017   -0.0011
   4226.02    0.0000   -0.0017   -0.0011
   4227.05    0.0000   -0.0017   -0.0011
   4228.09    0.0000   -0.0017   -0.0011
   4229.12    0.0000   -0.0017   -0.0011
   4230.15    0.0000   -0.0017   -0.0011
   4231.18    0.0000   -0.0017   -0.0011
   4232.22    0.0000   -0.0017   -0.0011
   4233.25    0.0000   -0.0017   -0.0011
   4234.28    0.0000   -0.0017   -0.0011
   4235.31    0.0000   -0.0017   -0.0011
   4236.35    0.0000   -0.0017   -0.0011
   4237.38    0.0000   -0.0017   -0.0011
   4238.41    0.0000   -0.0017   -0.0011
   4239.44    0.0000   -0.0017   -0.0011
   4240.48    0.0000   -0.0017   -0.0011
   4241.51    0.0000   -0.0017   -0.0011
   4242.54    0.0000   -0.0017   -0.0011
   4243.57    0.0000   -0.0017   -0.0011
   4244.61    0.0000   -0.0017   -0.0011
   4245.64    0.0000   -0.0017   -0.0011
   4246.67    0.0000   -0.0017   -0.0011
   4247.70    0.0000   -0.0017   -0.0011
   4248.74    0.0000   -0.0017   -0.0011
   4249.77    0.0000   -0.0017   -0.0011
   4250.80    0.0000   -0.0017   -0.0011
   4251.83    0.0000   -0.0017   -0.0011
   4252.87    0.0000   -0.0017   -0.0011
   4253.90    0.0000   -0.0017   -0.0011
   4254.93    0.0000   -0.0017   -0.0011
   4255.96    0.0000   -0.0017   -0.0011
   4257.00    0.0000   -0.0017   -0.0011
   4258.03    0.0000   -0.0017   -0.0011
   4259.06    0.0000   -0.0017   -0.0011
   4260.09    0.0000   -0.0017   -0.0011
   4261.13    0.0000   -0.0017   -0.0011
   4262.16    0.0000   -0.0017   -0.0011
   4263.19    0.0000   -0.0017   -0.0011
   4264.22    0.0000   -0.0017   -0.0011
   4265.26    0.0000   -0.0017   -0.0011
   4266.29    0.0000   -0.0017   -0.0011
   4267.32    0.0000   -0.0017   -0.0011
   4268.35    0.0000   -0.0017   -0.0011
   4269.39    0.0000   -0.0017   -0.0011
   4270.42    0.0000   -0.0017   -0.0011
   4271.45    0.0000   -0.0017   -0.0011
   4272.48    0.0000   -0.0017   -0.0011
   4273.52    0.0000   -0.0017   -0.0011
   4274.55    0.0000   -0.0017   -0.0011
   4275.58    0.0000   -0.0017   -0.0011
   4276.61    0.0000   -0.0017   -0.0011
   4277.65    0.0000   -0.0017   -0.0011
   4278.68    0.0000   -0.0017   -0.0011
   4279.71    0.0000   -0.0017   -0.0011
   4280.74    0.0000   -0.0017   -0.0011
   4281.78    0.0000   -0.0017   -0.0011
   4282.81    0.0000   -0.0017   -0.0011
   4283.84    0.0000   -0.0017   -0.0011
   4284.87    0.0000   -0.0017   -0.0011
   4285.91    0.0000   -0.0017   -0.0011
   4286.94    0.0000   -0.0017   -0.0011
   4287.97    0.0000   -0.0017   -0.0011
   4289.00    0.0000   -0.0017   -0.0011
   4290.04    0.0000   -0.0017   -0.0011
   4291.07    0.0000   -0.0017   -0.0011
   4292.10    0.0000   -0.0017   -0.0011
   4293.13    0.0000   -0.0017   -0.0011
   4294.17    0.0000   -0.0017   -0.0011
   4295.20    0.0000   -0.0017   -0.0011
   4296.23    0.0000   -0.0017   -0.0011
   4297.26    0.0000   -0.0017   -0.0011
   4298.30    0.0000   -0.0017   -0.0011
   4299.33    0.0000   -0.0017   -0.0011
   4300.36    0.0000   -0.0017   -0.0011
   4301.39    0.0000   -0.0017   -0.0011
   4302.43    0.0000   -0.0017   -0.0011
   4303.46    0.0000   -0.0017   -0.0011
   4304.49    0.0000   -0.0017   -0.0011
   4305.52    0.0000   -0.0017   -0.0011
   4306.56    0.0000   -0.0017   -0.0011
   4307.59    0.0000   -0.0017   -0.0011
   4308.62    0.0000   -0.0017   -0.0011
   4309.65    0.0000   -0.0017   -0.0011
   4310.69    0.0000   -0.0017   -0.0011
   4311.72    0.0000   -0.0017   -0.0011
   4312.75    0.0000   -0.0017   -0.0011
   4313.78    0.0000   -0.0017   -0.0011
   4314.82    0.0000   -0.0017   -0.0011
   4315.85    0.0000   -0.0017   -0.0011
   4316.88    0.0000   -0.0017   -0.0011
   4317.91    0.0000   -0.0017   -0.0011
   4318.95    0.0000   -0.0017   -0.0011
   4319.98    0.0000   -0.0017   -0.0011
   4321.01    0.0000   -0.0017   -0.0011
   4322.04    0.0000   -0.0017   -0.0011
   4323.08    0.0000   -0.0017   -0.0011
   4324.11    0.0000   -0.0017   -0.0011
   4325.14    0.0000   -0.0017   -0.0011
   4326.17    0.0000   -0.0017   -0.0011
   4327.21    0.0000   -0.0017   -0.0011
   4328.24    0.0000   -0.0017   -0.0011
   4329.27    0.0000   -0.0017   -0.0011
   4330.30    0.0000   -0.0017   -0.0011
   4331.34    0.0000   -0.0017   -0.0011
   4332.37    0.0000   -0.0017   -0.0011
   4333.40    0.0000   -0.0017   -0.0011
   4334.43    0.0000   -0.0017   -0.0011
   4335.47    0.0000   -0.0017   -0.0011
   4336.50    0.0000   -0.0017   -0.0011
   4337.53    0.0000   -0.0017   -0.0011
   4338.56    0.0000   -0.0017   -0.0011
   4339.60    0.0000   -0.0017   -0.0011
   4340.63    0.0000   -0.0017   -0.0011
   4341.66    0.0000   -0.0017   -0.0011
   4342.69    0.0000   -0.0017   -0.0011
   4343.73    0.0000   -0.0017   -0.0011
   4344.76    0.0000   -0.0017   -0.0011
   4345.79    0.0000   -0.0017   -0.0011
   4346.82    0.0000   -0.0017   -0.0011
   4347.86    0.0000   -0.0017   -0.0011
   4348.89    0.0000   -0.0017   -0.0011
   4349.92    0.0000   -0.0018   -0.0008
   4350.95    0.0000   -0.0015   -0.0001
   4351.99    0.0000   -0.0010    0.0007
   4353.02    0.0000   -0.0002    0.0013
   4354.05    0.0000    0.0006    0.0016
   4355.08    0.0000    0.0013    0.0016
   4356.12    0.0000    0.0017    0.0013
   4357.15    0.0000    0.0018    0.0008
   4358.18    0.0000    0.0016    0.0001
   4359.21    0.0000    0.0011   -0.0006
   4360.25    0.0000    0.0004   -0.0011
   4361.28    0.0000   -0.0004   -0.0015
   4362.31    0.0000   -0.0011   -0.0016
   4363.34    0.0000   -0.0016   -0.0014
   4364.38    0.0000   -0.0018   -0.0010
   4365.41    0.0000   -0.0018   -0.0004
   4366.44    0.0000   -0.0014    0.0002
   4367.47    0.0000   -0.0009    0.0008
   4368.51    0.0000   -0.0002    0.0013
   4369.54    0.0000    0.0005    0.0016
   4370.57    0.0000    0.0012    0.0016
   4371.60    0.0000    0.0016    0.0014
   4372.64    0.0000    0.0018    0.0010
   4373.67    0.0000    0.0018    0.0005
   4374.70    0.0000    0.0016    0.0000
   4375.73    0.0000    0.0013   -0.0003
   4376.77    0.0000    0.0009   -0.0005
   4377.80    0.0000    0.0007   -0.0005
   4378.83    0.0000    0.0006   -0.0003
   4379.86    0.0000    0.0007   -0.0001
   4380.90    0.0000    0.0009    0.0001
   4381.93    0.0000    0.0012    0.0001
   4382.96    0.0000    0.0013   -0.0001
   4383.99    0.0000    0.0012   -0.0004
   4385.03    0.0000    0.0010   -0.0008
   4386.06    0.0000    0.0005   -0.0012
   4387.09    0.0000   -0.0000   -0.0015
   4388.12    0.0000   -0.0006   -0.0016
   4389.16    0.0000   -0.0010   -0.0015
   4390.19    0.0000   -0.0013   -0.0012
   4391.22    0.0000   -0.0014   -0.0008
   4392.25    0.0000   -0.0013   -0.0004
   4393.29    0.0000   -0.0011   -0.0001
   4394.32    0.0000   -0.0010    0.0001
   4395.35    0.0000   -0.0009    0.0001
   4396.38    0.0000   -0.0010   -0.0000
   4397.42    0.0000   -0.0011   -0.0001
   4398.45    0.0000   -0.0013   -0.0001
   4399.48    0.0000   -0.0014    0.0000
   4400.51    0.0000   -0.0013    0.0001
   4401.55    0.0000   -0.0012    0.0000
   4402.58    0.0000   -0.0009   -0.0001
   4403.61    0.0000   -0.0007   -0.0002
   4404.64    0.0000   -0.0004   -0.0004
   4405.68    0.0000   -0.0002   -0.0006
   4406.71    0.0000   -0.0000   -0.0007
   4407.74    0.0000    0.0001   -0.0007
   4408.77    0.0000    0.0002   -0.0006
   4409.81    0.0000    0.0003   -0.0003
   4410.84    0.0000    0.0004   -0.0001
   4411.87    0.0000    0.0004    0.0003
   4412.90    0.0000    0.0005    0.0006
   4413.94    0.0000    0.0005    0.0008
   4414.97    0.0000    0.0006    0.0010
   4416.00    0.0000    0.0006    0.0010
   4417.03    0.0000    0.0005    0.0010
   4418.07    0.0000    0.0004    0.0008
   4419.10    0.0000    0.0002    0.0005
   4420.13    0.0000   -0.0001    0.0001
   4421.16    0.0000   -0.0004   -0.0002
   4422.20    0.0000   -0.0007   -0.0005
   4423.23    0.0000   -0.0009   -0.0007
   4424.26    0.0000   -0.0012   -0.0009
   4425.29    0.0000   -0.0013   -0.0009
   4426.33    0.0000   -0.0013   -0.0009
   4427.36    0.0000   -0.0013   -0.0008
   4428.39    0.0000   -0.0012   -0.0006
   4429.42    0.0000   -0.0010   -0.0003
   4430.46    0.0000   -0.0004   -0.0000
   4431.49    0.0000    0.0003    0.0001
   4432.52    0.0000    0.0007   -0.0001
   4433.55    0.0000    0.0007   -0.0003
   4434.59    0.0000    0.0003   -0.0005
   4435.62    0.0000   -0.0003   -0.0005
   4436.65    0.0000   -0.0008   -0.0003
   4437.68    0.0000   -0.0009    0.0001
   4438.72    0.0000   -0.0006    0.0006
   4439.75    0.0000    0.0001    0.0009
   4440.78    0.0000    0.0008    0.0010
   4441.81    0.0000    0.0013    0.0008
   4442.85    0.0000    0.0013    0.0005
   4443.88    0.0000    0.0009    0.0002
   4444.91    0.0000    0.0003    0.0000
   4445.94    0.0000   -0.0003   -0.0000
   4446.98    0.0000   -0.0008   -0.0000
   4448.01    0.0000   -0.0011   -0.0000
   4449.04    0.0000   -0.0012   -0.0000
   4450.07    0.0000   -0.0010   -0.0000
   4451.11    0.0000   -0.0006   -0.0000
   4452.14    0.0000   -0.0001   -0.0000
   4453.17    0.0000    0.0005   -0.0000
   4454.20    0.0000    0.0009   -0.0000
   4455.24    0.0000    0.0011    0.0000
   4456.27    0.0000    0.0011    0.0000
   4457.30    0.0000    0.0009    0.0001
   4458.33    0.0000    0.0004    0.0001
   4459.37    0.0000   -0.0001    0.0001
   4460.40    0.0000   -0.0006    0.0001
   4461.43    0.0000   -0.0009    0.0002
   4462.46    0.0000   -0.0011    0.0002
   4463.50    0.0000   -0.0011    0.0002
   4464.53    0.0000   -0.0008    0.0002
   4465.56    0.0000   -0.0004    0.0002
   4466.59    0.0000    0.0001    0.0003
   4467.63    0.0000    0.0006    0.0003
   4468.66    0.0000    0.0010    0.0003
   4469.69    0.0000    0.0012    0.0003
   4470.72    0.0000    0.0013    0.0003
   4471.76    0.0000    0.0011    0.0003
   4472.79    0.0000    0.0008    0.0003
   4473.82    0.0000    0.0003    0.0003
   4474.85    0.0000   -0.0001    0.0003
   4475.89    0.0000   -0.0005    0.0003
   4476.92    0.0000   -0.0008    0.0002
   4477.95    0.0000   -0.0009    0.0001
   4478.98    0.0000   -0.0008   -0.0000
   4480.02    0.0000   -0.0006   -0.0001
   4481.05    0.0000   -0.0003   -0.0002
   4482.08    0.0000    0.0001   -0.0003
   4483.11    0.0000    0.0005   -0.0004
   4484.15    0.0000    0.0007   -0.0004
   4485.18    0.0000    0.0008   -0.0004
   4486.21    0.0000    0.0008   -0.0004
   4487.24    0.0000    0.0005   -0.0003
   4488.28    0.0000    0.0002   -0.0002
   4489.31    0.0000   -0.0003   -0.0001
   4490.34    0.0000   -0.0007    0.0000
   4491.37    0.0000   -0.0010    0.0002
   4492.41    0.0000   -0.0012    0.0003
   4493.44    0.0000   -0.0012    0.0004
   4494.47    0.0000   -0.0010    0.0005
   4495.50    0.0000   -0.0006    0.0005
   4496.54    0.0000   -0.0002    0.0005
   4497.57    0.0000    0.0004    0.0004
   4498.60    0.0000    0.0009    0.0003
   4499.63    0.0000    0.0013    0.0002
   4500.67    0.0000    0.0015    0.0001
   4501.70    0.0000    0.0015    0.0000
   4502.73    0.0000    0.0014   -0.0001
   4503.76    0.0000    0.0010   -0.0001
   4504.80    0.0000    0.0006   -0.0002
   4505.83    0.0000    0.0001   -0.0002
   4506.86    0.0000   -0.0004   -0.0002
   4507.89    0.0000   -0.0007   -0.0002
   4508.93    0.0000   -0.0009   -0.0002
   4509.96    0.0000   -0.0009   -0.0002
   4510.99    0.0000   -0.0007   -0.0002
   4512.02    0.0000   -0.0005   -0.0002
   4513.06    0.0000   -0.0002   -0.0003
   4514.09    0.0000    0.0001   -0.0004
   4515.12    0.0000    0.0003   -0.0004
   4516.15    0.0000    0.0004   -0.0005
   4517.19    0.0000    0.0003   -0.0005
   4518.22    0.0000    0.0001   -0.0004
   4519.25    0.0000   -0.0002   -0.0003
   4520.28    0.0000   -0.0006   -0.0001
   4521.32    0.0000   -0.0008    0.0001
   4522.35    0.0000   -0.0010    0.0003
   4523.38    0.0000   -0.0010    0.0005
   4524.41    0.0000   -0.0007    0.0007
   4525.45    0.0000   -0.0003    0.0008
   4526.48    0.0000    0.0002    0.0009
   4527.51    0.0000    0.0007    0.0008
   4528.54    0.0000    0.0012    0.0007
   4529.58    0.0000    0.0015    0.0004
   4530.61    0.0000    0.0015    0.0002
   4531.64    0.0000    0.0014   -0.0001
   4532.67    0.0000    0.0010   -0.0004
   4533.71    0.0000    0.0004   -0.0006
   4534.74    0.0000   -0.0002   -0.0008
   4535.77    0.0000   -0.0007   -0.0008
   4536.80    0.0000   -0.0011   -0.0008
   4537.84    0.0000   -0.0013   -0.0007
   4538.87    0.0000   -0.0012   -0.0006
   4539.90    0.0000   -0.0010   -0.0004
   4540.93    0.0000   -0.0007   -0.0003
   4541.97    0.0000   -0.0004   -0.0001
   4543.00    0.0000   -0.0002    0.0000
   4544.03    0.0000   -0.0001    0.0001
   4545.06    0.0000   -0.0001    0.0002
   4546.10    0.0000   -0.0002    0.0003
   4547.13    0.0000   -0.0004    0.0004
   4548.16    0.0000   -0.0004    0.0005
   4549.19    0.0000   -0.0003    0.0006
   4550.23    0.0000   -0.0001    0.0007
   4551.26    0.0000    0.0003    0.0008
   4552.29    0.0000    0.0007    0.0007
   4553.32    0.0000    0.0011    0.0006
   4554.36    0.0000    0.0014    0.0005
   4555.39    0.0000    0.0014    0.0002
   4556.42    0.0000    0.0013   -0.0000
   4557.45    0.0000    0.0009   -0.0003
   4558.49    0.0000    0.0005   -0.0006
   4559.52    0.0000   -0.0000   -0.0008
   4560.55    0.0000   -0.0005   -0.0009
   4561.58    0.0000   -0.0008   -0.0010
   4562.62    0.0000   -0.0010   -0.0009
   4563.65    0.0000   -0.0010   -0.0008
   4564.68    0.0000   -0.0010   -0.0006
   4565.71    0.0000   -0.0009   -0.0003
   4566.75    0.0000   -0.0008   -0.0001
   4567.78    0.0000   -0.0007    0.0000
   4568.81    0.0000   -0.0004    0.0001
   4569.84    0.0000   -0.0002    0.0001
   4570.88    0.0000    0.0000   -0.0000
   4571.91    0.0000    0.0002   -0.0001
   4572.94    0.0000    0.0004   -0.0002
   4573.97    0.0000    0.0004   -0.0002
   4575.01    0.0000    0.0004   -0.0002
   4576.04    0.0000    0.0004   -0.0001
   4577.07    0.0000    0.0003    0.0000
   4578.10    0.0000    0.0003    0.0002
   4579.14    0.0000    0.0004    0.0003
   4580.17    0.0000    0.0005    0.0004
   4581.20    0.0000    0.0006    0.0004
   4582.23    0.0000    0.0008    0.0004
   4583.27    0.0000    0.0010    0.0003
   4584.30    0.0000    0.0011    0.0001
   4585.33    0.0000    0.0011   -0.0000
   4586.36    0.0000    0.0010   -0.0002
   4587.40    0.0000    0.0009   -0.0002
   4588.43    0.0000    0.0007   -0.0002
   4589.46    0.0000    0.0005   -0.0001
   4590.49    0.0000    0.0003    0.0000
   4591.53    0.0000    0.0001    0.0002
   4592.56    0.0000    0.0001    0.0003
   4593.59    0.0000    0.0001    0.0005
   4594.62    0.0000    0.0002    0.0005
   4595.66    0.0000    0.0003    0.0005
   4596.69    0.0000    0.0004    0.0004
   4597.72    0.0000    0.0005    0.0002
   4598.75    0.0000    0.0005    0.0001
   4599.79    0.0000    0.0005   -0.0000
   4600.82    0.0000    0.0004   -0.0001
   4601.85    0.0000    0.0002   -0.0001
   4602.88    0.0000    0.0001   -0.0001
   4603.92    0.0000   -0.0001    0.0000
   4604.95    0.0000   -0.0002    0.0002
   4605.98    0.0000   -0.0002    0.0003
   4607.01    0.0000   -0.0002    0.0004
   4608.05    0.0000   -0.0001    0.0005
   4609.08    0.0000    0.0001    0.0004
   4610.11    0.0000    0.0002    0.0004
   4611.14    0.0000    0.0003    0.0002
   4612.18    0.0000    0.0004    0.0001
   4613.21    0.0000    0.0004   -0.0001
   4614.24    0.0000    0.0003   -0.0002
   4615.27    0.0000    0.0001   -0.0002
   4616.31    0.0000   -0.0001   -0.0002
   4617.34    0.0000   -0.0002   -0.0000
   4618.37    0.0000   -0.0004    0.0001
   4619.40    0.0000   -0.0005    0.0003
   4620.44    0.0000   -0.0005    0.0004
   4621.47    0.0000   -0.0004    0.0005
   4622.50    0.0000   -0.0003    0.0005
   4623.53    0.0000   -0.0001    0.0005
   4624.57    0.0000    0.0001    0.0003
   4625.60    0.0000    0.0002    0.0001
   4626.63    0.0000    0.0003   -0.0001
   4627.66    0.0000    0.0002   -0.0002
   4628.70    0.0000    0.0001   -0.0003
   4629.73    0.0000   -0.0000   -0.0003
   4630.76    0.0000   -0.0002   -0.0002
   4631.79    0.0000   -0.0004   -0.0000
   4632.83    0.0000   -0.0005    0.0002
   4633.86    0.0000   -0.0005    0.0004
   4634.89    0.0000   -0.0004    0.0005
   4635.92    0.0000   -0.0002    0.0006
   4636.96    0.0000   -0.0000    0.0005
   4637.99    0.0000    0.0002    0.0004
   4639.02    0.0000    0.0003    0.0002
   4640.05    0.0000    0.0004   -0.0000
   4641.09    0.0000    0.0004   -0.0002
   4642.12    0.0000    0.0003   -0.0003
   4643.15    0.0000    0.0001   -0.0003
   4644.18    0.0000   -0.0001   -0.0003
   4645.22    0.0000   -0.0002   -0.0001
   4646.25    0.0000   -0.0003    0.0001
   4647.28    0.0000   -0.0003    0.0002
   4648.31    0.0000   -0.0002    0.0004
   4649.35    0.0000   -0.0000    0.0004
   4650.38    0.0000    0.0002    0.0003
   4651.41    0.0000    0.0003    0.0002
   4652.44    0.0000    0.0004    0.0000
   4653.48    0.0000    0.0004   -0.0002
   4654.51    0.0000    0.0003   -0.0003
   4655.54    0.0000    0.0001   -0.0003
   4656.57    0.0000   -0.0001   -0.0003
   4657.61    0.0000   -0.0004   -0.0001
   4658.64    0.0000   -0.0005    0.0001
   4659.67    0.0000   -0.0006    0.0003
   4660.70    0.0000   -0.0006    0.0004
   4661.74    0.0000   -0.0005    0.0005
   4662.77    0.0000   -0.0003    0.0005
   4663.80    0.0000   -0.0001    0.0004
   4664.83    0.0000   -0.0000    0.0003
   4665.87    0.0000    0.0000    0.0002
   4666.90    0.0000    0.0000    0.0002
   4667.93    0.0000   -0.0001    0.0001
   4668.96    0.0000   -0.0002    0.0000
   4670.00    0.0000   -0.0003   -0.0000
   4671.03    0.0000   -0.0005   -0.0001
   4672.06    0.0000   -0.0007   -0.0001
   4673.09    0.0000   -0.0009   -0.0001
   4674.13    0.0000   -0.0011   -0.0000
   4675.16    0.0000   -0.0012    0.0001
   4676.19    0.0000   -0.0014    0.0001
   4677.22    0.0000   -0.0014    0.0002
   4678.26    0.0000   -0.0015    0.0004
   4679.29    0.0000   -0.0014    0.0005
   4680.32    0.0000   -0.0014    0.0006
   4681.35    0.0000   -0.0012    0.0007
   4682.39    0.0000   -0.0011    0.0007
   4683.42    0.0000   -0.0010    0.0007
   4684.45    0.0000   -0.0008    0.0007
   4685.48    0.0000   -0.0007    0.0006
   4686.52    0.0000   -0.0006    0.0005
   4687.55    0.0000   -0.0005    0.0004
   4688.58    0.0000   -0.0005    0.0002
   4689.61    0.0000   -0.0004    0.0001
   4690.65    0.0000   -0.0004   -0.0001
   4691.68    0.0000   -0.0004   -0.0002
   4692.71    0.0000   -0.0004   -0.0003
   4693.74    0.0000   -0.0005   -0.0004
   4694.78    0.0000   -0.0005   -0.0004
   4695.81    0.0000   -0.0006   -0.0004
   4696.84    0.0000   -0.0006   -0.0003
   4697.87    0.0000   -0.0007   -0.0002
   4698.91    0.0000   -0.0007   -0.0001
   4699.94    0.0000   -0.0008   -0.0000
   4700.97    0.0000   -0.0008    0.0001
   4702.00    0.0000   -0.0009    0.0002
   4703.04    0.0000   -0.0009    0.0002
   4704.07    0.0000   -0.0009    0.0003
   4705.10    0.0000   -0.0009    0.0003
   4706.13    0.0000   -0.0008    0.0003
   4707.17    0.0000   -0.0006    0.0003
   4708.20    0.0000   -0.0005    0.0004
   4709.23    0.0000   -0.0003    0.0004
   4710.26    0.0000   -0.0002    0.0005
   4711.30    0.0000   -0.0000    0.0005
   4712.33    0.0000    0.0001    0.0006
   4713.36    0.0000    0.0002    0.0006
   4714.39    0.0000    0.0002    0.0006
   4715.43    0.0000    0.0001    0.0007
   4716.46    0.0000   -0.0002    0.0008
   4717.49    0.0000   -0.0004    0.0007
   4718.52    0.0000   -0.0006    0.0005
   4719.56    0.0000   -0.0006    0.0002
   4720.59    0.0000   -0.0005   -0.0001
   4721.62    0.0000   -0.0003   -0.0003
   4722.65    0.0000   -0.0001   -0.0005
   4723.69    0.0000    0.0000   -0.0004
   4724.72    0.0000    0.0001   -0.0003
   4725.75    0.0000    0.0001   -0.0001
   4726.78    0.0000    0.0001    0.0000
   4727.82    0.0000    0.0000    0.0002
   4728.85    0.0000   -0.0000    0.0003
   4729.88    0.0000   -0.0001    0.0003
   4730.91    0.0000   -0.0001    0.0002
   4731.95    0.0000   -0.0000    0.0002
   4732.98    0.0000   -0.0000    0.0001
   4734.01    0.0000   -0.0000    0.0001
   4735.04    0.0000   -0.0001    0.0000
   4736.08    0.0000   -0.0002    0.0000
   4737.11    0.0000   -0.0003    0.0001
   4738.14    0.0000   -0.0003    0.0000
   4739.17    0.0000   -0.0004    0.0000
   4740.21    0.0000   -0.0003   -0.0001
   4741.24    0.0000   -0.0002   -0.0002
   4742.27    0.0000   -0.0001   -0.0004
   4743.30    0.0000    0.0001   -0.0005
   4744.34    0.0000    0.0002   -0.0005
   4745.37    0.0000    0.0003   -0.0004
   4746.40    0.0000    0.0003   -0.0002
   4747.43    0.0000    0.0003    0.0000
   4748.47    0.0000    0.0001    0.0003
   4749.50    0.0000   -0.0000    0.0005
   4750.53    0.0000   -0.0002    0.0005
   4751.56    0.0000   -0.0004    0.0004
   4752.60    0.0000   -0.0005    0.0002
   4753.63    0.0000   -0.0005   -0.0000
   4754.66    0.0000   -0.0005   -0.0003
   4755.69    0.0000   -0.0004   -0.0005
   4756.73    0.0000   -0.0003   -0.0006
   4757.76    0.0000   -0.0001   -0.0006
   4758.79    0.0000    0.0000   -0.0005
   4759.82    0.0000    0.0001   -0.0003
   4760.86    0.0000    0.0002   -0.0001
   4761.89    0.0000    0.0002    0.0002
   4762.92    0.0000    0.0002    0.0004
   4763.95    0.0000    0.0002    0.0005
   4764.99    0.0000    0.0002    0.0004
   4766.02    0.0000    0.0001    0.0003
   4767.05    0.0000    0.0001    0.0001
   4768.08    0.0000    0.0001   -0.0000
   4769.12    0.0000    0.0001   -0.0001
   4770.15    0.0000    0.0000   -0.0001
   4771.18    0.0000   -0.0000   -0.0001
   4772.21    0.0000   -0.0001    0.0000
   4773.25    0.0000   -0.0001    0.0001
   4774.28    0.0000   -0.0001    0.0002
   4775.31    0.0000   -0.0001    0.0001
   4776.34    0.0000    0.0001    0.0000
   4777.38    0.0000    0.0003   -0.0002
   4778.41    0.0000    0.0004   -0.0004
   4779.44    0.0000    0.0006   -0.0005
   4780.47    0.0000    0.0006   -0.0005
   4781.51    0.0000    0.0006   -0.0004
   4782.54    0.0000    0.0004   -0.0001
   4783.57    0.0000    0.0002    0.0001
   4784.60    0.0000    0.0000    0.0003
   4785.64    0.0000   -0.0001    0.0004
   4786.67    0.0000   -0.0003    0.0005
   4787.70    0.0000   -0.0004    0.0005
   4788.73    0.0000   -0.0005    0.0004
   4789.77    0.0000   -0.0006    0.0003
   4790.80    0.0000   -0.0006    0.0001
   4791.83    0.0000   -0.0006   -0.0001
   4792.86    0.0000   -0.0005   -0.0003
   4793.90    0.0000   -0.0005   -0.0005
   4794.93    0.0000   -0.0004   -0.0006
   4795.96    0.0000   -0.0003   -0.0007
   4796.99    0.0000   -0.0003   -0.0007
   4798.03    0.0000   -0.0002   -0.0007
   4799.06    0.0000   -0.0002   -0.0006
   4800.09    0.0000   -0.0001   -0.0004
   4801.12    0.0000   -0.0001   -0.0002
   4802.16    0.0000   -0.0000    0.0000
   4803.19    0.0000    0.0000    0.0002
   4804.22    0.0000    0.0001    0.0004
   4805.25    0.0000    0.0002    0.0006
   4806.29    0.0000    0.0003    0.0007
   4807.32    0.0000    0.0004    0.0007
   4808.35    0.0000    0.0005    0.0007
   4809.38    0.0000    0.0006    0.0006
   4810.42    0.0000    0.0007    0.0005
   4811.45    0.0000    0.0008    0.0004
   4812.48    0.0000    0.0009    0.0002
   4813.51    0.0000    0.0011    0.0001
   4814.55    0.0000    0.0012   -0.0001
   4815.58    0.0000    0.0012   -0.0002
   4816.61    0.0000    0.0012   -0.0003
   4817.64    0.0000    0.0011   -0.0004
   4818.68    0.0000    0.0009   -0.0004
   4819.71    0.0000    0.0007   -0.0004
   4820.74    0.0000    0.0005   -0.0004
   4821.77    0.0000    0.0003   -0.0003
   4822.81    0.0000    0.0001   -0.0002
   4823.84    0.0000    0.0001   -0.0000
   4824.87    0.0000    0.0000    0.0001
   4825.90    0.0000    0.0000    0.0002
   4826.94    0.0000    0.0000    0.0002
   4827.97    0.0000    0.0000    0.0003
   4829.00    0.0000    0.0000    0.0003
   4830.03    0.0000   -0.0000    0.0003
   4831.07    0.0000   -0.0001    0.0003
   4832.10    0.0000   -0.0002    0.0003
   4833.13    0.0000   -0.0004    0.0002
   4834.16    0.0000   -0.0005    0.0002
   4835.20    0.0000   -0.0006    0.0001
   4836.23    0.0000   -0.0006    0.0000
   4837.26    0.0000   -0.0006   -0.0000
   4838.29    0.0000   -0.0006   -0.0001
   4839.33    0.0000   -0.0006   -0.0001
   4840.36    0.0000   -0.0006   -0.0001
   4841.39    0.0000   -0.0005   -0.0002
   4842.42    0.0000   -0.0005   -0.0002
   4843.46    0.0000   -0.0005   -0.0003
   4844.49    0.0000   -0.0006   -0.0003
   4845.52    0.0000   -0.0007   -0.0004
   4846.55    0.0000   -0.0007   -0.0004
   4847.59    0.0000   -0.0008   -0.0005
   4848.62    0.0000   -0.0008   -0.0005
   4849.65    0.0000   -0.0008   -0.0005
   4850.68    0.0000   -0.0008   -0.0005
   4851.72    0.0000   -0.0007   -0.0005
   4852.75    0.0000   -0.0006   -0.0005
   4853.78    0.0000   -0.0005   -0.0005
   4854.81    0.0000   -0.0004   -0.0005
   4855.85    0.0000   -0.0003   -0.0005
   4856.88    0.0000   -0.0002   -0.0005
   4857.91    0.0000   -0.0002   -0.0004
   4858.94    0.0000   -0.0003   -0.0004
   4859.98    0.0000   -0.0003   -0.0003
   4861.01    0.0000   -0.0004   -0.0003
   4862.04    0.0000   -0.0004   -0.0002
   4863.07    0.0000   -0.0004   -0.0002
   4864.11    0.0000   -0.0004   -0.0002
   4865.14    0.0000   -0.0004   -0.0002
   4866.17    0.0000   -0.0003   -0.0002
   4867.20    0.0000   -0.0002   -0.0002
   4868.24    0.0000   -0.0001   -0.0002
   4869.27    0.0000   -0.0000   -0.0002
   4870.30    0.0000    0.0001   -0.0002
   4871.33    0.0000    0.0001   -0.0002
   4872.37    0.0000    0.0001   -0.0002
   4873.40    0.0000    0.0000   -0.0002
   4874.43    0.0000   -0.0000   -0.0002
   4875.46    0.0000   -0.0001   -0.0002
   4876.50    0.0000   -0.0002   -0.0002
   4877.53    0.0000   -0.0002   -0.0002
   4878.56    0.0000   -0.0003   -0.0003
   4879.59    0.0000   -0.0003   -0.0003
   4880.63    0.0000   -0.0003   -0.0003
   4881.66    0.0000   -0.0003   -0.0003
   4882.69    0.0000   -0.0003   -0.0004
   4883.72    0.0000   -0.0003   -0.0004
   4884.76    0.0000   -0.0002   -0.0004
   4885.79    0.0000   -0.0002   -0.0004
   4886.82    0.0000   -0.0002   -0.0004
   4887.85    0.0000   -0.0003   -0.0003
   4888.89    0.0000   -0.0003   -0.0003
   4889.92    0.0000   -0.0003   -0.0003
   4890.95    0.0000   -0.0003   -0.0002
   4891.98    0.0000   -0.0003   -0.0002
   4893.02    0.0000   -0.0003   -0.0002
   4894.05    0.0000   -0.0003   -0.0003
   4895.08    0.0000   -0.0003   -0.0003
   4896.11    0.0000   -0.0003   -0.0004
   4897.15    0.0000   -0.0003   -0.0005
   4898.18    0.0000   -0.0003   -0.0005
   4899.21    0.0000   -0.0003   -0.0006
   4900.24    0.0000   -0.0003   -0.0006
   4901.28    0.0000   -0.0002   -0.0006
   4902.31    0.0000   -0.0002   -0.0006
   4903.34    0.0000   -0.0002   -0.0006
   4904.37    0.0000   -0.0001   -0.0005
   4905.41    0.0000   -0.0001   -0.0005
   4906.44    0.0000   -0.0001   -0.0005
   4907.47    0.0000   -0.0001   -0.0005
   4908.50    0.0000   -0.0001   -0.0005
   4909.54    0.0000   -0.0001   -0.0005
   4910.57    0.0000   -0.0001   -0.0004
   4911.60    0.0000   -0.0001   -0.0004
   4912.63    0.0000   -0.0001   -0.0004
   4913.67    0.0000   -0.0001   -0.0004
   4914.70    0.0000   -0.0001   -0.0004
   4915.73    0.0000   -0.0001   -0.0004
   4916.76    0.0000   -0.0001   -0.0004
   4917.80    0.0000   -0.0001   -0.0004
   4918.83    0.0000   -0.0001   -0.0004
   4919.86    0.0000   -0.0001   -0.0004
   4920.89    0.0000   -0.0001   -0.0004
   4921.93    0.0000   -0.0001   -0.0003
   4922.96    0.0000   -0.0001   -0.0003
   4923.99    0.0000   -0.0001   -0.0003
   4925.02    0.0000   -0.0002   -0.0003
   4926.06    0.0000   -0.0002   -0.0003
   4927.09    0.0000   -0.0002   -0.0003
   4928.12    0.0000   -0.0002   -0.0003
   4929.15    0.0000   -0.0002   -0.0003
   4930.19    0.0000   -0.0002   -0.0002
   4931.22    0.0000   -0.0002   -0.0002
   4932.25    0.0000   -0.0002   -0.0002
   4933.28    0.0000   -0.0002   -0.0002
   4934.32    0.0000   -0.0001   -0.0002
   4935.35    0.0000   -0.0001   -0.0002
   4936.38    0.0000   -0.0001   -0.0002
   4937.41    0.0000   -0.0001   -0.0002
   4938.45    0.0000   -0.0001   -0.0001
   4939.48    0.0000   -0.0001   -0.0001
   4940.51    0.0000   -0.0001   -0.0001
   4941.54    0.0000   -0.0001   -0.0001
   4942.58    0.0000   -0.0001   -0.0001
   4943.61    0.0000   -0.0001   -0.0001
   4944.64    0.0000   -0.0001   -0.0001
   4945.67    0.0000   -0.0001   -0.0001
   4946.71    0.0000   -0.0001   -0.0000
   4947.74    0.0000   -0.0001   -0.0000
   4948.77    0.0000   -0.0000   -0.0000
   4949.80    0.0000   -0.0000   -0.0000
   4950.84    0.0000   -0.0000    0.0000
   4951.87    0.0000   -0.0000    0.0000
   4952.90    0.0000   -0.0000    0.0000
   4953.93    0.0000   -0.0000    0.0000
   4954.97    0.0000   -0.0000    0.0001
   4956.00    0.0000    0.0000    0.0001
   4957.03    0.0000    0.0000    0.0001
   4958.06    0.0000    0.0000    0.0001
   4959.10    0.0000    0.0000    0.0001
   4960.13    0.0000    0.0000    0.0001
   4961.16    0.0000    0.0000    0.0002
   4962.19    0.0000    0.0000    0.0002
   4963.23    0.0000    0.0000    0.0002
   4964.26    0.0000    0.0001    0.0002
   4965.29    0.0000    0.0001    0.0002
   4966.32    0.0000    0.0001    0.0002
   4967.36    0.0000    0.0001    0.0003
   4968.39    0.0000    0.0001    0.0003
   4969.42    0.0000    0.0001    0.0003
   4970.45    0.0000    0.0001    0.0003
   4971.49    0.0000    0.0001    0.0003
   4972.52    0.0000    0.0001    0.0003
   4973.55    0.0000    0.0001    0.0003
   4974.58    0.0000    0.0001    0.0003
   4975.62    0.0000    0.0001    0.0004
   4976.65    0.0000    0.0002    0.0004
   4977.68    0.0000    0.0002    0.0004
   4978.71    0.0000    0.0002    0.0004
   4979.75    0.0000    0.0002    0.0004
   4980.78    0.0000    0.0002    0.0004
   4981.81    0.0000    0.0002    0.0004
   4982.84    0.0000    0.0002    0.0004
   4983.88    0.0000    0.0002    0.0004
   4984.91    0.0000    0.0002    0.0004
   4985.94    0.0000    0.0002    0.0004
   4986.97    0.0000    0.0002    0.0004
   4988.01    0.0000    0.0002    0.0004
   4989.04    0.0000    0.0002    0.0004
   4990.07    0.0000    0.0002    0.0004
   4991.10    0.0000    0.0002    0.0004
   4992.14    0.0000    0.0002    0.0004
   4993.17    0.0000    0.0002    0.0004
   4994.20    0.0000    0.0002    0.0004
   4995.23    0.0000    0.0002    0.0004
   4996.27    0.0000    0.0002    0.0004
   4997.30    0.0000    0.0002    0.0004
   4998.33    0.0000    0.0002    0.0004
   4999.36    0.0000    0.0002    0.0004
   5000.40    0.0000    0.0002    0.0004
   5001.43    0.0000    0.0002    0.0004
   5002.46    0.0000    0.0002    0.0004
   5003.49    0.0000    0.0002    0.0004
   5004.53    0.0000    0.0002    0.0004
   5005.56    0.0000    0.0002    0.0004
   5006.59    0.0000    0.0002    0.0004
   5007.62    0.0000    0.0002    0.0004
   5008.66    0.0000    0.0002    0.0004
   5009.69    0.0000    0.0002    0.0004
   5010.72    0.0000    0.0002    0.0004
   5011.75    0.0000    0.0002    0.0004
   5012.79    0.0000    0.0002    0.0004
   5013.82    0.0000    0.0002    0.0004
   5014.85    0.0000    0.0002    0.0004
   5015.88    0.0000    0.0002    0.0004
   5016.92    0.0000    0.0002    0.0004
   5017.95    0.0000    0.0002    0.0004
   5018.98    0.0000    0.0002    0.0004
   5020.01    0.0000    0.0002    0.0004
   5021.05    0.0000    0.0002    0.0004
   5022.08    0.0000    0.0002    0.0004
   5023.11    0.0000    0.0002    0.0004
   5024.14    0.0000    0.0002    0.0004
   5025.18    0.0000    0.0002    0.0004
   5026.21    0.0000    0.0002    0.0004
   5027.24    0.0000    0.0002    0.0004
   5028.27    0.0000    0.0002    0.0004
   5029.31    0.0000    0.0002    0.0004
   5030.34    0.0000    0.0002    0.0004
   5031.37    0.0000    0.0002    0.0004
   5032.40    0.0000    0.0002    0.0004
   5033.44    0.0000    0.0002    0.0004
   5034.47    0.0000    0.0002    0.0004
   5035.50    0.0000    0.0002    0.0004
   5036.53    0.0000    0.0002    0.0004
   5037.57    0.0000    0.0002    0.0004
   5038.60    0.0000    0.0002    0.0004
   5039.63    0.0000    0.0002    0.0004
   5040.66    0.0000    0.0002    0.0004
   5041.70    0.0000    0.0002    0.0004
   5042.73    0.0000    0.0002    0.0004
   5043.76    0.0000    0.0002    0.0004
   5044.79    0.0000    0.0002    0.0004
   5045.83    0.0000    0.0002    0.0004
   5046.86    0.0000    0.0002    0.0004
   5047.89    0.0000    0.0002    0.0004
   5048.92    0.0000    0.0002    0.0004
   5049.96    0.0000    0.0002    0.0004
   5050.99    0.0000    0.0002    0.0004
   5052.02    0.0000    0.0002    0.0004
   5053.05    0.0000    0.0002    0.0004
   5054.09    0.0000    0.0002    0.0004
   5055.12    0.0000    0.0002    0.0004
   5056.15    0.0000    0.0002    0.0004
   5057.18    0.0000    0.0002    0.0004
   5058.22    0.0000    0.0002    0.0004
   5059.25    0.0000    0.0002    0.0004
   5060.28    0.0000    0.0002    0.0004
   5061.31    0.0000    0.0002    0.0004
   5062.35    0.0000    0.0002    0.0004
   5063.38    0.0000    0.0002    0.0004
   5064.41    0.0000    0.0002    0.0004
   5065.44    0.0000    0.0002    0.0004
   5066.48    0.0000    0.0002    0.0004
   5067.51    0.0000    0.0002    0.0004
   5068.54    0.0000    0.0002    0.0004
   5069.57    0.0000    0.0002    0.0004
   5070.61    0.0000    0.0002    0.0004
   5071.64    0.0000    0.0002    0.0004
   5072.67    0.0000    0.0002    0.0004
   5073.70    0.0000    0.0002    0.0004
   5074.74    0.0000    0.0002    0.0004
   5075.77    0.0000    0.0002    0.0004
   5076.80    0.0000    0.0002    0.0004
   5077.83    0.0000    0.0002    0.0004
   5078.87    0.0000    0.0002    0.0004
   5079.90    0.0000    0.0002    0.0004
   5080.93    0.0000    0.0002    0.0004
   5081.96    0.0000    0.0002    0.0004
   5083.00    0.0000    0.0002    0.0004
   5084.03    0.0000    0.0002    0.0004
   5085.06    0.0000    0.0002    0.0004
   5086.09    0.0000    0.0002    0.0004
   5087.13    0.0000    0.0002    0.0004
   5088.16    0.0000    0.0002    0.0004
   5089.19    0.0000    0.0002    0.0004
   5090.22    0.0000    0.0002    0.0004
   5091.26    0.0000    0.0002    0.0004
   5092.29    0.0000    0.0002    0.0004
   5093.32    0.0000    0.0002    0.0004
   5094.35    0.0000    0.0002    0.0004
   5095.39    0.0000    0.0002    0.0004
   5096.42    0.0000    0.0002    0.0004
   5097.45    0.0000    0.0002    0.0004
   5098.48    0.0000    0.0002    0.0004
   5099.52    0.0000    0.0002    0.0004
   5100.55    0.0000    0.0002    0.0004
   5101.58    0.0000    0.0002    0.0004
   5102.61    0.0000    0.0002    0.0004
   5103.65    0.0000    0.0002    0.0004
   5104.68    0.0000    0.0002    0.0004
   5105.71    0.0000    0.0002    0.0004
   5106.74    0.0000    0.0002    0.0004
   5107.78    0.0000    0.0002    0.0004
   5108.81    0.0000    0.0002    0.0004
   5109.84    0.0000    0.0002    0.0004
   5110.87    0.0000    0.0002    0.0004
   5111.91    0.0000    0.0002    0.0004
   5112.94    0.0000    0.0002    0.0004
   5113.97    0.0000    0.0002    0.0004
   5115.00    0.0000    0.0002    0.0004
   5116.04    0.0000    0.0002    0.0004
   5117.07    0.0000    0.0002    0.0004
   5118.10    0.0000    0.0002    0.0004
   5119.13    0.0000    0.0002    0.0004
   5120.17    0.0000    0.0002    0.0004
   5121.20    0.0000    0.0002    0.0004
   5122.23    0.0000    0.0002    0.0004
   5123.26    0.0000    0.0002    0.0004
   5124.30    0.0000    0.0002    0.0004
   5125.33    0.0000    0.0002    0.0004
   5126.36    0.0000    0.0002    0.0004
   5127.39    0.0000    0.0002    0.0004
   5128.43    0.0000    0.0002    0.0004
   5129.46    0.0000    0.0002    0.0004
   5130.49    0.0000    0.0002    0.0004
   5131.52    0.0000    0.0002    0.0004
   5132.56    0.0000    0.0002    0.0004
   5133.59    0.0000    0.0002    0.0004
   5134.62    0.0000    0.0002    0.0004
   5135.65    0.0000    0.0002    0.0004
   5136.69    0.0000    0.0002    0.0004
   5137.72    0.0000    0.0002    0.0004
   5138.75    0.0000    0.0002    0.0004
   5139.78    0.0000    0.0002    0.0004
   5140.82    0.0000    0.0002    0.0004
   5141.85    0.0000    0.0002    0.0004
   5142.88    0.0000    0.0002    0.0004
   5143.91    0.0000    0.0002    0.0004
   5144.95    0.0000    0.0002    0.0004
   5145.98    0.0000    0.0002    0.0004
   5147.01    0.0000    0.0002    0.0004
   5148.04    0.0000    0.0002    0.0004
   5149.08    0.0000    0.0002    0.0004
   5150.11    0.0000    0.0002    0.0004
   5151.14    0.0000    0.0002    0.0004
   5152.17    0.0000    0.0002    0.0004
   5153.21    0.0000    0.0002    0.0004
   5154.24    0.0000    0.0002    0.0004
   5155.27    0.0000    0.0002    0.0004
   5156.30    0.0000    0.0002    0.0004
   5157.34    0.0000    0.0002    0.0004
   5158.37    0.0000    0.0002    0.0004
   5159.40    0.0000    0.0002    0.0004
   5160.43    0.0000    0.0002    0.0004
   5161.47    0.0000    0.0002    0.0004
   5162.50    0.0000    0.0002    0.0004
   5163.53    0.0000    0.0002    0.0004
   5164.56    0.0000    0.0002    0.0004
   5165.60    0.0000    0.0002    0.0004
   5166.63    0.0000    0.0002    0.0004
   5167.66    0.0000    0.0002    0.0004
   5168.69    0.0000    0.0002    0.0004
   5169.73    0.0000    0.0002    0.0004
   5170.76    0.0000    0.0002    0.0004
   5171.79    0.0000    0.0002    0.0004
   5172.82    0.0000    0.0002    0.0004
   5173.86    0.0000    0.0002    0.0004
   5174.89    0.0000    0.0002    0.0004
   5175.92    0.0000    0.0002    0.0004
   5176.95    0.0000    0.0002    0.0004
   5177.99    0.0000    0.0002    0.0004
   5179.02    0.0000    0.0002    0.0004
   5180.05    0.0000    0.0002    0.0004
   5181.08    0.0000    0.0002    0.0004
   5182.12    0.0000    0.0002    0.0004
   5183.15    0.0000    0.0002    0.0004
   5184.18    0.0000    0.0002    0.0004
   5185.21    0.0000    0.0002    0.0004
   5186.25    0.0000    0.0002    0.0004
   5187.28    0.0000    0.0002    0.0004
   5188.31    0.0000    0.0002    0.0004
   5189.34    0.0000    0.0002    0.0004
   5190.38    0.0000    0.0002    0.0004
   5191.41    0.0000    0.0002    0.0004
   5192.44    0.0000    0.0002    0.0004
   5193.47    0.0000    0.0002    0.0004
   5194.51    0.0000    0.0002    0.0004
   5195.54    0.0000    0.0002    0.0004
   5196.57    0.0000    0.0002    0.0004
   5197.60    0.0000    0.0002    0.0004
   5198.64    0.0000    0.0002    0.0004
   5199.67    0.0000    0.0002    0.0004
   5200.70    0.0000    0.0002    0.0004
   5201.73    0.0000    0.0002    0.0004
   5202.77    0.0000    0.0002    0.0004
   5203.80    0.0000    0.0002    0.0004
   5204.83    0.0000    0.0002    0.0004
   5205.86    0.0000    0.0002    0.0004
   5206.90    0.0000    0.0002    0.0004
   5207.93    0.0000    0.0002    0.0004
   5208.96    0.0000    0.0002    0.0004
   5209.99    0.0000    0.0002    0.0004
   5211.03    0.0000    0.0002    0.0004
   5212.06    0.0000    0.0002    0.0004
   5213.09    0.0000    0.0002    0.0004
   5214.12    0.0000    0.0002    0.0004
   5215.16    0.0000    0.0002    0.0004
   5216.19    0.0000    0.0002    0.0004
   5217.22    0.0000    0.0002    0.0004
   5218.25    0.0000    0.0002    0.0004
   5219.29    0.0000    0.0002    0.0004
   5220.32    0.0000    0.0002    0.0004
   5221.35    0.0000    0.0002    0.0004
   5222.38    0.0000    0.0002    0.0004
   5223.42    0.0000    0.0002    0.0004
   5224.45    0.0000    0.0002    0.0004
   5225.48    0.0000    0.0002    0.0004
   5226.51    0.0000    0.0002    0.0004
   5227.55    0.0000    0.0002    0.0004
   5228.58    0.0000    0.0002    0.0004
   5229.61    0.0000    0.0002    0.0004
   5230.64    0.0000    0.0002    0.0004
   5231.68    0.0000    0.0002    0.0004
   5232.71    0.0000    0.0002    0.0004
   5233.74    0.0000    0.0002    0.0004
   5234.77    0.0000    0.0002    0.0004
   5235.81    0.0000    0.0002    0.0004
   5236.84    0.0000    0.0002    0.0004
   5237.87    0.0000    0.0002    0.0004
   5238.90    0.0000    0.0002    0.0004
   5239.94    0.0000    0.0002    0.0004
   5240.97    0.0000    0.0002    0.0004
   5242.00    0.0000    0.0002    0.0004
   5243.03    0.0000    0.0002    0.0004
   5244.07    0.0000    0.0002    0.0004
   5245.10    0.0000    0.0002    0.0004
   5246.13    0.0000    0.0002    0.0004
   5247.16    0.0000    0.0002    0.0004
   5248.20    0.0000    0.0002    0.0004
   5249.23    0.0000    0.0002    0.0004
   5250.26    0.0000    0.0002    0.0004
   5251.29    0.0000    0.0002    0.0004
   5252.33    0.0000    0.0002    0.0004
   5253.36    0.0000    0.0002    0.0004
   5254.39    0.0000    0.0002    0.0004
   5255.42    0.0000    0.0002    0.0004
   5256.46    0.0000    0.0002    0.0004
   5257.49    0.0000    0.0002    0.0004
   5258.52    0.0000    0.0002    0.0004
   5259.55    0.0000    0.0002    0.0004
   5260.59    0.0000    0.0002    0.0004
   5261.62    0.0000    0.0002    0.0004
   5262.65    0.0000    0.0002    0.0004
   5263.68    0.0000    0.0002    0.0004
   5264.72    0.0000    0.0002    0.0004
   5265.75    0.0000    0.0002    0.0004
   5266.78    0.0000    0.0002    0.0004
   5267.81    0.0000    0.0002    0.0004
   5268.85    0.0000    0.0002    0.0004
   5269.88    0.0000    0.0002    0.0004
   5270.91    0.0000    0.0002    0.0004
   5271.94    0.0000    0.0002    0.0004
   5272.98    0.0000    0.0002    0.0004
   5274.01    0.0000    0.0002    0.0004
   5275.04    0.0000    0.0002    0.0004
   5276.07    0.0000    0.0002    0.0004
   5277.11    0.0000    0.0002    0.0004
   5278.14    0.0000    0.0002    0.0004
   5279.17    0.0000    0.0002    0.0004
   5280.20    0.0000    0.0002    0.0004
