     #Time      Norm      Real      Imag
   4390.19    0.0000    0.0000    0.0001
   4391.22    0.0000    0.0000    0.0004
   4392.25    0.0000    0.0001    0.0007
   4393.29    0.0000    0.0003    0.0010
   4394.32    0.0000    0.0005    0.0012
   4395.35    0.0000    0.0008    0.0010
   4396.38    0.0000    0.0010    0.0007
   4397.42    0.0000    0.0012    0.0002
   4398.45    0.0000    0.0012   -0.0003
   4399.48    0.0000    0.0011   -0.0007
   4400.51    0.0000    0.0009   -0.0011
   4401.55    0.0000    0.0006   -0.0013
   4402.58    0.0000    0.0003   -0.0014
   4403.61    0.0000   -0.0001   -0.0014
   4404.64    0.0000   -0.0004   -0.0013
   4405.68    0.0000   -0.0007   -0.0010
   4406.71    0.0000   -0.0008   -0.0007
   4407.74    0.0000   -0.0008   -0.0004
   4408.77    0.0000   -0.0006   -0.0002
   4409.81    0.0000   -0.0004   -0.0001
   4410.84    0.0000   -0.0001   -0.0001
   4411.87    0.0000    0.0001   -0.0003
   4412.90    0.0000    0.0003   -0.0006
   4413.94    0.0000    0.0004   -0.0009
   4414.97    0.0000    0.0003   -0.0011
   4416.00    0.0000    0.0001   -0.0013
   4417.03    0.0000   -0.0001   -0.0014
   4418.07    0.0000   -0.0004   -0.0012
   4419.10    0.0000   -0.0005   -0.0010
   4420.13    0.0000   -0.0007   -0.0007
   4421.16    0.0000   -0.0007   -0.0003
   4422.20    0.0000   -0.0006   -0.0001
   4423.23    0.0000   -0.0004    0.0001
   4424.26    0.0000   -0.0002    0.0001
   4425.29    0.0000   -0.0000   -0.0000
   4426.33    0.0000    0.0001   -0.0003
   4427.36    0.0000    0.0002   -0.0006
   4428.39    0.0000    0.0001   -0.0009
   4429.42    0.0000   -0.0002   -0.0011
   4430.46    0.0000   -0.0006   -0.0011
   4431.49    0.0000   -0.0010   -0.0010
   4432.52    0.0000   -0.0011   -0.0007
   4433.55    0.0000   -0.0010   -0.0005
   4434.59    0.0000   -0.0006   -0.0004
   4435.62    0.0000   -0.0001   -0.0004
   4436.65    0.0000    0.0004   -0.0005
   4437.68    0.0000    0.0006   -0.0006
   4438.72    0.0000    0.0005   -0.0007
   4439.75    0.0000    0.0003   -0.0007
   4440.78    0.0000    0.0001   -0.0006
   4441.81    0.0000   -0.0000   -0.0005
   4442.85    0.0000    0.0001   -0.0003
   4443.88    0.0000    0.0004   -0.0003
   4444.91    0.0000    0.0008   -0.0004
   4445.94    0.0000    0.0009   -0.0005
   4446.98    0.0000    0.0008   -0.0005
   4448.01    0.0000    0.0008   -0.0005
   4449.04    0.0000    0.0007   -0.0005
   4450.07    0.0000    0.0005   -0.0006
   4451.11    0.0000    0.0004   -0.0006
   4452.14    0.0000    0.0002   -0.0007
   4453.17    0.0000    0.0001   -0.0007
   4454.20    0.0000   -0.0001   -0.0007
   4455.24    0.0000   -0.0002   -0.0006
   4456.27    0.0000   -0.0003   -0.0006
   4457.30    0.0000   -0.0004   -0.0004
   4458.33    0.0000   -0.0005   -0.0002
   4459.37    0.0000   -0.0006   -0.0000
   4460.40    0.0000   -0.0007    0.0002
   4461.43    0.0000   -0.0009    0.0004
   4462.46    0.0000   -0.0010    0.0006
   4463.50    0.0000   -0.0011    0.0007
   4464.53    0.0000   -0.0013    0.0008
   4465.56    0.0000   -0.0014    0.0008
   4466.59    0.0000   -0.0015    0.0009
   4467.63    0.0000   -0.0015    0.0009
   4468.66    0.0000   -0.0015    0.0010
   4469.69    0.0000   -0.0014    0.0010
   4470.72    0.0000   -0.0013    0.0011
   4471.76    0.0000   -0.0010    0.0012
   4472.79    0.0000   -0.0008    0.0013
   4473.82    0.0000   -0.0005    0.0013
   4474.85    0.0000   -0.0001    0.0013
   4475.89    0.0000    0.0002    0.0012
   4476.92    0.0000    0.0005    0.0011
   4477.95    0.0000    0.0007    0.0008
   4478.98    0.0000    0.0009    0.0005
   4480.02    0.0000    0.0010    0.0001
   4481.05    0.0000    0.0011   -0.0004
   4482.08    0.0000    0.0010   -0.0008
   4483.11    0.0000    0.0009   -0.0012
   4484.15    0.0000    0.0008   -0.0015
   4485.18    0.0000    0.0006   -0.0017
   4486.21    0.0000    0.0004   -0.0017
   4487.24    0.0000    0.0002   -0.0016
   4488.28    0.0000    0.0000   -0.0013
   4489.31    0.0000   -0.0001   -0.0010
   4490.34    0.0000   -0.0003   -0.0006
   4491.37    0.0000   -0.0004   -0.0002
   4492.41    0.0000   -0.0005    0.0002
   4493.44    0.0000   -0.0006    0.0006
   4494.47    0.0000   -0.0006    0.0008
   4495.50    0.0000   -0.0006    0.0009
   4496.54    0.0000   -0.0006    0.0009
   4497.57    0.0000   -0.0006    0.0008
   4498.60    0.0000   -0.0006    0.0007
   4499.63    0.0000   -0.0005    0.0006
   4500.67    0.0000   -0.0004    0.0006
   4501.70    0.0000   -0.0003    0.0006
   4502.73    0.0000   -0.0001    0.0007
   4503.76    0.0000    0.0001    0.0008
   4504.80    0.0000    0.0003    0.0009
   4505.83    0.0000    0.0005    0.0010
   4506.86    0.0000    0.0007    0.0011
   4507.89    0.0000    0.0009    0.0010
   4508.93    0.0000    0.0010    0.0008
   4509.96    0.0000    0.0010    0.0004
   4510.99    0.0000    0.0010   -0.0000
   4512.02    0.0000    0.0008   -0.0005
   4513.06    0.0000    0.0006   -0.0011
   4514.09    0.0000    0.0004   -0.0015
   4515.12    0.0000    0.0002   -0.0018
   4516.15    0.0000   -0.0001   -0.0019
   4517.19    0.0000   -0.0003   -0.0017
   4518.22    0.0000   -0.0004   -0.0013
   4519.25    0.0000   -0.0005   -0.0008
   4520.28    0.0000   -0.0005   -0.0002
   4521.32    0.0000   -0.0005    0.0004
   4522.35    0.0000   -0.0004    0.0009
   4523.38    0.0000   -0.0003    0.0012
   4524.41    0.0000   -0.0002    0.0013
   4525.45    0.0000   -0.0001    0.0011
   4526.48    0.0000   -0.0001    0.0008
   4527.51    0.0000   -0.0002    0.0004
   4528.54    0.0000   -0.0002   -0.0001
   4529.58    0.0000   -0.0002   -0.0004
   4530.61    0.0000   -0.0002   -0.0005
   4531.64    0.0000   -0.0001   -0.0005
   4532.67    0.0000    0.0000   -0.0002
   4533.71    0.0000    0.0002    0.0001
   4534.74    0.0000    0.0004    0.0004
   4535.77    0.0000    0.0006    0.0006
   4536.80    0.0000    0.0007    0.0006
   4537.84    0.0000    0.0008    0.0003
   4538.87    0.0000    0.0007   -0.0002
   4539.90    0.0000    0.0005   -0.0008
   4540.93    0.0000    0.0003   -0.0013
   4541.97    0.0000   -0.0000   -0.0017
   4543.00    0.0000   -0.0003   -0.0018
   4544.03    0.0000   -0.0005   -0.0016
   4545.06    0.0000   -0.0006   -0.0011
   4546.10    0.0000   -0.0007   -0.0003
   4547.13    0.0000   -0.0006    0.0004
   4548.16    0.0000   -0.0005    0.0010
   4549.19    0.0000   -0.0004    0.0014
   4550.23    0.0000   -0.0003    0.0014
   4551.26    0.0000   -0.0002    0.0011
   4552.29    0.0000   -0.0001    0.0007
   4553.32    0.0000   -0.0001    0.0002
   4554.36    0.0000    0.0000   -0.0001
   4555.39    0.0000    0.0001   -0.0002
   4556.42    0.0000    0.0001   -0.0002
   4557.45    0.0000    0.0002    0.0001
   4558.49    0.0000    0.0003    0.0003
   4559.52    0.0000    0.0003    0.0005
   4560.55    0.0000    0.0003    0.0005
   4561.58    0.0000    0.0002    0.0004
   4562.62    0.0000    0.0001    0.0001
   4563.65    0.0000    0.0000   -0.0003
   4564.68    0.0000   -0.0001   -0.0007
   4565.71    0.0000   -0.0001   -0.0010
   4566.75    0.0000   -0.0002   -0.0011
   4567.78    0.0000   -0.0004   -0.0011
   4568.81    0.0000   -0.0005   -0.0011
   4569.84    0.0000   -0.0006   -0.0011
   4570.88    0.0000   -0.0007   -0.0011
   4571.91    0.0000   -0.0007   -0.0010
   4572.94    0.0000   -0.0008   -0.0008
   4573.97    0.0000   -0.0007   -0.0006
   4575.01    0.0000   -0.0006   -0.0002
   4576.04    0.0000   -0.0005    0.0001
   4577.07    0.0000   -0.0003    0.0004
   4578.10    0.0000   -0.0002    0.0005
   4579.14    0.0000   -0.0001    0.0006
   4580.17    0.0000   -0.0000    0.0006
   4581.20    0.0000    0.0000    0.0005
   4582.23    0.0000    0.0000    0.0004
   4583.27    0.0000    0.0000    0.0004
   4584.30    0.0000    0.0001    0.0005
   4585.33    0.0000    0.0002    0.0005
   4586.36    0.0000    0.0003    0.0005
   4587.40    0.0000    0.0004    0.0004
   4588.43    0.0000    0.0005    0.0003
   4589.46    0.0000    0.0005    0.0001
   4590.49    0.0000    0.0006   -0.0001
   4591.53    0.0000    0.0006   -0.0002
   4592.56    0.0000    0.0006   -0.0003
   4593.59    0.0000    0.0007   -0.0004
   4594.62    0.0000    0.0007   -0.0004
   4595.66    0.0000    0.0008   -0.0004
   4596.69    0.0000    0.0009   -0.0005
   4597.72    0.0000    0.0009   -0.0005
   4598.75    0.0000    0.0009   -0.0007
   4599.79    0.0000    0.0008   -0.0009
   4600.82    0.0000    0.0006   -0.0011
   4601.85    0.0000    0.0005   -0.0013
   4602.88    0.0000    0.0003   -0.0014
   4603.92    0.0000    0.0001   -0.0015
   4604.95    0.0000   -0.0000   -0.0015
   4605.98    0.0000   -0.0001   -0.0014
   4607.01    0.0000   -0.0002   -0.0013
   4608.05    0.0000   -0.0002   -0.0012
   4609.08    0.0000   -0.0003   -0.0010
   4610.11    0.0000   -0.0003   -0.0008
   4611.14    0.0000   -0.0003   -0.0005
   4612.18    0.0000   -0.0002   -0.0003
   4613.21    0.0000   -0.0002   -0.0000
   4614.24    0.0000   -0.0001    0.0003
   4615.27    0.0000   -0.0000    0.0005
   4616.31    0.0000    0.0001    0.0007
   4617.34    0.0000    0.0001    0.0009
   4618.37    0.0000    0.0002    0.0011
   4619.40    0.0000    0.0002    0.0012
   4620.44    0.0000    0.0001    0.0012
   4621.47    0.0000    0.0000    0.0012
   4622.50    0.0000   -0.0001    0.0012
   4623.53    0.0000   -0.0002    0.0012
   4624.57    0.0000   -0.0003    0.0012
   4625.60    0.0000   -0.0003    0.0011
   4626.63    0.0000   -0.0003    0.0011
   4627.66    0.0000   -0.0002    0.0010
   4628.70    0.0000   -0.0001    0.0009
   4629.73    0.0000   -0.0000    0.0008
   4630.76    0.0000    0.0000    0.0006
   4631.79    0.0000    0.0001    0.0005
   4632.83    0.0000    0.0002    0.0004
   4633.86    0.0000    0.0003    0.0003
   4634.89    0.0000    0.0003    0.0002
   4635.92    0.0000    0.0004    0.0001
   4636.96    0.0000    0.0005   -0.0000
   4637.99    0.0000    0.0005   -0.0001
   4639.02    0.0000    0.0006   -0.0003
   4640.05    0.0000    0.0006   -0.0004
   4641.09    0.0000    0.0006   -0.0006
   4642.12    0.0000    0.0006   -0.0008
   4643.15    0.0000    0.0006   -0.0010
   4644.18    0.0000    0.0005   -0.0012
   4645.22    0.0000    0.0004   -0.0014
   4646.25    0.0000    0.0003   -0.0015
   4647.28    0.0000    0.0002   -0.0015
   4648.31    0.0000    0.0002   -0.0015
   4649.35    0.0000    0.0001   -0.0014
   4650.38    0.0000    0.0001   -0.0012
   4651.41    0.0000    0.0001   -0.0010
   4652.44    0.0000    0.0001   -0.0007
   4653.48    0.0000    0.0002   -0.0004
   4654.51    0.0000    0.0002   -0.0002
   4655.54    0.0000    0.0002    0.0000
   4656.57    0.0000    0.0001    0.0003
   4657.61    0.0000    0.0001    0.0004
   4658.64    0.0000   -0.0000    0.0006
   4659.67    0.0000   -0.0002    0.0007
   4660.70    0.0000   -0.0003    0.0009
   4661.74    0.0000   -0.0005    0.0010
   4662.77    0.0000   -0.0006    0.0011
   4663.80    0.0000   -0.0007    0.0012
   4664.83    0.0000   -0.0007    0.0012
   4665.87    0.0000   -0.0007    0.0013
   4666.90    0.0000   -0.0007    0.0013
   4667.93    0.0000   -0.0006    0.0012
   4668.96    0.0000   -0.0005    0.0012
   4670.00    0.0000   -0.0003    0.0011
   4671.03    0.0000   -0.0001    0.0010
   4672.06    0.0000    0.0000    0.0009
   4673.09    0.0000    0.0002    0.0007
   4674.13    0.0000    0.0003    0.0006
   4675.16    0.0000    0.0003    0.0005
   4676.19    0.0000    0.0003    0.0004
   4677.22    0.0000    0.0003    0.0003
   4678.26    0.0000    0.0001    0.0003
   4679.29    0.0000   -0.0000    0.0003
   4680.32    0.0000   -0.0002    0.0003
   4681.35    0.0000   -0.0004    0.0003
   4682.39    0.0000   -0.0006    0.0004
   4683.42    0.0000   -0.0008    0.0004
   4684.45    0.0000   -0.0009    0.0004
   4685.48    0.0000   -0.0009    0.0005
   4686.52    0.0000   -0.0009    0.0006
   4687.55    0.0000   -0.0007    0.0006
   4688.58    0.0000   -0.0006    0.0007
   4689.61    0.0000   -0.0004    0.0007
   4690.65    0.0000   -0.0002    0.0008
   4691.68    0.0000   -0.0001    0.0008
   4692.71    0.0000    0.0000    0.0008
   4693.74    0.0000    0.0001    0.0008
   4694.78    0.0000    0.0000    0.0007
   4695.81    0.0000   -0.0000    0.0007
   4696.84    0.0000   -0.0002    0.0006
   4697.87    0.0000   -0.0003    0.0005
   4698.91    0.0000   -0.0004    0.0005
   4699.94    0.0000   -0.0006    0.0003
   4700.97    0.0000   -0.0006    0.0001
   4702.00    0.0000   -0.0004   -0.0001
   4703.04    0.0000   -0.0001   -0.0002
   4704.07    0.0000    0.0001   -0.0002
   4705.10    0.0000    0.0003   -0.0001
   4706.13    0.0000    0.0004    0.0001
   4707.17    0.0000    0.0003    0.0003
   4708.20    0.0000    0.0001    0.0004
   4709.23    0.0000   -0.0001    0.0005
   4710.26    0.0000   -0.0003    0.0005
   4711.30    0.0000   -0.0004    0.0004
   4712.33    0.0000   -0.0003    0.0002
   4713.36    0.0000   -0.0002    0.0000
   4714.39    0.0000   -0.0000   -0.0001
   4715.43    0.0000    0.0002   -0.0002
   4716.46    0.0000    0.0003   -0.0002
   4717.49    0.0000    0.0004   -0.0001
   4718.52    0.0000    0.0003    0.0001
   4719.56    0.0000    0.0001    0.0004
   4720.59    0.0000   -0.0001    0.0006
   4721.62    0.0000   -0.0003    0.0008
   4722.65    0.0000   -0.0005    0.0007
   4723.69    0.0000   -0.0006    0.0005
   4724.72    0.0000   -0.0005    0.0002
   4725.75    0.0000   -0.0003   -0.0001
   4726.78    0.0000   -0.0001   -0.0004
   4727.82    0.0000    0.0002   -0.0006
   4728.85    0.0000    0.0003   -0.0006
   4729.88    0.0000    0.0004   -0.0004
   4730.91    0.0000    0.0004   -0.0001
   4731.95    0.0000    0.0003    0.0002
   4732.98    0.0000    0.0001    0.0005
   4734.01    0.0000   -0.0001    0.0007
   4735.04    0.0000   -0.0002    0.0007
   4736.08    0.0000   -0.0003    0.0005
   4737.11    0.0000   -0.0003    0.0002
   4738.14    0.0000   -0.0003   -0.0002
   4739.17    0.0000   -0.0003   -0.0005
   4740.21    0.0000   -0.0003   -0.0007
   4741.24    0.0000   -0.0003   -0.0006
   4742.27    0.0000   -0.0002   -0.0003
   4743.30    0.0000   -0.0001    0.0001
   4744.34    0.0000    0.0000    0.0006
   4745.37    0.0000    0.0002    0.0008
   4746.40    0.0000    0.0004    0.0007
   4747.43    0.0000    0.0005    0.0004
   4748.47    0.0000    0.0006    0.0002
   4749.50    0.0000    0.0007   -0.0001
   4750.53    0.0000    0.0006   -0.0003
   4751.56    0.0000    0.0005   -0.0004
   4752.60    0.0000    0.0004   -0.0005
   4753.63    0.0000    0.0003   -0.0006
   4754.66    0.0000    0.0001   -0.0006
   4755.69    0.0000   -0.0000   -0.0006
   4756.73    0.0000   -0.0001   -0.0005
   4757.76    0.0000   -0.0002   -0.0004
   4758.79    0.0000   -0.0002   -0.0002
   4759.82    0.0000   -0.0002   -0.0000
   4760.86    0.0000   -0.0001    0.0002
   4761.89    0.0000   -0.0001    0.0004
   4762.92    0.0000    0.0000    0.0005
   4763.95    0.0000    0.0001    0.0006
   4764.99    0.0000    0.0003    0.0006
   4766.02    0.0000    0.0004    0.0005
   4767.05    0.0000    0.0005    0.0005
   4768.08    0.0000    0.0006    0.0003
   4769.12    0.0000    0.0007    0.0002
   4770.15    0.0000    0.0008    0.0001
   4771.18    0.0000    0.0009   -0.0001
   4772.21    0.0000    0.0009   -0.0002
   4773.25    0.0000    0.0009   -0.0004
   4774.28    0.0000    0.0008   -0.0006
   4775.31    0.0000    0.0008   -0.0007
   4776.34    0.0000    0.0008   -0.0008
   4777.38    0.0000    0.0008   -0.0008
   4778.41    0.0000    0.0008   -0.0008
   4779.44    0.0000    0.0008   -0.0008
   4780.47    0.0000    0.0008   -0.0008
   4781.51    0.0000    0.0008   -0.0008
   4782.54    0.0000    0.0008   -0.0007
   4783.57    0.0000    0.0008   -0.0006
   4784.60    0.0000    0.0007   -0.0005
   4785.64    0.0000    0.0006   -0.0004
   4786.67    0.0000    0.0005   -0.0004
   4787.70    0.0000    0.0004   -0.0004
   4788.73    0.0000    0.0003   -0.0004
   4789.77    0.0000    0.0002   -0.0004
   4790.80    0.0000    0.0002   -0.0004
   4791.83    0.0000    0.0002   -0.0004
   4792.86    0.0000    0.0003   -0.0003
   4793.90    0.0000    0.0004   -0.0002
   4794.93    0.0000    0.0006   -0.0002
   4795.96    0.0000    0.0008   -0.0002
   4796.99    0.0000    0.0007   -0.0003
   4798.03    0.0000    0.0004   -0.0003
   4799.06    0.0000    0.0001   -0.0002
   4800.09    0.0000   -0.0000   -0.0000
   4801.12    0.0000    0.0001    0.0001
   4802.16    0.0000    0.0005    0.0002
   4803.19    0.0000    0.0008    0.0002
   4804.22    0.0000    0.0010    0.0001
   4805.25    0.0000    0.0010   -0.0001
   4806.29    0.0000    0.0008   -0.0002
   4807.32    0.0000    0.0005   -0.0002
   4808.35    0.0000    0.0003   -0.0001
   4809.38    0.0000    0.0003    0.0001
   4810.42    0.0000    0.0005    0.0004
   4811.45    0.0000    0.0008    0.0006
   4812.48    0.0000    0.0010    0.0007
   4813.51    0.0000    0.0012    0.0007
   4814.55    0.0000    0.0011    0.0006
   4815.58    0.0000    0.0009    0.0005
   4816.61    0.0000    0.0007    0.0004
   4817.64    0.0000    0.0005    0.0003
   4818.68    0.0000    0.0004    0.0003
   4819.71    0.0000    0.0005    0.0004
   4820.74    0.0000    0.0006    0.0005
   4821.77    0.0000    0.0006    0.0006
   4822.81    0.0000    0.0006    0.0006
   4823.84    0.0000    0.0005    0.0006
   4824.87    0.0000    0.0004    0.0005
   4825.90    0.0000    0.0003    0.0004
   4826.94    0.0000    0.0002    0.0004
   4827.97    0.0000    0.0002    0.0003
   4829.00    0.0000    0.0002    0.0003
   4830.03    0.0000    0.0003    0.0002
   4831.07    0.0000    0.0004   -0.0000
   4832.10    0.0000    0.0003   -0.0003
   4833.13    0.0000    0.0001   -0.0004
   4834.16    0.0000   -0.0001   -0.0005
   4835.20    0.0000   -0.0004   -0.0005
   4836.23    0.0000   -0.0005   -0.0003
   4837.26    0.0000   -0.0006   -0.0001
   4838.29    0.0000   -0.0005    0.0001
   4839.33    0.0000   -0.0005    0.0001
   4840.36    0.0000   -0.0006   -0.0000
   4841.39    0.0000   -0.0007   -0.0003
   4842.42    0.0000   -0.0008   -0.0005
   4843.46    0.0000   -0.0009   -0.0006
   4844.49    0.0000   -0.0009   -0.0005
   4845.52    0.0000   -0.0008   -0.0004
   4846.55    0.0000   -0.0006   -0.0003
   4847.59    0.0000   -0.0004   -0.0003
   4848.62    0.0000   -0.0003   -0.0003
   4849.65    0.0000   -0.0002   -0.0003
   4850.68    0.0000   -0.0001   -0.0002
   4851.72    0.0000   -0.0001    0.0000
   4852.75    0.0000   -0.0001    0.0003
   4853.78    0.0000   -0.0000    0.0005
   4854.81    0.0000    0.0001    0.0005
   4855.85    0.0000    0.0003    0.0004
   4856.88    0.0000    0.0004    0.0002
   4857.91    0.0000    0.0005    0.0000
   4858.94    0.0000    0.0005   -0.0000
   4859.98    0.0000    0.0005    0.0001
   4861.01    0.0000    0.0004    0.0003
   4862.04    0.0000    0.0004    0.0005
   4863.07    0.0000    0.0005    0.0006
   4864.11    0.0000    0.0006    0.0005
   4865.14    0.0000    0.0006    0.0004
   4866.17    0.0000    0.0006    0.0002
   4867.20    0.0000    0.0005    0.0000
   4868.24    0.0000    0.0004    0.0001
   4869.27    0.0000    0.0007    0.0001
   4870.30    0.0000    0.0010    0.0000
   4871.33    0.0000    0.0011   -0.0001
   4872.37    0.0000    0.0009   -0.0004
   4873.40    0.0000    0.0005   -0.0006
   4874.43    0.0000    0.0000   -0.0007
   4875.46    0.0000   -0.0003   -0.0007
   4876.50    0.0000   -0.0005   -0.0004
   4877.53    0.0000   -0.0005   -0.0000
   4878.56    0.0000   -0.0005    0.0003
   4879.59    0.0000   -0.0006    0.0005
   4880.63    0.0000   -0.0006    0.0005
   4881.66    0.0000   -0.0006    0.0004
   4882.69    0.0000   -0.0005    0.0002
   4883.72    0.0000   -0.0002    0.0002
   4884.76    0.0000    0.0003    0.0003
   4885.79    0.0000    0.0007    0.0004
   4886.82    0.0000    0.0009    0.0004
   4887.85    0.0000    0.0011    0.0003
   4888.89    0.0000    0.0012    0.0001
   4889.92    0.0000    0.0011   -0.0001
   4890.95    0.0000    0.0009   -0.0002
   4891.98    0.0000    0.0006   -0.0003
   4893.02    0.0000    0.0003   -0.0004
   4894.05    0.0000   -0.0001   -0.0004
   4895.08    0.0000   -0.0005   -0.0004
   4896.11    0.0000   -0.0008   -0.0004
   4897.15    0.0000   -0.0010   -0.0003
   4898.18    0.0000   -0.0011   -0.0002
   4899.21    0.0000   -0.0012   -0.0001
   4900.24    0.0000   -0.0011    0.0000
   4901.28    0.0000   -0.0010    0.0002
   4902.31    0.0000   -0.0007    0.0003
   4903.34    0.0000   -0.0004    0.0003
   4904.37    0.0000   -0.0001    0.0004
   4905.41    0.0000    0.0002    0.0004
   4906.44    0.0000    0.0005    0.0004
   4907.47    0.0000    0.0008    0.0004
   4908.50    0.0000    0.0010    0.0003
   4909.54    0.0000    0.0011    0.0003
   4910.57    0.0000    0.0012    0.0002
   4911.60    0.0000    0.0012    0.0001
   4912.63    0.0000    0.0011   -0.0000
   4913.67    0.0000    0.0010   -0.0001
   4914.70    0.0000    0.0009   -0.0002
   4915.73    0.0000    0.0007   -0.0003
   4916.76    0.0000    0.0004   -0.0004
   4917.80    0.0000    0.0002   -0.0004
   4918.83    0.0000   -0.0000   -0.0005
   4919.86    0.0000   -0.0003   -0.0005
   4920.89    0.0000   -0.0005   -0.0005
   4921.93    0.0000   -0.0006   -0.0005
   4922.96    0.0000   -0.0008   -0.0005
   4923.99    0.0000   -0.0009   -0.0004
   4925.02    0.0000   -0.0010   -0.0003
   4926.06    0.0000   -0.0011   -0.0003
   4927.09    0.0000   -0.0011   -0.0002
   4928.12    0.0000   -0.0011   -0.0001
   4929.15    0.0000   -0.0010    0.0000
   4930.19    0.0000   -0.0010    0.0001
   4931.22    0.0000   -0.0009    0.0002
   4932.25    0.0000   -0.0008    0.0003
   4933.28    0.0000   -0.0007    0.0004
   4934.32    0.0000   -0.0005    0.0005
   4935.35    0.0000   -0.0004    0.0005
   4936.38    0.0000   -0.0002    0.0006
   4937.41    0.0000   -0.0000    0.0006
   4938.45    0.0000    0.0002    0.0006
   4939.48    0.0000    0.0003    0.0006
   4940.51    0.0000    0.0005    0.0006
   4941.54    0.0000    0.0007    0.0006
   4942.58    0.0000    0.0008    0.0006
   4943.61    0.0000    0.0009    0.0006
   4944.64    0.0000    0.0009    0.0005
   4945.67    0.0000    0.0010    0.0005
   4946.71    0.0000    0.0010    0.0005
   4947.74    0.0000    0.0010    0.0004
   4948.77    0.0000    0.0011    0.0003
   4949.80    0.0000    0.0011    0.0002
   4950.84    0.0000    0.0011    0.0001
   4951.87    0.0000    0.0011   -0.0001
   4952.90    0.0000    0.0011   -0.0001
   4953.93    0.0000    0.0010   -0.0001
   4954.97    0.0000    0.0010   -0.0001
   4956.00    0.0000    0.0010   -0.0001
   4957.03    0.0000    0.0010   -0.0001
   4958.06    0.0000    0.0010   -0.0001
   4959.10    0.0000    0.0011   -0.0000
   4960.13    0.0000    0.0011   -0.0000
   4961.16    0.0000    0.0012   -0.0000
   4962.19    0.0000    0.0012   -0.0000
   4963.23    0.0000    0.0012   -0.0000
   4964.26    0.0000    0.0012   -0.0000
   4965.29    0.0000    0.0012   -0.0000
   4966.32    0.0000    0.0011   -0.0000
   4967.36    0.0000    0.0010   -0.0000
   4968.39    0.0000    0.0010   -0.0001
   4969.42    0.0000    0.0010   -0.0001
   4970.45    0.0000    0.0010   -0.0001
   4971.49    0.0000    0.0010   -0.0001
   4972.52    0.0000    0.0010   -0.0001
   4973.55    0.0000    0.0011   -0.0001
   4974.58    0.0000    0.0011   -0.0001
   4975.62    0.0000    0.0010   -0.0000
   4976.65    0.0000    0.0010   -0.0000
   4977.68    0.0000    0.0009   -0.0000
   4978.71    0.0000    0.0009   -0.0001
   4979.75    0.0000    0.0008   -0.0001
   4980.78    0.0000    0.0008   -0.0001
   4981.81    0.0000    0.0008   -0.0001
   4982.84    0.0000    0.0008   -0.0002
   4983.88    0.0000    0.0009   -0.0002
   4984.91    0.0000    0.0009   -0.0002
   4985.94    0.0000    0.0009   -0.0001
   4986.97    0.0000    0.0010   -0.0001
   4988.01    0.0000    0.0010   -0.0001
   4989.04    0.0000    0.0009   -0.0001
   4990.07    0.0000    0.0009   -0.0001
   4991.10    0.0000    0.0008   -0.0001
   4992.14    0.0000    0.0008   -0.0001
   4993.17    0.0000    0.0008   -0.0001
   4994.20    0.0000    0.0008   -0.0001
   4995.23    0.0000    0.0008   -0.0001
   4996.27    0.0000    0.0008   -0.0001
   4997.30    0.0000    0.0008   -0.0001
   4998.33    0.0000    0.0008   -0.0001
   4999.36    0.0000    0.0008   -0.0001
   5000.40    0.0000    0.0006    0.0001
   5001.43    0.0000    0.0003    0.0002
   5002.46    0.0000   -0.0001    0.0003
   5003.49    0.0000   -0.0005    0.0003
   5004.53    0.0000   -0.0007    0.0002
   5005.56    0.0000   -0.0008    0.0001
   5006.59    0.0000   -0.0007    0.0000
   5007.62    0.0000   -0.0005   -0.0001
   5008.66    0.0000   -0.0002   -0.0002
   5009.69    0.0000    0.0001   -0.0002
   5010.72    0.0000    0.0004   -0.0002
   5011.75    0.0000    0.0005   -0.0002
   5012.79    0.0000    0.0006   -0.0002
   5013.82    0.0000    0.0005   -0.0001
   5014.85    0.0000    0.0003   -0.0001
   5015.88    0.0000    0.0001    0.0000
   5016.92    0.0000   -0.0001    0.0001
   5017.95    0.0000   -0.0003    0.0001
   5018.98    0.0000   -0.0005    0.0001
   5020.01    0.0000   -0.0006    0.0001
   5021.05    0.0000   -0.0007    0.0000
   5022.08    0.0000   -0.0007   -0.0000
   5023.11    0.0000   -0.0006   -0.0001
   5024.14    0.0000   -0.0005   -0.0001
   5025.18    0.0000   -0.0003   -0.0001
   5026.21    0.0000   -0.0001   -0.0000
   5027.24    0.0000    0.0001    0.0001
   5028.27    0.0000    0.0002    0.0003
   5029.31    0.0000    0.0002    0.0004
   5030.34    0.0000    0.0002    0.0006
   5031.37    0.0000    0.0001    0.0007
   5032.40    0.0000   -0.0000    0.0008
   5033.44    0.0000   -0.0002    0.0007
   5034.47    0.0000   -0.0003    0.0006
   5035.50    0.0000   -0.0005    0.0003
   5036.53    0.0000   -0.0005    0.0001
   5037.57    0.0000   -0.0005   -0.0002
   5038.60    0.0000   -0.0003   -0.0004
   5039.63    0.0000   -0.0002   -0.0006
   5040.66    0.0000    0.0000   -0.0006
   5041.70    0.0000    0.0001   -0.0006
   5042.73    0.0000    0.0002   -0.0005
   5043.76    0.0000    0.0001   -0.0004
   5044.79    0.0000   -0.0000   -0.0003
   5045.83    0.0000   -0.0002   -0.0003
   5046.86    0.0000   -0.0003   -0.0003
   5047.89    0.0000   -0.0004   -0.0004
   5048.92    0.0000   -0.0003   -0.0005
   5049.96    0.0000   -0.0002   -0.0006
   5050.99    0.0000    0.0001   -0.0005
   5052.02    0.0000    0.0003   -0.0004
   5053.05    0.0000    0.0005   -0.0002
   5054.09    0.0000    0.0005   -0.0000
   5055.12    0.0000    0.0004    0.0002
   5056.15    0.0000    0.0002    0.0004
   5057.18    0.0000   -0.0000    0.0005
   5058.22    0.0000   -0.0003    0.0004
   5059.25    0.0000   -0.0005    0.0003
   5060.28    0.0000   -0.0005    0.0001
   5061.31    0.0000   -0.0005   -0.0001
   5062.35    0.0000   -0.0003   -0.0002
   5063.38    0.0000   -0.0000   -0.0002
   5064.41    0.0000    0.0003   -0.0002
   5065.44    0.0000    0.0005    0.0000
   5066.48    0.0000    0.0006    0.0002
   5067.51    0.0000    0.0006    0.0005
   5068.54    0.0000    0.0004    0.0006
   5069.57    0.0000    0.0001    0.0005
   5070.61    0.0000   -0.0001    0.0003
   5071.64    0.0000   -0.0003   -0.0001
   5072.67    0.0000   -0.0004   -0.0005
   5073.70    0.0000   -0.0003   -0.0008
   5074.74    0.0000   -0.0001   -0.0009
   5075.77    0.0000    0.0001   -0.0008
   5076.80    0.0000    0.0003   -0.0004
   5077.83    0.0000    0.0004    0.0002
   5078.87    0.0000    0.0003    0.0005
   5079.90    0.0000    0.0003    0.0006
   5080.93    0.0000    0.0001    0.0007
   5081.96    0.0000   -0.0000    0.0007
   5083.00    0.0000   -0.0002    0.0007
   5084.03    0.0000   -0.0004    0.0006
   5085.06    0.0000   -0.0006    0.0005
   5086.09    0.0000   -0.0007    0.0003
   5087.13    0.0000   -0.0008    0.0001
   5088.16    0.0000   -0.0009   -0.0000
   5089.19    0.0000   -0.0009   -0.0002
   5090.22    0.0000   -0.0008   -0.0003
   5091.26    0.0000   -0.0007   -0.0003
   5092.29    0.0000   -0.0006   -0.0003
   5093.32    0.0000   -0.0004   -0.0003
   5094.35    0.0000   -0.0002   -0.0002
   5095.39    0.0000   -0.0001   -0.0001
   5096.42    0.0000    0.0000   -0.0000
   5097.45    0.0000    0.0001    0.0000
   5098.48    0.0000    0.0001    0.0001
   5099.52    0.0000    0.0002    0.0002
   5100.55    0.0000    0.0002    0.0002
   5101.58    0.0000    0.0003    0.0003
   5102.61    0.0000    0.0003    0.0003
   5103.65    0.0000    0.0005    0.0003
   5104.68    0.0000    0.0006    0.0002
   5105.71    0.0000    0.0008    0.0002
   5106.74    0.0000    0.0009    0.0002
   5107.78    0.0000    0.0009    0.0001
   5108.81    0.0000    0.0009    0.0001
   5109.84    0.0000    0.0008    0.0002
   5110.87    0.0000    0.0006    0.0003
   5111.91    0.0000    0.0004    0.0004
   5112.94    0.0000    0.0002    0.0005
   5113.97    0.0000   -0.0001    0.0005
   5115.00    0.0000   -0.0003    0.0006
   5116.04    0.0000   -0.0004    0.0005
   5117.07    0.0000   -0.0005    0.0005
   5118.10    0.0000   -0.0005    0.0004
   5119.13    0.0000   -0.0004    0.0004
   5120.17    0.0000   -0.0003    0.0003
   5121.20    0.0000   -0.0001    0.0003
   5122.23    0.0000    0.0000    0.0003
   5123.26    0.0000    0.0001    0.0003
   5124.30    0.0000    0.0002    0.0003
   5125.33    0.0000    0.0002    0.0003
   5126.36    0.0000    0.0002    0.0003
   5127.39    0.0000    0.0000    0.0002
   5128.43    0.0000   -0.0001    0.0001
   5129.46    0.0000   -0.0004   -0.0000
   5130.49    0.0000   -0.0006   -0.0001
   5131.52    0.0000   -0.0008   -0.0002
   5132.56    0.0000   -0.0008   -0.0002
   5133.59    0.0000   -0.0008   -0.0002
   5134.62    0.0000   -0.0007   -0.0003
   5135.65    0.0000   -0.0004   -0.0003
   5136.69    0.0000   -0.0002   -0.0004
   5137.72    0.0000    0.0000   -0.0006
   5138.75    0.0000    0.0001   -0.0007
   5139.78    0.0000    0.0001   -0.0008
   5140.82    0.0000    0.0001   -0.0008
   5141.85    0.0000    0.0001   -0.0007
   5142.88    0.0000    0.0003   -0.0006
   5143.91    0.0000    0.0003   -0.0004
   5144.95    0.0000    0.0003   -0.0003
   5145.98    0.0000    0.0003   -0.0001
   5147.01    0.0000    0.0002    0.0001
   5148.04    0.0000    0.0001    0.0003
   5149.08    0.0000   -0.0001    0.0004
   5150.11    0.0000   -0.0003    0.0004
   5151.14    0.0000   -0.0005    0.0003
   5152.17    0.0000   -0.0007    0.0001
   5153.21    0.0000   -0.0008   -0.0001
   5154.24    0.0000   -0.0010   -0.0004
   5155.27    0.0000   -0.0011   -0.0006
   5156.30    0.0000   -0.0011   -0.0008
   5157.34    0.0000   -0.0011   -0.0010
   5158.37    0.0000   -0.0009   -0.0011
   5159.40    0.0000   -0.0007   -0.0011
   5160.43    0.0000   -0.0005   -0.0010
   5161.47    0.0000   -0.0003   -0.0009
   5162.50    0.0000   -0.0000   -0.0007
   5163.53    0.0000    0.0001   -0.0005
   5164.56    0.0000    0.0002   -0.0003
   5165.60    0.0000    0.0003   -0.0001
   5166.63    0.0000    0.0003    0.0000
   5167.66    0.0000    0.0002    0.0001
   5168.69    0.0000    0.0002    0.0002
   5169.73    0.0000    0.0001    0.0001
   5170.76    0.0000    0.0001    0.0001
   5171.79    0.0000    0.0001   -0.0001
   5172.82    0.0000    0.0001   -0.0002
   5173.86    0.0000    0.0000   -0.0004
   5174.89    0.0000   -0.0000   -0.0004
   5175.92    0.0000   -0.0001   -0.0004
   5176.95    0.0000   -0.0002   -0.0004
   5177.99    0.0000   -0.0002   -0.0003
   5179.02    0.0000   -0.0003   -0.0001
   5180.05    0.0000   -0.0003    0.0001
   5181.08    0.0000   -0.0003    0.0002
   5182.12    0.0000   -0.0003    0.0002
   5183.15    0.0000   -0.0002    0.0003
   5184.18    0.0000   -0.0001    0.0002
   5185.21    0.0000    0.0000    0.0002
   5186.25    0.0000    0.0001    0.0001
   5187.28    0.0000    0.0002    0.0001
   5188.31    0.0000    0.0002    0.0001
   5189.34    0.0000    0.0002    0.0001
   5190.38    0.0000    0.0002    0.0001
   5191.41    0.0000    0.0001    0.0000
   5192.44    0.0000    0.0000   -0.0000
   5193.47    0.0000   -0.0001   -0.0002
   5194.51    0.0000   -0.0001   -0.0003
   5195.54    0.0000   -0.0002   -0.0005
   5196.57    0.0000   -0.0002   -0.0006
   5197.60    0.0000   -0.0002   -0.0007
   5198.64    0.0000   -0.0002   -0.0007
   5199.67    0.0000   -0.0002   -0.0006
   5200.70    0.0000   -0.0002   -0.0005
   5201.73    0.0000   -0.0001   -0.0003
   5202.77    0.0000    0.0000   -0.0001
   5203.80    0.0000    0.0002    0.0000
   5204.83    0.0000    0.0002    0.0001
   5205.86    0.0000    0.0003    0.0003
   5206.90    0.0000    0.0003    0.0003
   5207.93    0.0000    0.0003    0.0004
   5208.96    0.0000    0.0001    0.0005
   5209.99    0.0000   -0.0000    0.0005
   5211.03    0.0000   -0.0002    0.0004
   5212.06    0.0000   -0.0004    0.0003
   5213.09    0.0000   -0.0005    0.0001
   5214.12    0.0000   -0.0005   -0.0001
