     #Time      Norm      Real      Imag
   3918.34    0.0000   -0.0000   -0.0000
   3918.34    0.0000   -0.0000   -0.0000
   3919.37    0.0000   -0.0000   -0.0000
   3920.40    0.0000   -0.0000   -0.0000
   3921.43    0.0000   -0.0000   -0.0000
   3922.47    0.0000   -0.0000   -0.0000
   3923.50    0.0000   -0.0000   -0.0000
   3924.53    0.0000   -0.0000   -0.0000
   3925.56    0.0000   -0.0000   -0.0000
   3926.60    0.0000   -0.0000   -0.0000
   3927.63    0.0000   -0.0000   -0.0000
   3928.66    0.0000   -0.0000   -0.0000
   3929.69    0.0000   -0.0000   -0.0000
   3930.73    0.0000   -0.0000   -0.0000
   3931.76    0.0000   -0.0000   -0.0000
   3932.79    0.0000   -0.0000   -0.0000
   3933.82    0.0000   -0.0000   -0.0000
   3934.86    0.0000   -0.0000   -0.0000
   3935.89    0.0000   -0.0000   -0.0000
   3936.92    0.0000   -0.0000   -0.0000
   3937.95    0.0000   -0.0000   -0.0000
   3938.99    0.0000   -0.0000   -0.0000
   3940.02    0.0000   -0.0000    0.0000
   3941.05    0.0000   -0.0000    0.0000
   3942.08    0.0000    0.0000    0.0000
   3943.12    0.0000    0.0000    0.0000
   3944.15    0.0000    0.0000    0.0000
   3945.18    0.0000    0.0000    0.0000
   3946.21    0.0000    0.0000    0.0000
   3947.25    0.0000    0.0000    0.0000
   3948.28    0.0000    0.0000    0.0000
   3949.31    0.0000    0.0000    0.0000
   3950.34    0.0000    0.0000    0.0000
   3951.38    0.0000    0.0000    0.0000
   3952.41    0.0000    0.0000    0.0000
   3953.44    0.0000    0.0000    0.0000
   3954.47    0.0000    0.0000    0.0000
   3955.51    0.0000    0.0000    0.0000
   3956.54    0.0000    0.0000    0.0000
   3957.57    0.0000    0.0000    0.0000
   3958.60    0.0000    0.0000    0.0000
   3959.64    0.0000    0.0000    0.0000
   3960.67    0.0000    0.0000    0.0000
   3961.70    0.0000    0.0000    0.0000
   3962.73    0.0000    0.0000    0.0000
   3963.77    0.0000    0.0000    0.0000
   3964.80    0.0000    0.0000    0.0000
   3965.83    0.0000    0.0000    0.0000
   3966.86    0.0000    0.0000    0.0000
   3967.90    0.0000    0.0000    0.0000
   3968.93    0.0000    0.0000    0.0000
   3969.96    0.0000    0.0000    0.0000
   3970.99    0.0000    0.0000    0.0000
   3972.03    0.0000    0.0000    0.0000
   3973.06    0.0000    0.0000    0.0000
   3974.09    0.0000    0.0000    0.0000
   3975.12    0.0000    0.0000    0.0000
   3976.16    0.0000    0.0000    0.0000
   3977.19    0.0000    0.0000    0.0000
   3978.22    0.0000    0.0000    0.0000
   3979.25    0.0000    0.0001    0.0000
   3980.29    0.0000    0.0001    0.0000
   3981.32    0.0000    0.0001    0.0000
   3982.35    0.0000    0.0001    0.0000
   3983.38    0.0000    0.0001    0.0001
   3984.42    0.0000    0.0001    0.0001
   3985.45    0.0000    0.0001    0.0001
   3986.48    0.0000    0.0001    0.0001
   3987.51    0.0000    0.0001    0.0001
   3988.55    0.0000    0.0001    0.0001
   3989.58    0.0000    0.0001    0.0001
   3990.61    0.0000    0.0001    0.0001
   3991.64    0.0000    0.0001    0.0001
   3992.68    0.0000    0.0001    0.0001
   3993.71    0.0000    0.0001    0.0001
   3994.74    0.0000    0.0001    0.0001
   3995.77    0.0000    0.0001    0.0001
   3996.81    0.0000    0.0001    0.0001
   3997.84    0.0000    0.0001    0.0001
   3998.87    0.0000    0.0001    0.0001
   3999.90    0.0000    0.0001    0.0001
   4000.94    0.0000    0.0001    0.0001
   4001.97    0.0000    0.0001    0.0001
   4003.00    0.0000    0.0001    0.0001
   4004.03    0.0000    0.0001    0.0001
   4005.07    0.0000    0.0001    0.0001
   4006.10    0.0000    0.0001    0.0001
   4007.13    0.0000    0.0001    0.0001
   4008.16    0.0000    0.0001    0.0001
   4009.20    0.0000    0.0001    0.0001
   4010.23    0.0000    0.0001    0.0001
   4011.26    0.0000    0.0001    0.0001
   4012.29    0.0000    0.0001    0.0001
   4013.33    0.0000    0.0001    0.0001
   4014.36    0.0000    0.0001    0.0001
   4015.39    0.0000    0.0001    0.0001
   4016.42    0.0000    0.0001    0.0001
   4017.46    0.0000    0.0001    0.0002
   4018.49    0.0000    0.0001    0.0002
   4019.52    0.0000    0.0001    0.0002
   4020.55    0.0000    0.0001    0.0002
   4021.59    0.0000    0.0002    0.0002
   4022.62    0.0000    0.0002    0.0002
   4023.65    0.0000    0.0002    0.0002
   4024.68    0.0000    0.0002    0.0002
   4025.72    0.0000    0.0002    0.0002
   4026.75    0.0000    0.0002    0.0002
   4027.78    0.0000    0.0002    0.0002
   4028.81    0.0000    0.0002    0.0002
   4029.85    0.0000    0.0002    0.0002
   4030.88    0.0000    0.0002    0.0002
   4031.91    0.0000    0.0002    0.0002
   4032.94    0.0000    0.0002    0.0002
   4033.98    0.0000    0.0002    0.0002
   4035.01    0.0000    0.0002    0.0002
   4036.04    0.0000    0.0002    0.0002
   4037.07    0.0000    0.0002    0.0002
   4038.11    0.0000    0.0002    0.0002
   4039.14    0.0000    0.0002    0.0002
   4040.17    0.0000    0.0002    0.0002
   4041.20    0.0000    0.0002    0.0003
   4042.24    0.0000    0.0002    0.0003
   4043.27    0.0000    0.0002    0.0003
   4044.30    0.0000    0.0002    0.0003
   4045.33    0.0000    0.0002    0.0003
   4046.37    0.0000    0.0002    0.0003
   4047.40    0.0000    0.0002    0.0003
   4048.43    0.0000    0.0002    0.0003
   4049.46    0.0000    0.0002    0.0003
   4050.50    0.0000    0.0002    0.0003
   4051.53    0.0000    0.0002    0.0003
   4052.56    0.0000    0.0002    0.0003
   4053.59    0.0000    0.0002    0.0003
   4054.63    0.0000    0.0002    0.0003
   4055.66    0.0000    0.0002    0.0003
   4056.69    0.0000    0.0002    0.0003
   4057.72    0.0000    0.0002    0.0003
   4058.76    0.0000    0.0002    0.0003
   4059.79    0.0000    0.0002    0.0003
   4060.82    0.0000    0.0002    0.0003
   4061.85    0.0000    0.0002    0.0004
   4062.89    0.0000    0.0002    0.0004
   4063.92    0.0000    0.0002    0.0004
   4064.95    0.0000    0.0002    0.0004
   4065.98    0.0000    0.0002    0.0004
   4067.02    0.0000    0.0002    0.0004
   4068.05    0.0000    0.0002    0.0004
   4069.08    0.0000    0.0002    0.0004
   4070.11    0.0000    0.0002    0.0004
   4071.15    0.0000    0.0002    0.0004
   4072.18    0.0000    0.0003    0.0004
   4073.21    0.0000    0.0003    0.0004
   4074.24    0.0000    0.0003    0.0004
   4075.28    0.0000    0.0003    0.0004
   4076.31    0.0000    0.0003    0.0004
   4077.34    0.0000    0.0003    0.0004
   4078.37    0.0000    0.0003    0.0004
   4079.41    0.0000    0.0003    0.0005
   4080.44    0.0000    0.0003    0.0005
   4081.47    0.0000    0.0003    0.0005
   4082.50    0.0000    0.0003    0.0005
   4083.54    0.0000    0.0003    0.0005
   4084.57    0.0000    0.0003    0.0005
   4085.60    0.0000    0.0003    0.0005
   4086.63    0.0000    0.0003    0.0005
   4087.67    0.0000    0.0003    0.0005
   4088.70    0.0000    0.0003    0.0005
   4089.73    0.0000    0.0003    0.0005
   4090.76    0.0000    0.0003    0.0005
   4091.80    0.0000    0.0003    0.0005
   4092.83    0.0000    0.0003    0.0005
   4093.86    0.0000    0.0003    0.0005
   4094.89    0.0000    0.0003    0.0005
   4095.93    0.0000    0.0003    0.0005
   4096.96    0.0000    0.0003    0.0006
   4097.99    0.0000    0.0003    0.0006
   4099.02    0.0000    0.0003    0.0006
   4100.06    0.0000    0.0003    0.0006
   4101.09    0.0000    0.0003    0.0006
   4102.12    0.0000    0.0003    0.0006
   4103.15    0.0000    0.0003    0.0006
   4104.19    0.0000    0.0003    0.0006
   4105.22    0.0000    0.0003    0.0006
   4106.25    0.0000    0.0003    0.0006
   4107.28    0.0000    0.0003    0.0006
   4108.32    0.0000    0.0003    0.0006
   4109.35    0.0000    0.0003    0.0006
   4110.38    0.0000    0.0003    0.0006
   4111.41    0.0000    0.0003    0.0006
   4112.45    0.0000    0.0003    0.0007
   4113.48    0.0000    0.0003    0.0007
   4114.51    0.0000    0.0003    0.0007
   4115.54    0.0000    0.0003    0.0007
   4116.58    0.0000    0.0003    0.0007
   4117.61    0.0000    0.0003    0.0007
   4118.64    0.0000    0.0003    0.0007
   4119.67    0.0000    0.0003    0.0007
   4120.71    0.0000    0.0003    0.0007
   4121.74    0.0000    0.0003    0.0007
   4122.77    0.0000    0.0003    0.0007
   4123.80    0.0000    0.0003    0.0007
   4124.84    0.0000    0.0003    0.0007
   4125.87    0.0000    0.0003    0.0007
   4126.90    0.0000    0.0003    0.0007
   4127.93    0.0000    0.0003    0.0008
   4128.97    0.0000    0.0003    0.0008
   4130.00    0.0000    0.0003    0.0008
   4131.03    0.0000    0.0003    0.0008
   4132.06    0.0000    0.0003    0.0008
   4133.10    0.0000    0.0003    0.0008
   4134.13    0.0000    0.0003    0.0008
   4135.16    0.0000    0.0003    0.0008
   4136.19    0.0000    0.0003    0.0008
   4137.23    0.0000    0.0003    0.0008
   4138.26    0.0000    0.0003    0.0008
   4139.29    0.0000    0.0003    0.0008
   4140.32    0.0000    0.0003    0.0008
   4141.36    0.0000    0.0003    0.0008
   4142.39    0.0000    0.0003    0.0009
   4143.42    0.0000    0.0003    0.0009
   4144.45    0.0000    0.0003    0.0009
   4145.49    0.0000    0.0003    0.0009
   4146.52    0.0000    0.0003    0.0009
   4147.55    0.0000    0.0003    0.0009
   4148.58    0.0000    0.0003    0.0009
   4149.62    0.0000    0.0003    0.0009
   4150.65    0.0000    0.0003    0.0009
   4151.68    0.0000    0.0002    0.0009
   4152.71    0.0000    0.0002    0.0009
   4153.75    0.0000    0.0002    0.0009
   4154.78    0.0000    0.0002    0.0009
   4155.81    0.0000    0.0002    0.0009
   4156.84    0.0000    0.0002    0.0010
   4157.88    0.0000    0.0002    0.0010
   4158.91    0.0000    0.0002    0.0010
   4159.94    0.0000    0.0002    0.0010
   4160.97    0.0000    0.0002    0.0010
   4162.01    0.0000    0.0002    0.0010
   4163.04    0.0000    0.0002    0.0010
   4164.07    0.0000    0.0002    0.0010
   4165.10    0.0000    0.0002    0.0010
   4166.14    0.0000    0.0002    0.0010
   4167.17    0.0000    0.0002    0.0010
   4168.20    0.0000    0.0002    0.0010
   4169.23    0.0000    0.0002    0.0010
   4170.27    0.0000    0.0002    0.0011
   4171.30    0.0000    0.0002    0.0011
   4172.33    0.0000    0.0002    0.0011
   4173.36    0.0000    0.0002    0.0011
   4174.40    0.0000    0.0002    0.0011
   4175.43    0.0000    0.0002    0.0011
   4176.46    0.0000    0.0002    0.0011
   4177.49    0.0000    0.0002    0.0011
   4178.53    0.0000    0.0002    0.0011
   4179.56    0.0000    0.0002    0.0011
   4180.59    0.0000    0.0002    0.0011
   4181.62    0.0000    0.0002    0.0011
   4182.66    0.0000    0.0002    0.0011
   4183.69    0.0000    0.0002    0.0011
   4184.72    0.0000    0.0002    0.0012
   4185.75    0.0000    0.0002    0.0012
   4186.79    0.0000    0.0002    0.0012
   4187.82    0.0000    0.0002    0.0012
   4188.85    0.0000    0.0002    0.0012
   4189.88    0.0000    0.0002    0.0012
   4190.92    0.0000    0.0002    0.0012
   4191.95    0.0000    0.0002    0.0012
   4192.98    0.0000    0.0002    0.0012
   4194.01    0.0000    0.0002    0.0012
   4195.05    0.0000    0.0002    0.0012
   4196.08    0.0000    0.0002    0.0012
   4197.11    0.0000    0.0002    0.0012
   4198.14    0.0000    0.0002    0.0012
   4199.18    0.0000    0.0002    0.0013
   4200.21    0.0000    0.0002    0.0013
   4201.24    0.0000    0.0002    0.0013
   4202.27    0.0000    0.0002    0.0013
   4203.31    0.0000    0.0002    0.0013
   4204.34    0.0000    0.0001    0.0013
   4205.37    0.0000    0.0001    0.0013
   4206.40    0.0000    0.0001    0.0013
   4207.44    0.0000    0.0001    0.0013
   4208.47    0.0000    0.0001    0.0013
   4209.50    0.0000    0.0001    0.0013
   4210.53    0.0000    0.0001    0.0013
   4211.57    0.0000    0.0001    0.0013
   4212.60    0.0000    0.0001    0.0013
   4213.63    0.0000    0.0001    0.0014
   4214.66    0.0000    0.0001    0.0014
   4215.70    0.0000    0.0001    0.0014
   4216.73    0.0000    0.0001    0.0014
   4217.76    0.0000    0.0001    0.0014
   4218.79    0.0000    0.0001    0.0014
   4219.83    0.0000    0.0001    0.0014
   4220.86    0.0000    0.0001    0.0014
   4221.89    0.0000    0.0001    0.0014
   4222.92    0.0000    0.0001    0.0014
   4223.96    0.0000    0.0001    0.0014
   4224.99    0.0000    0.0001    0.0014
   4226.02    0.0000    0.0001    0.0014
   4227.05    0.0000    0.0001    0.0014
   4228.09    0.0000    0.0001    0.0014
   4229.12    0.0000    0.0001    0.0014
   4230.15    0.0000    0.0001    0.0015
   4231.18    0.0000    0.0001    0.0015
   4232.22    0.0000    0.0001    0.0015
   4233.25    0.0000    0.0001    0.0015
   4234.28    0.0000    0.0001    0.0015
   4235.31    0.0000    0.0001    0.0015
   4236.35    0.0000    0.0000    0.0015
   4237.38    0.0000    0.0000    0.0015
   4238.41    0.0000    0.0000    0.0015
   4239.44    0.0000    0.0000    0.0015
   4240.48    0.0000    0.0000    0.0015
   4241.51    0.0000    0.0000    0.0015
   4242.54    0.0000    0.0000    0.0015
   4243.57    0.0000    0.0000    0.0015
   4244.61    0.0000    0.0000    0.0015
   4245.64    0.0000    0.0000    0.0015
   4246.67    0.0000    0.0000    0.0015
   4247.70    0.0000    0.0000    0.0015
   4248.74    0.0000   -0.0000    0.0016
   4249.77    0.0000   -0.0000    0.0016
   4250.80    0.0000   -0.0000    0.0016
   4251.83    0.0000   -0.0000    0.0016
   4252.87    0.0000   -0.0000    0.0016
   4253.90    0.0000   -0.0000    0.0016
   4254.93    0.0000   -0.0000    0.0016
   4255.96    0.0000   -0.0000    0.0016
   4257.00    0.0000   -0.0000    0.0016
   4258.03    0.0000   -0.0000    0.0016
   4259.06    0.0000   -0.0000    0.0016
   4260.09    0.0000   -0.0000    0.0016
   4261.13    0.0000   -0.0001    0.0016
   4262.16    0.0000   -0.0001    0.0016
   4263.19    0.0000   -0.0001    0.0016
   4264.22    0.0000   -0.0001    0.0016
   4265.26    0.0000   -0.0001    0.0016
   4266.29    0.0000   -0.0001    0.0016
   4267.32    0.0000   -0.0001    0.0016
   4268.35    0.0000   -0.0001    0.0016
   4269.39    0.0000   -0.0001    0.0016
   4270.42    0.0000   -0.0001    0.0016
   4271.45    0.0000   -0.0001    0.0016
   4272.48    0.0000   -0.0001    0.0016
   4273.52    0.0000   -0.0001    0.0016
   4274.55    0.0000   -0.0001    0.0017
   4275.58    0.0000   -0.0001    0.0017
   4276.61    0.0000   -0.0001    0.0017
   4277.65    0.0000   -0.0001    0.0017
   4278.68    0.0000   -0.0001    0.0017
   4279.71    0.0000   -0.0001    0.0017
   4280.74    0.0000   -0.0001    0.0017
   4281.78    0.0000   -0.0001    0.0017
   4282.81    0.0000   -0.0001    0.0017
   4283.84    0.0000   -0.0002    0.0017
   4284.87    0.0000   -0.0002    0.0017
   4285.91    0.0000   -0.0002    0.0017
   4286.94    0.0000   -0.0002    0.0017
   4287.97    0.0000   -0.0002    0.0017
   4289.00    0.0000   -0.0002    0.0017
   4290.04    0.0000   -0.0002    0.0017
   4291.07    0.0000   -0.0002    0.0017
   4292.10    0.0000   -0.0002    0.0017
   4293.13    0.0000   -0.0002    0.0017
   4294.17    0.0000   -0.0002    0.0017
   4295.20    0.0000   -0.0002    0.0017
   4296.23    0.0000   -0.0002    0.0017
   4297.26    0.0000   -0.0002    0.0017
   4298.30    0.0000   -0.0002    0.0017
   4299.33    0.0000   -0.0002    0.0017
   4300.36    0.0000   -0.0002    0.0017
   4301.39    0.0000   -0.0002    0.0017
   4302.43    0.0000   -0.0002    0.0017
   4303.46    0.0000   -0.0002    0.0017
   4304.49    0.0000   -0.0002    0.0017
   4305.52    0.0000   -0.0003    0.0017
   4306.56    0.0000   -0.0003    0.0017
   4307.59    0.0000   -0.0003    0.0017
   4308.62    0.0000   -0.0003    0.0017
   4309.65    0.0000   -0.0003    0.0017
   4310.69    0.0000   -0.0003    0.0017
   4311.72    0.0000   -0.0003    0.0017
   4312.75    0.0000   -0.0003    0.0017
   4313.78    0.0000   -0.0003    0.0017
   4314.82    0.0000   -0.0003    0.0017
   4315.85    0.0000   -0.0003    0.0017
   4316.88    0.0000   -0.0003    0.0017
   4317.91    0.0000   -0.0003    0.0017
   4318.95    0.0000   -0.0003    0.0017
   4319.98    0.0000   -0.0003    0.0017
   4321.01    0.0000   -0.0003    0.0017
   4322.04    0.0000   -0.0003    0.0017
   4323.08    0.0000   -0.0003    0.0017
   4324.11    0.0000   -0.0003    0.0017
   4325.14    0.0000   -0.0003    0.0017
   4326.17    0.0000   -0.0003    0.0017
   4327.21    0.0000   -0.0003    0.0017
   4328.24    0.0000   -0.0004    0.0017
   4329.27    0.0000   -0.0004    0.0017
   4330.30    0.0000   -0.0004    0.0017
   4331.34    0.0000   -0.0004    0.0017
   4332.37    0.0000   -0.0004    0.0017
   4333.40    0.0000   -0.0004    0.0017
   4334.43    0.0000   -0.0004    0.0017
   4335.47    0.0000   -0.0004    0.0017
   4336.50    0.0000   -0.0004    0.0017
   4337.53    0.0000   -0.0004    0.0017
   4338.56    0.0000   -0.0004    0.0017
   4339.60    0.0000   -0.0004    0.0017
   4340.63    0.0000   -0.0004    0.0017
   4341.66    0.0000   -0.0004    0.0017
   4342.69    0.0000   -0.0004    0.0017
   4343.73    0.0000   -0.0004    0.0017
   4344.76    0.0000   -0.0004    0.0017
   4345.79    0.0000   -0.0004    0.0017
   4346.82    0.0000   -0.0004    0.0017
   4347.86    0.0000   -0.0004    0.0017
   4348.89    0.0000   -0.0004    0.0017
   4349.92    0.0000   -0.0004    0.0017
   4350.95    0.0000   -0.0004    0.0017
   4351.99    0.0000   -0.0004    0.0017
   4353.02    0.0000   -0.0004    0.0017
   4354.05    0.0000   -0.0005    0.0017
   4355.08    0.0000   -0.0005    0.0017
   4356.12    0.0000   -0.0005    0.0017
   4357.15    0.0000   -0.0005    0.0017
   4358.18    0.0000   -0.0005    0.0017
   4359.21    0.0000   -0.0005    0.0017
   4360.25    0.0000   -0.0005    0.0017
   4361.28    0.0000   -0.0005    0.0017
   4362.31    0.0000   -0.0005    0.0016
   4363.34    0.0000   -0.0005    0.0016
   4364.38    0.0000   -0.0005    0.0016
   4365.41    0.0000   -0.0005    0.0016
   4366.44    0.0000   -0.0005    0.0016
   4367.47    0.0000   -0.0005    0.0016
   4368.51    0.0000   -0.0005    0.0016
   4369.54    0.0000   -0.0005    0.0016
   4370.57    0.0000   -0.0005    0.0016
   4371.60    0.0000   -0.0005    0.0016
   4372.64    0.0000   -0.0005    0.0016
   4373.67    0.0000   -0.0005    0.0016
   4374.70    0.0000   -0.0005    0.0016
   4375.73    0.0000   -0.0005    0.0016
   4376.77    0.0000   -0.0005    0.0016
   4377.80    0.0000   -0.0005    0.0016
   4378.83    0.0000   -0.0005    0.0016
   4379.86    0.0000   -0.0005    0.0016
   4380.90    0.0000   -0.0005    0.0016
   4381.93    0.0000   -0.0005    0.0016
   4382.96    0.0000   -0.0005    0.0016
   4383.99    0.0000   -0.0005    0.0016
   4385.03    0.0000   -0.0005    0.0016
   4386.06    0.0000   -0.0005    0.0016
   4387.09    0.0000   -0.0005    0.0016
   4388.12    0.0000   -0.0005    0.0016
   4389.16    0.0000   -0.0005    0.0016
   4390.19    0.0000   -0.0005    0.0016
   4391.22    0.0000   -0.0005    0.0016
   4392.25    0.0000   -0.0006    0.0016
   4393.29    0.0000   -0.0006    0.0016
   4394.32    0.0000   -0.0006    0.0016
   4395.35    0.0000   -0.0006    0.0016
   4396.38    0.0000   -0.0006    0.0016
   4397.42    0.0000   -0.0006    0.0016
   4398.45    0.0000   -0.0006    0.0016
   4399.48    0.0000   -0.0006    0.0016
   4400.51    0.0000   -0.0006    0.0015
   4401.55    0.0000   -0.0006    0.0015
   4402.58    0.0000   -0.0006    0.0015
   4403.61    0.0000   -0.0006    0.0015
   4404.64    0.0000   -0.0006    0.0015
   4405.68    0.0000   -0.0006    0.0015
   4406.71    0.0000   -0.0006    0.0015
   4407.74    0.0000   -0.0006    0.0015
   4408.77    0.0000   -0.0006    0.0015
   4409.81    0.0000   -0.0006    0.0015
   4410.84    0.0000   -0.0006    0.0015
   4411.87    0.0000   -0.0006    0.0015
   4412.90    0.0000   -0.0006    0.0015
   4413.94    0.0000   -0.0006    0.0015
   4414.97    0.0000   -0.0006    0.0015
   4416.00    0.0000   -0.0006    0.0015
   4417.03    0.0000   -0.0006    0.0015
   4418.07    0.0000   -0.0006    0.0015
   4419.10    0.0000   -0.0006    0.0015
   4420.13    0.0000   -0.0006    0.0015
   4421.16    0.0000   -0.0006    0.0015
   4422.20    0.0000   -0.0006    0.0015
   4423.23    0.0000   -0.0006    0.0015
   4424.26    0.0000   -0.0006    0.0015
   4425.29    0.0000   -0.0006    0.0015
   4426.33    0.0000   -0.0006    0.0015
   4427.36    0.0000   -0.0006    0.0015
   4428.39    0.0000   -0.0006    0.0015
   4429.42    0.0000   -0.0006    0.0015
   4430.46    0.0000   -0.0006    0.0015
   4431.49    0.0000   -0.0006    0.0015
   4432.52    0.0000   -0.0006    0.0015
   4433.55    0.0000   -0.0006    0.0014
   4434.59    0.0000   -0.0006    0.0014
   4435.62    0.0000   -0.0006    0.0014
   4436.65    0.0000   -0.0006    0.0014
   4437.68    0.0000   -0.0006    0.0014
   4438.72    0.0000   -0.0006    0.0014
   4439.75    0.0000   -0.0006    0.0014
   4440.78    0.0000   -0.0006    0.0014
   4441.81    0.0000   -0.0006    0.0014
   4442.85    0.0000   -0.0006    0.0014
   4443.88    0.0000   -0.0006    0.0014
   4444.91    0.0000   -0.0006    0.0014
   4445.94    0.0000   -0.0006    0.0014
   4446.98    0.0000   -0.0006    0.0014
   4448.01    0.0000   -0.0006    0.0014
   4449.04    0.0000   -0.0006    0.0014
   4450.07    0.0000   -0.0006    0.0014
   4451.11    0.0000   -0.0006    0.0014
   4452.14    0.0000   -0.0006    0.0014
   4453.17    0.0000   -0.0005    0.0014
   4454.20    0.0000   -0.0005    0.0014
   4455.24    0.0000   -0.0005    0.0014
   4456.27    0.0000   -0.0005    0.0014
   4457.30    0.0000   -0.0005    0.0014
   4458.33    0.0000   -0.0005    0.0014
   4459.37    0.0000   -0.0005    0.0014
   4460.40    0.0000   -0.0005    0.0014
   4461.43    0.0000   -0.0005    0.0014
   4462.46    0.0000   -0.0005    0.0014
   4463.50    0.0000   -0.0005    0.0014
   4464.53    0.0000   -0.0005    0.0014
   4465.56    0.0000   -0.0005    0.0014
   4466.59    0.0000   -0.0005    0.0013
   4467.63    0.0000   -0.0005    0.0013
   4468.66    0.0000   -0.0005    0.0013
   4469.69    0.0000   -0.0005    0.0013
   4470.72    0.0000   -0.0005    0.0013
   4471.76    0.0000   -0.0005    0.0013
   4472.79    0.0000   -0.0005    0.0013
   4473.82    0.0000   -0.0005    0.0013
   4474.85    0.0000   -0.0005    0.0013
   4475.89    0.0000   -0.0005    0.0013
   4476.92    0.0000   -0.0005    0.0013
   4477.95    0.0000   -0.0005    0.0013
   4478.98    0.0000   -0.0005    0.0013
   4480.02    0.0000   -0.0005    0.0013
   4481.05    0.0000   -0.0005    0.0013
   4482.08    0.0000   -0.0005    0.0013
   4483.11    0.0000   -0.0005    0.0013
   4484.15    0.0000   -0.0005    0.0013
   4485.18    0.0000   -0.0005    0.0013
   4486.21    0.0000   -0.0005    0.0013
   4487.24    0.0000   -0.0005    0.0013
   4488.28    0.0000   -0.0005    0.0013
   4489.31    0.0000   -0.0005    0.0013
   4490.34    0.0000   -0.0005    0.0013
   4491.37    0.0000   -0.0005    0.0013
   4492.41    0.0000   -0.0004    0.0013
   4493.44    0.0000   -0.0004    0.0013
   4494.47    0.0000   -0.0004    0.0013
   4495.50    0.0000   -0.0004    0.0013
   4496.54    0.0000   -0.0004    0.0013
   4497.57    0.0000   -0.0004    0.0013
   4498.60    0.0000   -0.0004    0.0013
   4499.63    0.0000   -0.0004    0.0013
   4500.67    0.0000   -0.0004    0.0013
   4501.70    0.0000   -0.0004    0.0013
   4502.73    0.0000   -0.0004    0.0013
   4503.76    0.0000   -0.0004    0.0013
   4504.80    0.0000   -0.0004    0.0013
   4505.83    0.0000   -0.0004    0.0013
   4506.86    0.0000   -0.0004    0.0013
   4507.89    0.0000   -0.0004    0.0013
   4508.93    0.0000   -0.0004    0.0013
   4509.96    0.0000   -0.0004    0.0013
   4510.99    0.0000   -0.0004    0.0013
   4512.02    0.0000   -0.0004    0.0012
   4513.06    0.0000   -0.0004    0.0012
   4514.09    0.0000   -0.0004    0.0012
   4515.12    0.0000   -0.0004    0.0012
   4516.15    0.0000   -0.0004    0.0012
   4517.19    0.0000   -0.0004    0.0012
   4518.22    0.0000   -0.0004    0.0012
   4519.25    0.0000   -0.0004    0.0012
   4520.28    0.0000   -0.0004    0.0012
   4521.32    0.0000   -0.0003    0.0012
   4522.35    0.0000   -0.0003    0.0012
   4523.38    0.0000   -0.0003    0.0012
   4524.41    0.0000   -0.0003    0.0012
   4525.45    0.0000   -0.0003    0.0012
   4526.48    0.0000   -0.0003    0.0012
   4527.51    0.0000   -0.0003    0.0012
   4528.54    0.0000   -0.0003    0.0012
   4529.58    0.0000   -0.0003    0.0012
   4530.61    0.0000   -0.0003    0.0012
   4531.64    0.0000   -0.0003    0.0012
   4532.67    0.0000   -0.0003    0.0012
   4533.71    0.0000   -0.0003    0.0012
   4534.74    0.0000   -0.0003    0.0012
   4535.77    0.0000   -0.0003    0.0012
   4536.80    0.0000   -0.0003    0.0012
   4537.84    0.0000   -0.0003    0.0012
   4538.87    0.0000   -0.0003    0.0012
   4539.90    0.0000   -0.0003    0.0012
   4540.93    0.0000   -0.0003    0.0012
   4541.97    0.0000   -0.0003    0.0012
   4543.00    0.0000   -0.0003    0.0012
   4544.03    0.0000   -0.0003    0.0012
   4545.06    0.0000   -0.0003    0.0012
   4546.10    0.0000   -0.0003    0.0012
   4547.13    0.0000   -0.0003    0.0012
   4548.16    0.0000   -0.0003    0.0012
   4549.19    0.0000   -0.0003    0.0012
   4550.23    0.0000   -0.0002    0.0012
   4551.26    0.0000   -0.0002    0.0012
   4552.29    0.0000   -0.0002    0.0012
   4553.32    0.0000   -0.0002    0.0012
   4554.36    0.0000   -0.0002    0.0012
   4555.39    0.0000   -0.0002    0.0012
   4556.42    0.0000   -0.0002    0.0012
   4557.45    0.0000   -0.0002    0.0012
   4558.49    0.0000   -0.0002    0.0012
   4559.52    0.0000   -0.0002    0.0012
   4560.55    0.0000   -0.0002    0.0012
   4561.58    0.0000   -0.0002    0.0012
   4562.62    0.0000   -0.0002    0.0012
   4563.65    0.0000   -0.0002    0.0012
   4564.68    0.0000   -0.0002    0.0012
   4565.71    0.0000   -0.0002    0.0012
   4566.75    0.0000   -0.0002    0.0012
   4567.78    0.0000   -0.0002    0.0012
   4568.81    0.0000   -0.0002    0.0012
   4569.84    0.0000   -0.0002    0.0012
   4570.88    0.0000   -0.0002    0.0012
   4571.91    0.0000   -0.0002    0.0012
   4572.94    0.0000   -0.0002    0.0012
   4573.97    0.0000   -0.0002    0.0012
   4575.01    0.0000   -0.0002    0.0012
   4576.04    0.0000   -0.0002    0.0012
   4577.07    0.0000   -0.0002    0.0013
   4578.10    0.0000   -0.0002    0.0013
   4579.14    0.0000   -0.0002    0.0013
   4580.17    0.0000   -0.0002    0.0013
   4581.20    0.0000   -0.0002    0.0013
   4582.23    0.0000   -0.0002    0.0013
   4583.27    0.0000   -0.0002    0.0013
   4584.30    0.0000   -0.0002    0.0013
   4585.33    0.0000   -0.0002    0.0013
   4586.36    0.0000   -0.0002    0.0013
   4587.40    0.0000   -0.0001    0.0013
   4588.43    0.0000   -0.0001    0.0013
   4589.46    0.0000   -0.0001    0.0013
   4590.49    0.0000   -0.0001    0.0013
   4591.53    0.0000   -0.0001    0.0013
   4592.56    0.0000   -0.0001    0.0013
   4593.59    0.0000   -0.0001    0.0013
   4594.62    0.0000   -0.0001    0.0013
   4595.66    0.0000   -0.0001    0.0013
   4596.69    0.0000   -0.0001    0.0013
   4597.72    0.0000   -0.0001    0.0013
   4598.75    0.0000   -0.0001    0.0013
   4599.79    0.0000   -0.0001    0.0013
   4600.82    0.0000   -0.0001    0.0013
   4601.85    0.0000   -0.0001    0.0013
   4602.88    0.0000   -0.0001    0.0013
   4603.92    0.0000   -0.0001    0.0013
   4604.95    0.0000   -0.0001    0.0013
   4605.98    0.0000   -0.0001    0.0013
   4607.01    0.0000   -0.0001    0.0013
   4608.05    0.0000   -0.0001    0.0013
   4609.08    0.0000   -0.0001    0.0013
   4610.11    0.0000   -0.0001    0.0013
   4611.14    0.0000   -0.0001    0.0013
   4612.18    0.0000   -0.0001    0.0013
   4613.21    0.0000   -0.0001    0.0013
   4614.24    0.0000   -0.0001    0.0013
   4615.27    0.0000   -0.0001    0.0013
   4616.31    0.0000   -0.0001    0.0013
   4617.34    0.0000   -0.0001    0.0013
   4618.37    0.0000   -0.0001    0.0013
   4619.40    0.0000   -0.0001    0.0013
   4620.44    0.0000   -0.0001    0.0013
   4621.47    0.0000   -0.0001    0.0013
   4622.50    0.0000   -0.0001    0.0013
   4623.53    0.0000   -0.0001    0.0013
   4624.57    0.0000   -0.0001    0.0013
   4625.60    0.0000   -0.0001    0.0013
   4626.63    0.0000   -0.0001    0.0013
   4627.66    0.0000   -0.0001    0.0013
   4628.70    0.0000   -0.0001    0.0013
   4629.73    0.0000   -0.0001    0.0013
   4630.76    0.0000   -0.0001    0.0013
   4631.79    0.0000   -0.0001    0.0013
   4632.83    0.0000   -0.0001    0.0013
   4633.86    0.0000   -0.0001    0.0013
   4634.89    0.0000   -0.0001    0.0013
   4635.92    0.0000   -0.0001    0.0013
   4636.96    0.0000   -0.0001    0.0013
   4637.99    0.0000   -0.0001    0.0013
   4639.02    0.0000   -0.0001    0.0013
   4640.05    0.0000   -0.0001    0.0013
   4641.09    0.0000   -0.0001    0.0013
   4642.12    0.0000   -0.0001    0.0013
   4643.15    0.0000   -0.0001    0.0013
   4644.18    0.0000   -0.0001    0.0013
   4645.22    0.0000   -0.0001    0.0013
   4646.25    0.0000   -0.0001    0.0013
   4647.28    0.0000   -0.0001    0.0013
   4648.31    0.0000   -0.0001    0.0013
   4649.35    0.0000   -0.0001    0.0013
   4650.38    0.0000   -0.0001    0.0013
   4651.41    0.0000   -0.0001    0.0013
   4652.44    0.0000   -0.0001    0.0013
   4653.48    0.0000   -0.0001    0.0013
   4654.51    0.0000   -0.0001    0.0013
   4655.54    0.0000   -0.0001    0.0013
   4656.57    0.0000   -0.0001    0.0013
   4657.61    0.0000   -0.0001    0.0013
   4658.64    0.0000   -0.0001    0.0013
   4659.67    0.0000   -0.0001    0.0013
   4660.70    0.0000   -0.0001    0.0013
   4661.74    0.0000   -0.0001    0.0013
   4662.77    0.0000   -0.0001    0.0013
   4663.80    0.0000   -0.0001    0.0013
   4664.83    0.0000   -0.0001    0.0013
   4665.87    0.0000   -0.0001    0.0013
   4666.90    0.0000   -0.0001    0.0013
   4667.93    0.0000   -0.0001    0.0013
   4668.96    0.0000   -0.0001    0.0013
   4670.00    0.0000   -0.0001    0.0013
   4671.03    0.0000   -0.0001    0.0013
   4672.06    0.0000   -0.0001    0.0013
   4673.09    0.0000   -0.0001    0.0013
   4674.13    0.0000   -0.0001    0.0013
   4675.16    0.0000   -0.0001    0.0013
   4676.19    0.0000   -0.0001    0.0013
   4677.22    0.0000   -0.0001    0.0013
   4678.26    0.0000   -0.0000    0.0013
   4679.29    0.0000   -0.0000    0.0013
   4680.32    0.0000   -0.0000    0.0013
   4681.35    0.0000   -0.0000    0.0013
   4682.39    0.0000   -0.0000    0.0013
   4683.42    0.0000   -0.0000    0.0013
   4684.45    0.0000   -0.0000    0.0013
   4685.48    0.0000   -0.0000    0.0013
   4686.52    0.0000   -0.0000    0.0013
   4687.55    0.0000   -0.0000    0.0013
   4688.58    0.0000   -0.0000    0.0013
   4689.61    0.0000   -0.0000    0.0013
   4690.65    0.0000   -0.0000    0.0013
   4691.68    0.0000   -0.0000    0.0013
   4692.71    0.0000   -0.0000    0.0013
   4693.74    0.0000   -0.0000    0.0013
   4694.78    0.0000   -0.0000    0.0013
   4695.81    0.0000   -0.0000    0.0013
   4696.84    0.0000   -0.0000    0.0013
   4697.87    0.0000   -0.0000    0.0013
   4698.91    0.0000   -0.0000    0.0013
   4699.94    0.0000   -0.0000    0.0013
   4700.97    0.0000   -0.0000    0.0014
   4702.00    0.0000   -0.0000    0.0014
   4703.04    0.0000   -0.0000    0.0014
   4704.07    0.0000   -0.0000    0.0014
   4705.10    0.0000   -0.0000    0.0014
   4706.13    0.0000   -0.0000    0.0014
   4707.17    0.0000   -0.0001    0.0014
   4708.20    0.0000   -0.0001    0.0014
   4709.23    0.0000   -0.0001    0.0014
   4710.26    0.0000   -0.0001    0.0014
   4711.30    0.0000   -0.0001    0.0014
   4712.33    0.0000   -0.0001    0.0014
   4713.36    0.0000   -0.0001    0.0014
   4714.39    0.0000   -0.0001    0.0014
   4715.43    0.0000   -0.0001    0.0014
   4716.46    0.0000   -0.0001    0.0014
   4717.49    0.0000   -0.0000    0.0014
   4718.52    0.0000   -0.0000    0.0014
   4719.56    0.0000   -0.0000    0.0014
   4720.59    0.0000   -0.0000    0.0014
   4721.62    0.0000   -0.0000    0.0014
   4722.65    0.0000   -0.0000    0.0014
   4723.69    0.0000   -0.0000    0.0014
   4724.72    0.0000   -0.0000    0.0014
   4725.75    0.0000   -0.0000    0.0014
   4726.78    0.0000   -0.0000    0.0014
   4727.82    0.0000   -0.0000    0.0014
   4728.85    0.0000   -0.0000    0.0014
   4729.88    0.0000   -0.0000    0.0014
   4730.91    0.0000    0.0000    0.0014
   4731.95    0.0000    0.0000    0.0014
   4732.98    0.0000    0.0000    0.0014
   4734.01    0.0000    0.0000    0.0014
   4735.04    0.0000    0.0000    0.0014
   4736.08    0.0000    0.0000    0.0014
   4737.11    0.0000    0.0000    0.0014
   4738.14    0.0000    0.0000    0.0014
   4739.17    0.0000    0.0000    0.0014
   4740.21    0.0000    0.0000    0.0014
   4741.24    0.0000    0.0000    0.0014
   4742.27    0.0000    0.0000    0.0014
   4743.30    0.0000    0.0000    0.0014
   4744.34    0.0000    0.0000    0.0014
   4745.37    0.0000    0.0000    0.0014
   4746.40    0.0000    0.0000    0.0014
   4747.43    0.0000    0.0000    0.0014
   4748.47    0.0000    0.0000    0.0014
   4749.50    0.0000    0.0000    0.0014
   4750.53    0.0000    0.0000    0.0014
   4751.56    0.0000    0.0000    0.0014
   4752.60    0.0000    0.0000    0.0014
   4753.63    0.0000    0.0000    0.0014
   4754.66    0.0000    0.0000    0.0014
   4755.69    0.0000    0.0000    0.0014
   4756.73    0.0000    0.0000    0.0014
   4757.76    0.0000    0.0000    0.0014
   4758.79    0.0000    0.0000    0.0014
   4759.82    0.0000    0.0000    0.0014
   4760.86    0.0000    0.0000    0.0014
   4761.89    0.0000    0.0000    0.0014
   4762.92    0.0000    0.0000    0.0014
   4763.95    0.0000    0.0000    0.0014
   4764.99    0.0000    0.0000    0.0014
   4766.02    0.0000    0.0000    0.0014
   4767.05    0.0000    0.0000    0.0014
   4768.08    0.0000    0.0000    0.0014
   4769.12    0.0000    0.0000    0.0014
   4770.15    0.0000    0.0000    0.0014
   4771.18    0.0000    0.0000    0.0014
   4772.21    0.0000    0.0000    0.0014
   4773.25    0.0000    0.0000    0.0014
   4774.28    0.0000    0.0000    0.0014
   4775.31    0.0000    0.0000    0.0014
   4776.34    0.0000    0.0000    0.0014
   4777.38    0.0000    0.0000    0.0014
   4778.41    0.0000    0.0000    0.0014
   4779.44    0.0000    0.0000    0.0014
   4780.47    0.0000    0.0000    0.0014
   4781.51    0.0000    0.0000    0.0014
   4782.54    0.0000    0.0000    0.0014
   4783.57    0.0000    0.0000    0.0014
   4784.60    0.0000    0.0000    0.0014
   4785.64    0.0000    0.0000    0.0014
   4786.67    0.0000    0.0000    0.0014
   4787.70    0.0000    0.0000    0.0014
   4788.73    0.0000    0.0000    0.0014
   4789.77    0.0000    0.0000    0.0014
   4790.80    0.0000    0.0000    0.0014
   4791.83    0.0000    0.0000    0.0014
   4792.86    0.0000    0.0000    0.0014
   4793.90    0.0000    0.0000    0.0014
   4794.93    0.0000    0.0000    0.0014
   4795.96    0.0000    0.0000    0.0014
   4796.99    0.0000    0.0000    0.0014
   4798.03    0.0000    0.0000    0.0014
   4799.06    0.0000    0.0000    0.0014
   4800.09    0.0000    0.0000    0.0014
   4801.12    0.0000    0.0000    0.0014
   4802.16    0.0000    0.0000    0.0014
   4803.19    0.0000    0.0000    0.0014
   4804.22    0.0000    0.0000    0.0014
   4805.25    0.0000    0.0000    0.0014
   4806.29    0.0000    0.0000    0.0014
   4807.32    0.0000    0.0000    0.0014
   4808.35    0.0000    0.0000    0.0014
   4809.38    0.0000    0.0000    0.0014
   4810.42    0.0000    0.0000    0.0014
   4811.45    0.0000    0.0000    0.0014
   4812.48    0.0000    0.0000    0.0014
   4813.51    0.0000    0.0000    0.0014
   4814.55    0.0000    0.0000    0.0014
   4815.58    0.0000    0.0000    0.0014
   4816.61    0.0000    0.0000    0.0014
   4817.64    0.0000    0.0000    0.0015
   4818.68    0.0000    0.0000    0.0015
   4819.71    0.0000   -0.0000    0.0015
   4820.74    0.0000   -0.0000    0.0015
   4821.77    0.0000   -0.0000    0.0015
   4822.81    0.0000   -0.0000    0.0015
   4823.84    0.0000   -0.0000    0.0015
   4824.87    0.0000   -0.0000    0.0015
   4825.90    0.0000   -0.0000    0.0015
   4826.94    0.0000   -0.0000    0.0015
   4827.97    0.0000   -0.0000    0.0015
   4829.00    0.0000   -0.0000    0.0015
   4830.03    0.0000   -0.0000    0.0015
   4831.07    0.0000   -0.0000    0.0015
   4832.10    0.0000   -0.0000    0.0015
   4833.13    0.0000   -0.0000    0.0015
   4834.16    0.0000   -0.0000    0.0015
   4835.20    0.0000   -0.0000    0.0015
   4836.23    0.0000   -0.0000    0.0015
   4837.26    0.0000   -0.0000    0.0015
   4838.29    0.0000   -0.0001    0.0015
   4839.33    0.0000   -0.0001    0.0015
   4840.36    0.0000   -0.0001    0.0016
   4841.39    0.0000   -0.0001    0.0016
   4842.42    0.0000   -0.0001    0.0016
   4843.46    0.0000   -0.0001    0.0016
   4844.49    0.0000   -0.0001    0.0016
   4845.52    0.0000   -0.0001    0.0016
   4846.55    0.0000   -0.0001    0.0016
   4847.59    0.0000   -0.0001    0.0016
   4848.62    0.0000   -0.0001    0.0016
   4849.65    0.0000   -0.0001    0.0016
   4850.68    0.0000   -0.0001    0.0016
   4851.72    0.0000   -0.0001    0.0016
   4852.75    0.0000   -0.0001    0.0016
   4853.78    0.0000   -0.0001    0.0016
   4854.81    0.0000   -0.0001    0.0016
   4855.85    0.0000   -0.0001    0.0016
   4856.88    0.0000   -0.0001    0.0016
   4857.91    0.0000   -0.0001    0.0016
   4858.94    0.0000   -0.0001    0.0016
   4859.98    0.0000   -0.0001    0.0016
   4861.01    0.0000   -0.0001    0.0016
   4862.04    0.0000   -0.0001    0.0016
   4863.07    0.0000   -0.0001    0.0016
   4864.11    0.0000   -0.0001    0.0016
   4865.14    0.0000   -0.0001    0.0016
   4866.17    0.0000   -0.0001    0.0016
   4867.20    0.0000   -0.0001    0.0016
   4868.24    0.0000   -0.0001    0.0016
   4869.27    0.0000   -0.0001    0.0016
   4870.30    0.0000   -0.0001    0.0016
   4871.33    0.0000   -0.0001    0.0016
   4872.37    0.0000   -0.0001    0.0016
   4873.40    0.0000   -0.0001    0.0016
   4874.43    0.0000   -0.0001    0.0016
   4875.46    0.0000   -0.0001    0.0016
   4876.50    0.0000   -0.0001    0.0016
   4877.53    0.0000   -0.0001    0.0016
   4878.56    0.0000   -0.0001    0.0016
   4879.59    0.0000   -0.0001    0.0016
   4880.63    0.0000   -0.0001    0.0016
   4881.66    0.0000   -0.0001    0.0016
   4882.69    0.0000   -0.0001    0.0016
   4883.72    0.0000   -0.0001    0.0016
   4884.76    0.0000   -0.0001    0.0016
   4885.79    0.0000   -0.0001    0.0016
   4886.82    0.0000   -0.0001    0.0016
   4887.85    0.0000   -0.0001    0.0016
   4888.89    0.0000   -0.0001    0.0016
   4889.92    0.0000   -0.0001    0.0016
   4890.95    0.0000   -0.0001    0.0016
   4891.98    0.0000   -0.0001    0.0016
   4893.02    0.0000   -0.0001    0.0016
   4894.05    0.0000   -0.0001    0.0016
   4895.08    0.0000   -0.0001    0.0016
   4896.11    0.0000   -0.0001    0.0016
   4897.15    0.0000   -0.0001    0.0016
   4898.18    0.0000   -0.0001    0.0016
   4899.21    0.0000   -0.0001    0.0016
   4900.24    0.0000   -0.0001    0.0016
   4901.28    0.0000   -0.0001    0.0016
   4902.31    0.0000   -0.0001    0.0016
   4903.34    0.0000   -0.0001    0.0016
   4904.37    0.0000   -0.0001    0.0016
   4905.41    0.0000   -0.0001    0.0017
   4906.44    0.0000   -0.0001    0.0017
   4907.47    0.0000   -0.0001    0.0017
   4908.50    0.0000   -0.0001    0.0017
   4909.54    0.0000   -0.0001    0.0017
   4910.57    0.0000   -0.0001    0.0017
   4911.60    0.0000   -0.0001    0.0017
   4912.63    0.0000   -0.0001    0.0017
   4913.67    0.0000   -0.0001    0.0017
   4914.70    0.0000   -0.0001    0.0017
   4915.73    0.0000   -0.0001    0.0017
   4916.76    0.0000   -0.0001    0.0017
   4917.80    0.0000   -0.0001    0.0017
   4918.83    0.0000   -0.0001    0.0017
   4919.86    0.0000   -0.0001    0.0017
   4920.89    0.0000   -0.0001    0.0017
   4921.93    0.0000   -0.0001    0.0017
   4922.96    0.0000   -0.0001    0.0017
   4923.99    0.0000   -0.0001    0.0017
   4925.02    0.0000   -0.0001    0.0017
   4926.06    0.0000   -0.0001    0.0017
   4927.09    0.0000   -0.0001    0.0017
   4928.12    0.0000   -0.0002    0.0017
   4929.15    0.0000   -0.0002    0.0017
   4930.19    0.0000   -0.0002    0.0017
   4931.22    0.0000   -0.0002    0.0017
   4932.25    0.0000   -0.0002    0.0017
   4933.28    0.0000   -0.0002    0.0017
   4934.32    0.0000   -0.0002    0.0017
   4935.35    0.0000   -0.0002    0.0017
   4936.38    0.0000   -0.0002    0.0017
   4937.41    0.0000   -0.0002    0.0017
   4938.45    0.0000   -0.0002    0.0017
   4939.48    0.0000   -0.0002    0.0017
   4940.51    0.0000   -0.0002    0.0017
   4941.54    0.0000   -0.0002    0.0017
   4942.58    0.0000   -0.0002    0.0017
   4943.61    0.0000   -0.0002    0.0017
   4944.64    0.0000   -0.0002    0.0017
   4945.67    0.0000   -0.0002    0.0017
   4946.71    0.0000   -0.0002    0.0017
   4947.74    0.0000   -0.0002    0.0017
   4948.77    0.0000   -0.0002    0.0017
   4949.80    0.0000   -0.0002    0.0017
   4950.84    0.0000   -0.0002    0.0017
   4951.87    0.0000   -0.0002    0.0017
   4952.90    0.0000   -0.0002    0.0017
   4953.93    0.0000   -0.0002    0.0017
   4954.97    0.0000   -0.0002    0.0017
   4956.00    0.0000   -0.0002    0.0017
   4957.03    0.0000   -0.0002    0.0017
   4958.06    0.0000   -0.0002    0.0017
   4959.10    0.0000   -0.0002    0.0017
   4960.13    0.0000   -0.0002    0.0017
   4961.16    0.0000   -0.0002    0.0017
   4962.19    0.0000   -0.0002    0.0017
   4963.23    0.0000   -0.0002    0.0017
   4964.26    0.0000   -0.0002    0.0017
   4965.29    0.0000   -0.0002    0.0017
   4966.32    0.0000   -0.0002    0.0017
   4967.36    0.0000   -0.0002    0.0017
   4968.39    0.0000   -0.0002    0.0017
   4969.42    0.0000   -0.0002    0.0017
   4970.45    0.0000   -0.0002    0.0017
   4971.49    0.0000   -0.0002    0.0017
   4972.52    0.0000   -0.0002    0.0018
   4973.55    0.0000   -0.0002    0.0018
   4974.58    0.0000   -0.0002    0.0018
   4975.62    0.0000   -0.0002    0.0018
   4976.65    0.0000   -0.0002    0.0018
   4977.68    0.0000   -0.0002    0.0018
   4978.71    0.0000   -0.0002    0.0018
   4979.75    0.0000   -0.0002    0.0018
   4980.78    0.0000   -0.0002    0.0018
   4981.81    0.0000   -0.0003    0.0018
   4982.84    0.0000   -0.0003    0.0018
   4983.88    0.0000   -0.0003    0.0018
   4984.91    0.0000   -0.0003    0.0018
   4985.94    0.0000   -0.0003    0.0018
   4986.97    0.0000   -0.0003    0.0018
   4988.01    0.0000   -0.0003    0.0018
   4989.04    0.0000   -0.0003    0.0018
   4990.07    0.0000   -0.0003    0.0018
   4991.10    0.0000   -0.0003    0.0018
   4992.14    0.0000   -0.0003    0.0018
   4993.17    0.0000   -0.0003    0.0018
   4994.20    0.0000   -0.0003    0.0018
   4995.23    0.0000   -0.0003    0.0018
   4996.27    0.0000   -0.0003    0.0018
   4997.30    0.0000   -0.0003    0.0018
   4998.33    0.0000   -0.0003    0.0018
   4999.36    0.0000   -0.0003    0.0018
   5000.40    0.0000   -0.0003    0.0018
   5001.43    0.0000   -0.0003    0.0018
   5002.46    0.0000   -0.0003    0.0018
   5003.49    0.0000   -0.0003    0.0018
   5004.53    0.0000   -0.0003    0.0018
   5005.56    0.0000   -0.0003    0.0018
   5006.59    0.0000   -0.0003    0.0018
   5007.62    0.0000   -0.0003    0.0018
   5008.66    0.0000   -0.0003    0.0018
   5009.69    0.0000   -0.0003    0.0018
   5010.72    0.0000   -0.0003    0.0018
   5011.75    0.0000   -0.0003    0.0018
   5012.79    0.0000   -0.0003    0.0018
   5013.82    0.0000   -0.0003    0.0018
   5014.85    0.0000   -0.0003    0.0018
   5015.88    0.0000   -0.0003    0.0018
   5016.92    0.0000   -0.0003    0.0018
   5017.95    0.0000   -0.0004    0.0018
   5018.98    0.0000   -0.0004    0.0018
   5020.01    0.0000   -0.0004    0.0018
   5021.05    0.0000   -0.0004    0.0018
   5022.08    0.0000   -0.0004    0.0018
   5023.11    0.0000   -0.0004    0.0018
   5024.14    0.0000   -0.0004    0.0018
   5025.18    0.0000   -0.0004    0.0018
   5026.21    0.0000   -0.0004    0.0018
   5027.24    0.0000   -0.0004    0.0018
   5028.27    0.0000   -0.0004    0.0018
   5029.31    0.0000   -0.0004    0.0018
   5030.34    0.0000   -0.0004    0.0018
   5031.37    0.0000   -0.0004    0.0018
   5032.40    0.0000   -0.0004    0.0018
   5033.44    0.0000   -0.0004    0.0018
   5034.47    0.0000   -0.0004    0.0019
   5035.50    0.0000   -0.0004    0.0019
   5036.53    0.0000   -0.0004    0.0019
   5037.57    0.0000   -0.0004    0.0019
   5038.60    0.0000   -0.0004    0.0019
   5039.63    0.0000   -0.0004    0.0019
   5040.66    0.0000   -0.0004    0.0019
   5041.70    0.0000   -0.0004    0.0019
   5042.73    0.0000   -0.0004    0.0019
   5043.76    0.0000   -0.0004    0.0019
   5044.79    0.0000   -0.0004    0.0019
   5045.83    0.0000   -0.0004    0.0019
   5046.86    0.0000   -0.0004    0.0019
   5047.89    0.0000   -0.0004    0.0019
   5048.92    0.0000   -0.0004    0.0019
   5049.96    0.0000   -0.0004    0.0019
   5050.99    0.0000   -0.0005    0.0019
   5052.02    0.0000   -0.0005    0.0019
   5053.05    0.0000   -0.0005    0.0019
   5054.09    0.0000   -0.0005    0.0019
   5055.12    0.0000   -0.0005    0.0019
   5056.15    0.0000   -0.0005    0.0019
   5057.18    0.0000   -0.0005    0.0019
   5058.22    0.0000   -0.0005    0.0019
   5059.25    0.0000   -0.0005    0.0019
   5060.28    0.0000   -0.0005    0.0019
   5061.31    0.0000   -0.0005    0.0019
   5062.35    0.0000   -0.0005    0.0019
   5063.38    0.0000   -0.0005    0.0019
   5064.41    0.0000   -0.0005    0.0019
   5065.44    0.0000   -0.0005    0.0019
   5066.48    0.0000   -0.0005    0.0019
   5067.51    0.0000   -0.0005    0.0019
   5068.54    0.0000   -0.0005    0.0019
   5069.57    0.0000   -0.0005    0.0019
   5070.61    0.0000   -0.0005    0.0019
   5071.64    0.0000   -0.0005    0.0019
   5072.67    0.0000   -0.0005    0.0019
   5073.70    0.0000   -0.0005    0.0019
   5074.74    0.0000   -0.0005    0.0020
   5075.77    0.0000   -0.0005    0.0020
   5076.80    0.0000   -0.0005    0.0020
   5077.83    0.0000   -0.0005    0.0020
   5078.87    0.0000   -0.0005    0.0020
   5079.90    0.0000   -0.0005    0.0020
   5080.93    0.0000   -0.0006    0.0020
   5081.96    0.0000   -0.0006    0.0020
   5083.00    0.0000   -0.0006    0.0020
   5084.03    0.0000   -0.0006    0.0020
   5085.06    0.0000   -0.0006    0.0020
   5086.09    0.0000   -0.0006    0.0020
   5087.13    0.0000   -0.0006    0.0020
   5088.16    0.0000   -0.0006    0.0020
   5089.19    0.0000   -0.0006    0.0020
   5090.22    0.0000   -0.0006    0.0020
   5091.26    0.0000   -0.0006    0.0020
   5092.29    0.0000   -0.0006    0.0021
   5093.32    0.0000   -0.0006    0.0021
   5094.35    0.0000   -0.0006    0.0021
   5095.39    0.0000   -0.0006    0.0021
   5096.42    0.0000   -0.0006    0.0021
   5097.45    0.0000   -0.0006    0.0021
   5098.48    0.0000   -0.0007    0.0021
   5099.52    0.0000   -0.0007    0.0021
   5100.55    0.0000   -0.0007    0.0021
   5101.58    0.0000   -0.0007    0.0021
   5102.61    0.0000   -0.0007    0.0021
   5103.65    0.0000   -0.0007    0.0021
   5104.68    0.0000   -0.0007    0.0022
   5105.71    0.0000   -0.0007    0.0022
   5106.74    0.0000   -0.0007    0.0022
   5107.78    0.0000   -0.0007    0.0022
   5108.81    0.0000   -0.0007    0.0022
   5109.84    0.0000   -0.0007    0.0022
   5110.87    0.0000   -0.0008    0.0022
   5111.91    0.0000   -0.0008    0.0022
   5112.94    0.0000   -0.0008    0.0022
   5113.97    0.0000   -0.0008    0.0022
   5115.00    0.0000   -0.0008    0.0022
   5116.04    0.0000   -0.0008    0.0022
   5117.07    0.0000   -0.0008    0.0023
   5118.10    0.0000   -0.0008    0.0023
   5119.13    0.0000   -0.0008    0.0023
   5120.17    0.0000   -0.0008    0.0023
   5121.20    0.0000   -0.0008    0.0023
   5122.23    0.0000   -0.0008    0.0023
   5123.26    0.0000   -0.0008    0.0023
   5124.30    0.0000   -0.0008    0.0023
   5125.33    0.0000   -0.0008    0.0023
   5126.36    0.0000   -0.0008    0.0023
   5127.39    0.0000   -0.0008    0.0023
   5128.43    0.0000   -0.0008    0.0023
   5129.46    0.0000   -0.0008    0.0023
   5130.49    0.0000   -0.0008    0.0023
   5131.52    0.0000   -0.0008    0.0023
   5132.56    0.0000   -0.0008    0.0023
   5133.59    0.0000   -0.0008    0.0023
   5134.62    0.0000   -0.0008    0.0023
   5135.65    0.0000   -0.0008    0.0024
   5136.69    0.0000   -0.0008    0.0024
   5137.72    0.0000   -0.0008    0.0024
   5138.75    0.0000   -0.0008    0.0024
   5139.78    0.0000   -0.0008    0.0024
   5140.82    0.0000   -0.0008    0.0024
   5141.85    0.0000   -0.0008    0.0024
   5142.88    0.0000   -0.0008    0.0024
   5143.91    0.0000   -0.0008    0.0024
   5144.95    0.0000   -0.0008    0.0024
   5145.98    0.0000   -0.0008    0.0024
   5147.01    0.0000   -0.0008    0.0024
   5148.04    0.0000   -0.0008    0.0024
   5149.08    0.0000   -0.0008    0.0024
   5150.11    0.0000   -0.0008    0.0024
   5151.14    0.0000   -0.0008    0.0024
   5152.17    0.0000   -0.0008    0.0024
   5153.21    0.0000   -0.0008    0.0024
   5154.24    0.0000   -0.0008    0.0024
   5155.27    0.0000   -0.0008    0.0024
   5156.30    0.0000   -0.0008    0.0024
   5157.34    0.0000   -0.0008    0.0024
   5158.37    0.0000   -0.0008    0.0024
   5159.40    0.0000   -0.0008    0.0024
   5160.43    0.0000   -0.0008    0.0024
   5161.47    0.0000   -0.0008    0.0024
   5162.50    0.0000   -0.0008    0.0024
   5163.53    0.0000   -0.0008    0.0024
   5164.56    0.0000   -0.0008    0.0024
   5165.60    0.0000   -0.0008    0.0024
   5166.63    0.0000   -0.0008    0.0024
   5167.66    0.0000   -0.0008    0.0024
   5168.69    0.0000   -0.0008    0.0024
   5169.73    0.0000   -0.0008    0.0024
   5170.76    0.0000   -0.0008    0.0024
   5171.79    0.0000   -0.0008    0.0024
   5172.82    0.0000   -0.0008    0.0024
   5173.86    0.0000   -0.0008    0.0025
   5174.89    0.0000   -0.0008    0.0025
   5175.92    0.0000   -0.0008    0.0025
   5176.95    0.0000   -0.0008    0.0025
   5177.99    0.0000   -0.0008    0.0025
   5179.02    0.0000   -0.0008    0.0025
   5180.05    0.0000   -0.0008    0.0025
   5181.08    0.0000   -0.0008    0.0025
   5182.12    0.0000   -0.0008    0.0025
   5183.15    0.0000   -0.0008    0.0025
   5184.18    0.0000   -0.0008    0.0025
   5185.21    0.0000   -0.0008    0.0025
   5186.25    0.0000   -0.0009    0.0025
   5187.28    0.0000   -0.0009    0.0025
   5188.31    0.0000   -0.0009    0.0025
   5189.34    0.0000   -0.0009    0.0025
   5190.38    0.0000   -0.0009    0.0025
   5191.41    0.0000   -0.0009    0.0025
   5192.44    0.0000   -0.0009    0.0025
   5193.47    0.0000   -0.0009    0.0025
   5194.51    0.0000   -0.0009    0.0025
   5195.54    0.0000   -0.0009    0.0025
   5196.57    0.0000   -0.0009    0.0025
   5197.60    0.0000   -0.0009    0.0025
   5198.64    0.0000   -0.0009    0.0025
   5199.67    0.0000   -0.0009    0.0025
   5200.70    0.0000   -0.0009    0.0025
   5201.73    0.0000   -0.0009    0.0025
   5202.77    0.0000   -0.0009    0.0025
   5203.80    0.0000   -0.0009    0.0026
   5204.83    0.0000   -0.0009    0.0026
   5205.86    0.0000   -0.0009    0.0026
   5206.90    0.0000   -0.0009    0.0026
   5207.93    0.0000   -0.0009    0.0026
   5208.96    0.0000   -0.0009    0.0026
   5209.99    0.0000   -0.0009    0.0026
   5211.03    0.0000   -0.0009    0.0026
   5212.06    0.0000   -0.0009    0.0026
   5213.09    0.0000   -0.0009    0.0026
   5214.12    0.0000   -0.0009    0.0026
   5215.16    0.0000   -0.0009    0.0026
   5216.19    0.0000   -0.0009    0.0026
   5217.22    0.0000   -0.0009    0.0026
   5218.25    0.0000   -0.0009    0.0026
   5219.29    0.0000   -0.0009    0.0026
   5220.32    0.0000   -0.0009    0.0026
   5221.35    0.0000   -0.0009    0.0026
   5222.38    0.0000   -0.0009    0.0026
   5223.42    0.0000   -0.0009    0.0026
   5224.45    0.0000   -0.0009    0.0026
   5225.48    0.0000   -0.0009    0.0026
   5226.51    0.0000   -0.0009    0.0026
   5227.55    0.0000   -0.0008    0.0026
   5228.58    0.0000   -0.0007    0.0025
   5229.61    0.0000   -0.0006    0.0024
   5230.64    0.0000   -0.0005    0.0023
   5231.68    0.0000   -0.0004    0.0023
   5232.71    0.0000   -0.0004    0.0022
   5233.74    0.0000   -0.0003    0.0021
   5234.77    0.0000   -0.0002    0.0020
   5235.81    0.0000   -0.0002    0.0020
   5236.84    0.0000   -0.0001    0.0019
   5237.87    0.0000   -0.0001    0.0018
   5238.90    0.0000    0.0000    0.0017
   5239.94    0.0000    0.0001    0.0016
   5240.97    0.0000    0.0002    0.0015
   5242.00    0.0000    0.0003    0.0014
   5243.03    0.0000    0.0004    0.0012
   5244.07    0.0000    0.0005    0.0011
   5245.10    0.0000    0.0005    0.0010
   5246.13    0.0000    0.0005    0.0009
   5247.16    0.0000    0.0006    0.0008
   5248.20    0.0000    0.0006    0.0007
   5249.23    0.0000    0.0006    0.0006
   5250.26    0.0000    0.0007    0.0005
   5251.29    0.0000    0.0007    0.0003
   5252.33    0.0000    0.0008    0.0002
   5253.36    0.0000    0.0009    0.0000
   5254.39    0.0000    0.0010   -0.0001
   5255.42    0.0000    0.0011   -0.0003
   5256.46    0.0000    0.0012   -0.0004
   5257.49    0.0000    0.0012   -0.0006
