     #Time      Norm      Real      Imag
   4671.03    0.0000   -0.0000    0.0000
   4672.06    0.0000   -0.0000   -0.0000
   4673.09    0.0000   -0.0000   -0.0000
   4674.13    0.0000   -0.0000   -0.0000
   4675.16    0.0000   -0.0000   -0.0000
   4676.19    0.0000   -0.0000   -0.0000
   4677.22    0.0000   -0.0000   -0.0000
   4678.26    0.0000   -0.0000   -0.0000
   4679.29    0.0000    0.0000   -0.0000
   4680.32    0.0000    0.0000   -0.0000
   4681.35    0.0000    0.0000   -0.0000
   4682.39    0.0000    0.0000   -0.0000
   4683.42    0.0000   -0.0000   -0.0000
   4684.45    0.0000   -0.0000   -0.0000
   4685.48    0.0000   -0.0000   -0.0000
   4686.52    0.0000   -0.0000   -0.0000
   4687.55    0.0000   -0.0000   -0.0000
   4688.58    0.0000   -0.0000    0.0000
   4689.61    0.0000   -0.0000    0.0000
   4690.65    0.0000   -0.0000    0.0000
   4691.68    0.0000   -0.0000   -0.0000
   4692.71    0.0000    0.0000   -0.0000
   4693.74    0.0000    0.0000   -0.0000
   4694.78    0.0000    0.0000   -0.0000
   4695.81    0.0000    0.0000   -0.0000
   4696.84    0.0000   -0.0000   -0.0000
   4697.87    0.0000   -0.0000   -0.0000
   4698.91    0.0000   -0.0000   -0.0000
   4699.94    0.0000   -0.0000   -0.0000
   4700.97    0.0000   -0.0000   -0.0000
   4702.00    0.0000   -0.0000   -0.0000
   4703.04    0.0000   -0.0000    0.0000
   4704.07    0.0000   -0.0000    0.0000
   4705.10    0.0000   -0.0000    0.0000
   4706.13    0.0000   -0.0000    0.0000
   4707.17    0.0000   -0.0000   -0.0000
   4708.20    0.0000    0.0000   -0.0000
   4709.23    0.0000    0.0000   -0.0000
   4710.26    0.0000   -0.0000    0.0000
   4711.30    0.0000   -0.0000    0.0000
   4712.33    0.0000   -0.0000    0.0000
   4713.36    0.0000   -0.0000    0.0000
   4714.39    0.0000   -0.0000    0.0000
   4715.43    0.0000   -0.0000    0.0000
   4716.46    0.0000    0.0000    0.0000
   4717.49    0.0000    0.0000    0.0000
   4718.52    0.0000    0.0000    0.0000
   4719.56    0.0000    0.0000   -0.0000
   4720.59    0.0000    0.0000   -0.0000
   4721.62    0.0000    0.0000   -0.0000
   4722.65    0.0000    0.0000   -0.0000
   4723.69    0.0000    0.0000    0.0000
   4724.72    0.0000    0.0000    0.0000
   4725.75    0.0000    0.0000    0.0000
   4726.78    0.0000    0.0000    0.0000
   4727.82    0.0000    0.0000    0.0000
   4728.85    0.0000    0.0000    0.0000
   4729.88    0.0000    0.0000   -0.0000
   4730.91    0.0000    0.0000   -0.0000
   4731.95    0.0000    0.0000   -0.0000
   4732.98    0.0000    0.0000   -0.0000
   4734.01    0.0000    0.0000   -0.0000
   4735.04    0.0000    0.0000    0.0000
   4736.08    0.0000    0.0000    0.0000
   4737.11    0.0000   -0.0000    0.0000
   4738.14    0.0000   -0.0000    0.0000
   4739.17    0.0000   -0.0000    0.0000
   4740.21    0.0000   -0.0000    0.0000
   4741.24    0.0000   -0.0000    0.0000
   4742.27    0.0000   -0.0000    0.0000
   4743.30    0.0000   -0.0000    0.0000
   4744.34    0.0000   -0.0000    0.0000
   4745.37    0.0000    0.0000    0.0000
   4746.40    0.0000    0.0000    0.0000
   4747.43    0.0000    0.0000    0.0000
   4748.47    0.0000    0.0000    0.0000
   4749.50    0.0000    0.0000    0.0000
   4750.53    0.0000    0.0000   -0.0000
   4751.56    0.0000    0.0000   -0.0000
   4752.60    0.0000    0.0000   -0.0000
   4753.63    0.0000    0.0000   -0.0000
   4754.66    0.0000   -0.0000   -0.0000
   4755.69    0.0000   -0.0000    0.0000
   4756.73    0.0000   -0.0000    0.0000
   4757.76    0.0000   -0.0000    0.0000
   4758.79    0.0000   -0.0000    0.0000
   4759.82    0.0000   -0.0000    0.0000
   4760.86    0.0000   -0.0000   -0.0000
   4761.89    0.0000    0.0000   -0.0000
   4762.92    0.0000    0.0000   -0.0000
   4763.95    0.0000    0.0000   -0.0000
   4764.99    0.0000    0.0000   -0.0000
   4766.02    0.0000   -0.0000    0.0000
   4767.05    0.0000   -0.0000    0.0000
   4768.08    0.0000   -0.0000    0.0000
   4769.12    0.0000   -0.0000    0.0000
   4770.15    0.0000    0.0000    0.0000
   4771.18    0.0000    0.0000    0.0000
   4772.21    0.0000    0.0000   -0.0000
   4773.25    0.0000    0.0000   -0.0000
   4774.28    0.0000    0.0000   -0.0000
   4775.31    0.0000   -0.0000   -0.0000
   4776.34    0.0000   -0.0000   -0.0000
   4777.38    0.0000   -0.0000   -0.0000
   4778.41    0.0000   -0.0000    0.0000
   4779.44    0.0000   -0.0000    0.0000
   4780.47    0.0000   -0.0000    0.0000
   4781.51    0.0000   -0.0000    0.0000
   4782.54    0.0000   -0.0000    0.0000
   4783.57    0.0000   -0.0000    0.0000
   4784.60    0.0000   -0.0000    0.0000
   4785.64    0.0000    0.0000   -0.0000
   4786.67    0.0000    0.0000   -0.0000
   4787.70    0.0000    0.0000   -0.0000
   4788.73    0.0000    0.0000   -0.0000
   4789.77    0.0000    0.0000   -0.0000
   4790.80    0.0000    0.0000   -0.0000
   4791.83    0.0000    0.0000   -0.0000
   4792.86    0.0000   -0.0000    0.0000
   4793.90    0.0000   -0.0000    0.0000
   4794.93    0.0000   -0.0000    0.0000
   4795.96    0.0000   -0.0000    0.0000
   4796.99    0.0000   -0.0000    0.0000
   4798.03    0.0000   -0.0000    0.0000
   4799.06    0.0000   -0.0000    0.0000
   4800.09    0.0000   -0.0000    0.0000
   4801.12    0.0000    0.0000   -0.0000
   4802.16    0.0000    0.0000   -0.0000
   4803.19    0.0000    0.0000   -0.0000
   4804.22    0.0000    0.0000   -0.0000
   4805.25    0.0000    0.0000   -0.0000
   4806.29    0.0000    0.0000   -0.0000
   4807.32    0.0000    0.0000   -0.0000
   4808.35    0.0000    0.0000   -0.0000
   4809.38    0.0000   -0.0000    0.0000
   4810.42    0.0000   -0.0000    0.0000
   4811.45    0.0000   -0.0000    0.0000
   4812.48    0.0000   -0.0000    0.0000
   4813.51    0.0000   -0.0000    0.0000
   4814.55    0.0000   -0.0000   -0.0000
   4815.58    0.0000    0.0000   -0.0000
   4816.61    0.0000    0.0000   -0.0000
   4817.64    0.0000    0.0000   -0.0000
   4818.68    0.0000    0.0000   -0.0000
   4819.71    0.0000    0.0000   -0.0000
   4820.74    0.0000   -0.0000   -0.0000
   4821.77    0.0000   -0.0000   -0.0000
   4822.81    0.0000   -0.0000   -0.0000
   4823.84    0.0000   -0.0000   -0.0000
   4824.87    0.0000    0.0000   -0.0000
   4825.90    0.0000    0.0000    0.0000
   4826.94    0.0000    0.0000    0.0000
   4827.97    0.0000    0.0000    0.0000
   4829.00    0.0000    0.0000    0.0000
   4830.03    0.0000    0.0000   -0.0000
   4831.07    0.0000    0.0000   -0.0000
   4832.10    0.0000    0.0000   -0.0000
   4833.13    0.0000    0.0000   -0.0000
   4834.16    0.0000    0.0000   -0.0000
   4835.20    0.0000    0.0000   -0.0000
   4836.23    0.0000    0.0000   -0.0000
   4837.26    0.0000    0.0000   -0.0000
   4838.29    0.0000    0.0000   -0.0000
   4839.33    0.0000    0.0000   -0.0000
   4840.36    0.0000    0.0000   -0.0000
   4841.39    0.0000    0.0000   -0.0000
   4842.42    0.0000    0.0000   -0.0000
   4843.46    0.0000    0.0000   -0.0000
   4844.49    0.0000    0.0000   -0.0000
   4845.52    0.0000    0.0000   -0.0000
   4846.55    0.0000    0.0000   -0.0000
   4847.59    0.0000    0.0000   -0.0000
   4848.62    0.0000   -0.0000   -0.0000
   4849.65    0.0000   -0.0000    0.0000
   4850.68    0.0000   -0.0000    0.0000
   4851.72    0.0000   -0.0000    0.0000
   4852.75    0.0000   -0.0000    0.0000
   4853.78    0.0000   -0.0000    0.0000
   4854.81    0.0000   -0.0000    0.0000
   4855.85    0.0000   -0.0000    0.0000
   4856.88    0.0000   -0.0000    0.0000
   4857.91    0.0000   -0.0000    0.0000
   4858.94    0.0000   -0.0000    0.0000
   4859.98    0.0000   -0.0000    0.0000
   4861.01    0.0000    0.0000    0.0000
   4862.04    0.0000    0.0000    0.0000
   4863.07    0.0000    0.0000    0.0000
   4864.11    0.0000    0.0000   -0.0000
   4865.14    0.0000    0.0000   -0.0000
   4866.17    0.0000    0.0000   -0.0000
   4867.20    0.0000    0.0000   -0.0000
   4868.24    0.0000    0.0000   -0.0000
   4869.27    0.0000    0.0000    0.0000
   4870.30    0.0000    0.0000   -0.0000
   4871.33    0.0000    0.0000   -0.0000
   4872.37    0.0000    0.0000   -0.0000
   4873.40    0.0000    0.0000   -0.0000
   4874.43    0.0000    0.0000   -0.0000
   4875.46    0.0000    0.0000    0.0000
   4876.50    0.0000    0.0000    0.0000
   4877.53    0.0000    0.0000    0.0000
   4878.56    0.0000    0.0000   -0.0000
   4879.59    0.0000    0.0000   -0.0000
   4880.63    0.0000    0.0000   -0.0000
   4881.66    0.0000    0.0000   -0.0000
   4882.69    0.0000    0.0000   -0.0000
   4883.72    0.0000    0.0000   -0.0000
   4884.76    0.0000   -0.0000    0.0000
   4885.79    0.0000    0.0000    0.0000
   4886.82    0.0000    0.0000   -0.0000
   4887.85    0.0000    0.0000   -0.0000
   4888.89    0.0000    0.0000   -0.0000
   4889.92    0.0000    0.0000   -0.0000
   4890.95    0.0000    0.0000   -0.0000
   4891.98    0.0000    0.0000   -0.0000
   4893.02    0.0000    0.0000   -0.0000
   4894.05    0.0000    0.0000    0.0000
   4895.08    0.0000    0.0000    0.0000
   4896.11    0.0000    0.0000    0.0000
   4897.15    0.0000    0.0000    0.0000
   4898.18    0.0000   -0.0000    0.0000
   4899.21    0.0000   -0.0000    0.0000
   4900.24    0.0000   -0.0000   -0.0000
   4901.28    0.0000   -0.0000   -0.0000
   4902.31    0.0000   -0.0000   -0.0000
   4903.34    0.0000    0.0000   -0.0000
   4904.37    0.0000    0.0000   -0.0000
   4905.41    0.0000    0.0000    0.0000
   4906.44    0.0000    0.0000    0.0000
   4907.47    0.0000    0.0000    0.0000
   4908.50    0.0000    0.0000    0.0000
   4909.54    0.0000   -0.0000    0.0000
   4910.57    0.0000   -0.0000    0.0000
   4911.60    0.0000   -0.0000    0.0000
   4912.63    0.0000   -0.0000    0.0000
   4913.67    0.0000   -0.0000    0.0000
   4914.70    0.0000   -0.0000    0.0000
   4915.73    0.0000    0.0000    0.0000
   4916.76    0.0000    0.0000    0.0000
   4917.80    0.0000    0.0000    0.0000
   4918.83    0.0000    0.0000    0.0000
   4919.86    0.0000    0.0000    0.0000
   4920.89    0.0000    0.0000    0.0000
   4921.93    0.0000    0.0000    0.0000
   4922.96    0.0000    0.0000   -0.0000
   4923.99    0.0000    0.0000   -0.0000
   4925.02    0.0000    0.0000   -0.0000
   4926.06    0.0000    0.0000    0.0000
   4927.09    0.0000    0.0000    0.0000
   4928.12    0.0000    0.0000    0.0000
   4929.15    0.0000    0.0000    0.0000
   4930.19    0.0000   -0.0000    0.0000
   4931.22    0.0000   -0.0000    0.0000
   4932.25    0.0000   -0.0000    0.0000
   4933.28    0.0000   -0.0000    0.0000
   4934.32    0.0000   -0.0000    0.0000
   4935.35    0.0000    0.0000    0.0000
   4936.38    0.0000    0.0000    0.0000
   4937.41    0.0000    0.0000    0.0000
   4938.45    0.0000    0.0000    0.0000
   4939.48    0.0000    0.0000    0.0000
   4940.51    0.0000    0.0000    0.0000
   4941.54    0.0000    0.0000    0.0000
   4942.58    0.0000    0.0000    0.0000
   4943.61    0.0000    0.0000    0.0000
   4944.64    0.0000    0.0000    0.0000
   4945.67    0.0000    0.0000    0.0000
   4946.71    0.0000    0.0000   -0.0000
   4947.74    0.0000    0.0000   -0.0000
   4948.77    0.0000    0.0000   -0.0000
   4949.80    0.0000    0.0000   -0.0000
   4950.84    0.0000    0.0000   -0.0000
   4951.87    0.0000    0.0000    0.0000
   4952.90    0.0000    0.0000    0.0000
   4953.93    0.0000    0.0000    0.0000
   4954.97    0.0000    0.0000    0.0000
   4956.00    0.0000    0.0000    0.0000
   4957.03    0.0000    0.0000    0.0000
   4958.06    0.0000    0.0000   -0.0000
   4959.10    0.0000    0.0000   -0.0000
   4960.13    0.0000    0.0000   -0.0000
   4961.16    0.0000    0.0000   -0.0000
   4962.19    0.0000    0.0000   -0.0000
   4963.23    0.0000   -0.0000   -0.0000
   4964.26    0.0000   -0.0000   -0.0000
   4965.29    0.0000   -0.0000   -0.0000
   4966.32    0.0000   -0.0000   -0.0000
   4967.36    0.0000   -0.0000   -0.0000
   4968.39    0.0000   -0.0000   -0.0000
   4969.42    0.0000   -0.0000   -0.0000
   4970.45    0.0000    0.0000   -0.0000
   4971.49    0.0000    0.0000   -0.0000
   4972.52    0.0000    0.0000   -0.0000
   4973.55    0.0000    0.0000   -0.0000
   4974.58    0.0000    0.0000   -0.0000
   4975.62    0.0000    0.0000   -0.0000
   4976.65    0.0000    0.0000   -0.0000
   4977.68    0.0000    0.0000   -0.0000
   4978.71    0.0000    0.0000   -0.0000
   4979.75    0.0000    0.0000    0.0000
   4980.78    0.0000    0.0000   -0.0000
   4981.81    0.0000    0.0000   -0.0000
   4982.84    0.0000    0.0000   -0.0000
   4983.88    0.0000    0.0000   -0.0000
   4984.91    0.0000    0.0000   -0.0000
   4985.94    0.0000   -0.0000   -0.0000
   4986.97    0.0000   -0.0000   -0.0000
   4988.01    0.0000   -0.0000    0.0000
   4989.04    0.0000   -0.0000    0.0000
   4990.07    0.0000   -0.0000    0.0000
   4991.10    0.0000   -0.0000    0.0000
   4992.14    0.0000   -0.0000    0.0000
   4993.17    0.0000   -0.0000    0.0000
   4994.20    0.0000   -0.0000    0.0000
   4995.23    0.0000   -0.0000   -0.0000
   4996.27    0.0000    0.0000   -0.0000
   4997.30    0.0000    0.0000   -0.0000
   4998.33    0.0000    0.0000   -0.0000
   4999.36    0.0000    0.0000   -0.0000
   5000.40    0.0000    0.0000   -0.0000
   5001.43    0.0000    0.0000   -0.0000
   5002.46    0.0000    0.0000    0.0000
   5003.49    0.0000    0.0000    0.0000
   5004.53    0.0000    0.0000    0.0000
   5005.56    0.0000    0.0000    0.0000
   5006.59    0.0000   -0.0000    0.0000
   5007.62    0.0000   -0.0000    0.0000
   5008.66    0.0000   -0.0000    0.0000
   5009.69    0.0000   -0.0000    0.0000
   5010.72    0.0000   -0.0000    0.0000
   5011.75    0.0000   -0.0000    0.0000
   5012.79    0.0000   -0.0000    0.0000
   5013.82    0.0000   -0.0000    0.0000
   5014.85    0.0000   -0.0000    0.0000
   5015.88    0.0000   -0.0000    0.0000
   5016.92    0.0000   -0.0000   -0.0000
   5017.95    0.0000   -0.0000   -0.0000
   5018.98    0.0000   -0.0000   -0.0000
   5020.01    0.0000   -0.0000   -0.0000
   5021.05    0.0000   -0.0000   -0.0000
   5022.08    0.0000    0.0000   -0.0000
   5023.11    0.0000    0.0000   -0.0000
   5024.14    0.0000    0.0000   -0.0000
   5025.18    0.0000    0.0000   -0.0000
   5026.21    0.0000    0.0000    0.0000
   5027.24    0.0000    0.0000    0.0000
   5028.27    0.0000    0.0000    0.0000
   5029.31    0.0000    0.0000    0.0000
   5030.34    0.0000    0.0000    0.0000
   5031.37    0.0000    0.0000    0.0000
   5032.40    0.0000    0.0000    0.0000
   5033.44    0.0000   -0.0000    0.0000
   5034.47    0.0000   -0.0000    0.0000
   5035.50    0.0000   -0.0000    0.0000
   5036.53    0.0000   -0.0000    0.0000
   5037.57    0.0000   -0.0000    0.0000
   5038.60    0.0000   -0.0000    0.0000
   5039.63    0.0000   -0.0000    0.0000
   5040.66    0.0000   -0.0000    0.0000
   5041.70    0.0000   -0.0000    0.0000
   5042.73    0.0000   -0.0000   -0.0000
   5043.76    0.0000   -0.0000   -0.0000
   5044.79    0.0000   -0.0000   -0.0000
   5045.83    0.0000   -0.0000   -0.0000
   5046.86    0.0000   -0.0000   -0.0000
   5047.89    0.0000   -0.0000   -0.0000
   5048.92    0.0000   -0.0000   -0.0000
   5049.96    0.0000   -0.0000   -0.0000
   5050.99    0.0000   -0.0000   -0.0000
   5052.02    0.0000   -0.0000   -0.0000
   5053.05    0.0000   -0.0000   -0.0000
   5054.09    0.0000    0.0000    0.0000
   5055.12    0.0000    0.0000    0.0000
   5056.15    0.0000    0.0000    0.0000
   5057.18    0.0000    0.0000    0.0000
   5058.22    0.0000    0.0000    0.0000
   5059.25    0.0000    0.0000    0.0000
   5060.28    0.0000    0.0000    0.0000
   5061.31    0.0000    0.0000    0.0000
   5062.35    0.0000   -0.0000    0.0000
   5063.38    0.0000   -0.0000    0.0000
   5064.41    0.0000   -0.0000    0.0000
   5065.44    0.0000   -0.0000    0.0000
   5066.48    0.0000    0.0000    0.0000
   5067.51    0.0000    0.0000    0.0000
   5068.54    0.0000    0.0000    0.0000
   5069.57    0.0000    0.0000    0.0000
   5070.61    0.0000    0.0000    0.0000
   5071.64    0.0000    0.0000    0.0000
   5072.67    0.0000    0.0000    0.0000
   5073.70    0.0000    0.0000    0.0000
   5074.74    0.0000    0.0000    0.0000
   5075.77    0.0000   -0.0000    0.0000
   5076.80    0.0000   -0.0000    0.0000
   5077.83    0.0000   -0.0000    0.0000
   5078.87    0.0000   -0.0000    0.0000
   5079.90    0.0000    0.0000   -0.0000
   5080.93    0.0000    0.0000   -0.0000
   5081.96    0.0000    0.0000   -0.0000
   5083.00    0.0000    0.0000   -0.0000
   5084.03    0.0000    0.0000   -0.0000
   5085.06    0.0000    0.0000   -0.0000
   5086.09    0.0000    0.0000   -0.0000
   5087.13    0.0000    0.0000   -0.0000
   5088.16    0.0000    0.0000   -0.0000
   5089.19    0.0000   -0.0000   -0.0000
   5090.22    0.0000   -0.0000    0.0000
   5091.26    0.0000   -0.0000    0.0000
   5092.29    0.0000   -0.0000    0.0000
   5093.32    0.0000   -0.0000    0.0000
   5094.35    0.0000    0.0000    0.0000
   5095.39    0.0000    0.0000   -0.0000
   5096.42    0.0000    0.0000   -0.0000
   5097.45    0.0000    0.0000   -0.0000
   5098.48    0.0000    0.0000   -0.0000
   5099.52    0.0000    0.0000   -0.0000
   5100.55    0.0000    0.0000    0.0000
   5101.58    0.0000    0.0000    0.0000
   5102.61    0.0000    0.0000    0.0000
   5103.65    0.0000    0.0000    0.0000
   5104.68    0.0000    0.0000    0.0000
   5105.71    0.0000    0.0000    0.0000
   5106.74    0.0000    0.0000    0.0000
   5107.78    0.0000    0.0000    0.0000
   5108.81    0.0000    0.0000    0.0000
   5109.84    0.0000   -0.0000    0.0000
   5110.87    0.0000   -0.0000    0.0000
   5111.91    0.0000   -0.0000    0.0000
   5112.94    0.0000   -0.0000   -0.0000
   5113.97    0.0000   -0.0000   -0.0000
   5115.00    0.0000   -0.0000   -0.0000
   5116.04    0.0000   -0.0000   -0.0000
   5117.07    0.0000   -0.0000   -0.0000
   5118.10    0.0000   -0.0000   -0.0000
   5119.13    0.0000   -0.0000   -0.0000
   5120.17    0.0000   -0.0000   -0.0000
   5121.20    0.0000   -0.0000   -0.0000
   5122.23    0.0000   -0.0000   -0.0000
   5123.26    0.0000   -0.0000   -0.0000
   5124.30    0.0000   -0.0000   -0.0000
   5125.33    0.0000   -0.0000   -0.0000
   5126.36    0.0000   -0.0000   -0.0000
   5127.39    0.0000   -0.0000   -0.0000
   5128.43    0.0000   -0.0000   -0.0000
   5129.46    0.0000   -0.0000   -0.0000
   5130.49    0.0000   -0.0000   -0.0000
   5131.52    0.0000   -0.0000   -0.0000
   5132.56    0.0000   -0.0000   -0.0000
   5133.59    0.0000   -0.0000   -0.0000
   5134.62    0.0000   -0.0000   -0.0000
   5135.65    0.0000   -0.0000   -0.0000
   5136.69    0.0000   -0.0000   -0.0000
   5137.72    0.0000   -0.0000   -0.0000
   5138.75    0.0000   -0.0000   -0.0000
   5139.78    0.0000    0.0000   -0.0000
   5140.82    0.0000    0.0000   -0.0000
   5141.85    0.0000    0.0000   -0.0000
   5142.88    0.0000    0.0000   -0.0000
   5143.91    0.0000    0.0000   -0.0000
   5144.95    0.0000    0.0000    0.0000
   5145.98    0.0000    0.0000    0.0000
   5147.01    0.0000   -0.0000    0.0000
   5148.04    0.0000   -0.0000    0.0000
   5149.08    0.0000    0.0000    0.0000
   5150.11    0.0000    0.0000   -0.0000
   5151.14    0.0000    0.0000   -0.0000
   5152.17    0.0000    0.0000   -0.0000
   5153.21    0.0000    0.0000   -0.0000
   5154.24    0.0000    0.0000    0.0000
   5155.27    0.0000    0.0000    0.0000
   5156.30    0.0000   -0.0000    0.0000
   5157.34    0.0000   -0.0000    0.0000
   5158.37    0.0000    0.0000    0.0000
   5159.40    0.0000    0.0000    0.0000
   5160.43    0.0000    0.0000    0.0000
   5161.47    0.0000    0.0000    0.0000
   5162.50    0.0000    0.0000    0.0000
   5163.53    0.0000    0.0000    0.0000
   5164.56    0.0000    0.0000    0.0000
   5165.60    0.0000   -0.0000    0.0000
   5166.63    0.0000   -0.0000    0.0000
   5167.66    0.0000   -0.0000    0.0000
   5168.69    0.0000   -0.0000    0.0000
   5169.73    0.0000   -0.0000    0.0000
   5170.76    0.0000   -0.0000    0.0000
   5171.79    0.0000   -0.0000    0.0000
   5172.82    0.0000   -0.0000   -0.0000
   5173.86    0.0000   -0.0000   -0.0000
   5174.89    0.0000   -0.0000   -0.0000
   5175.92    0.0000   -0.0000   -0.0000
   5176.95    0.0000   -0.0000   -0.0000
   5177.99    0.0000   -0.0000   -0.0000
   5179.02    0.0000   -0.0000   -0.0000
   5180.05    0.0000   -0.0000   -0.0000
   5181.08    0.0000   -0.0000   -0.0000
   5182.12    0.0000   -0.0000   -0.0000
   5183.15    0.0000   -0.0000   -0.0000
   5184.18    0.0000    0.0000   -0.0000
   5185.21    0.0000    0.0000   -0.0000
   5186.25    0.0000    0.0000   -0.0000
   5187.28    0.0000    0.0000   -0.0000
   5188.31    0.0000   -0.0000   -0.0000
   5189.34    0.0000   -0.0000    0.0000
   5190.38    0.0000   -0.0000    0.0000
   5191.41    0.0000   -0.0000    0.0000
   5192.44    0.0000   -0.0000    0.0000
   5193.47    0.0000   -0.0000    0.0000
   5194.51    0.0000   -0.0000    0.0000
   5195.54    0.0000   -0.0000    0.0000
   5196.57    0.0000   -0.0000   -0.0000
   5197.60    0.0000   -0.0000   -0.0000
   5198.64    0.0000   -0.0000   -0.0000
   5199.67    0.0000   -0.0000   -0.0000
   5200.70    0.0000   -0.0000    0.0000
   5201.73    0.0000   -0.0000    0.0000
   5202.77    0.0000   -0.0000    0.0000
   5203.80    0.0000    0.0000    0.0000
   5204.83    0.0000    0.0000    0.0000
   5205.86    0.0000    0.0000    0.0000
   5206.90    0.0000   -0.0000    0.0000
   5207.93    0.0000   -0.0000    0.0000
   5208.96    0.0000   -0.0000    0.0000
   5209.99    0.0000   -0.0000    0.0000
   5211.03    0.0000   -0.0000    0.0000
   5212.06    0.0000   -0.0000    0.0000
   5213.09    0.0000   -0.0000    0.0000
   5214.12    0.0000   -0.0000    0.0000
   5215.16    0.0000   -0.0000    0.0000
   5216.19    0.0000    0.0000    0.0000
   5217.22    0.0000    0.0000    0.0000
   5218.25    0.0000    0.0000    0.0000
   5219.29    0.0000   -0.0000    0.0000
   5220.32    0.0000   -0.0000    0.0000
   5221.35    0.0000   -0.0000    0.0000
   5222.38    0.0000   -0.0000    0.0000
   5223.42    0.0000   -0.0000    0.0000
   5224.45    0.0000   -0.0000    0.0000
   5225.48    0.0000   -0.0000    0.0000
   5226.51    0.0000    0.0000    0.0000
   5227.55    0.0000    0.0000    0.0000
   5228.58    0.0000    0.0000    0.0000
   5229.61    0.0000    0.0000    0.0000
   5230.64    0.0000    0.0000    0.0000
   5231.68    0.0000    0.0000    0.0000
   5232.71    0.0000    0.0000    0.0000
   5233.74    0.0000    0.0000    0.0000
   5234.77    0.0000    0.0000    0.0000
   5235.81    0.0000    0.0000    0.0000
   5236.84    0.0000    0.0000    0.0000
   5237.87    0.0000    0.0000    0.0000
   5238.90    0.0000   -0.0000    0.0000
   5239.94    0.0000   -0.0000    0.0000
   5240.97    0.0000   -0.0000    0.0000
   5242.00    0.0000   -0.0000    0.0000
   5243.03    0.0000   -0.0000    0.0000
   5244.07    0.0000   -0.0000    0.0000
   5245.10    0.0000   -0.0000   -0.0000
   5246.13    0.0000   -0.0000   -0.0000
   5247.16    0.0000   -0.0000   -0.0000
   5248.20    0.0000   -0.0000   -0.0000
   5249.23    0.0000   -0.0000   -0.0000
   5250.26    0.0000   -0.0000   -0.0000
   5251.29    0.0000   -0.0000   -0.0000
   5252.33    0.0000   -0.0000   -0.0000
   5253.36    0.0000   -0.0000   -0.0000
   5254.39    0.0000   -0.0000   -0.0000
   5255.42    0.0000   -0.0000   -0.0000
   5256.46    0.0000   -0.0000   -0.0000
   5257.49    0.0000   -0.0000   -0.0000
   5258.52    0.0000   -0.0000   -0.0000
   5259.55    0.0000   -0.0000   -0.0000
   5260.59    0.0000   -0.0000   -0.0000
   5261.62    0.0000   -0.0000   -0.0000
   5262.65    0.0000   -0.0000   -0.0000
   5263.68    0.0000   -0.0000   -0.0000
   5264.72    0.0000   -0.0000   -0.0000
   5265.75    0.0000   -0.0000   -0.0000
   5266.78    0.0000   -0.0000   -0.0000
   5267.81    0.0000   -0.0000   -0.0000
   5268.85    0.0000   -0.0000   -0.0000
   5269.88    0.0000   -0.0000   -0.0000
   5270.91    0.0000   -0.0000   -0.0000
   5271.94    0.0000    0.0000    0.0000
   5272.98    0.0000    0.0000    0.0000
   5274.01    0.0000    0.0000    0.0000
   5275.04    0.0000    0.0000    0.0000
   5276.07    0.0000    0.0000    0.0000
   5277.11    0.0000    0.0000    0.0000
   5278.14    0.0000    0.0000    0.0000
   5279.17    0.0000    0.0000    0.0000
   5280.20    0.0000    0.0000    0.0000
   5281.24    0.0000    0.0000    0.0000
   5282.27    0.0000    0.0000    0.0000
   5283.30    0.0000    0.0000   -0.0000
   5284.33    0.0000    0.0000   -0.0000
   5285.37    0.0000    0.0000   -0.0000
   5286.40    0.0000    0.0000   -0.0000
   5287.43    0.0000    0.0000   -0.0000
   5288.46    0.0000    0.0000    0.0000
