     #Time      Norm      Real      Imag
   4687.55    0.0000    0.0000    0.0000
   4688.58    0.0000    0.0000    0.0000
   4689.61    0.0000    0.0001    0.0000
   4690.65    0.0000    0.0001    0.0000
   4691.68    0.0000    0.0001    0.0001
   4692.71    0.0000    0.0002    0.0001
   4693.74    0.0000    0.0002    0.0001
   4694.78    0.0000    0.0003    0.0001
   4695.81    0.0000    0.0003    0.0000
   4696.84    0.0000    0.0003    0.0000
   4697.87    0.0000    0.0003    0.0000
   4698.91    0.0000    0.0002   -0.0000
   4699.94    0.0000    0.0002   -0.0001
   4700.97    0.0000    0.0001   -0.0001
   4702.00    0.0000    0.0000   -0.0002
   4703.04    0.0000   -0.0001   -0.0002
   4704.07    0.0000   -0.0001   -0.0003
   4705.10    0.0000   -0.0002   -0.0003
   4706.13    0.0000   -0.0002   -0.0004
   4707.17    0.0000   -0.0003   -0.0004
   4708.20    0.0000   -0.0003   -0.0004
   4709.23    0.0000   -0.0002   -0.0004
   4710.26    0.0000   -0.0002   -0.0003
   4711.30    0.0000   -0.0001   -0.0002
   4712.33    0.0000   -0.0000   -0.0002
   4713.36    0.0000    0.0000   -0.0001
   4714.39    0.0000    0.0001   -0.0000
   4715.43    0.0000    0.0001    0.0001
   4716.46    0.0000    0.0001    0.0001
   4717.49    0.0000    0.0001    0.0001
   4718.52    0.0000    0.0001    0.0001
   4719.56    0.0000   -0.0000    0.0001
   4720.59    0.0000   -0.0001    0.0000
   4721.62    0.0000   -0.0002   -0.0000
   4722.65    0.0000   -0.0002   -0.0001
   4723.69    0.0000   -0.0002   -0.0002
   4724.72    0.0000   -0.0002   -0.0002
   4725.75    0.0000   -0.0001   -0.0002
   4726.78    0.0000   -0.0000   -0.0001
   4727.82    0.0000    0.0001   -0.0000
   4728.85    0.0000    0.0001    0.0001
   4729.88    0.0000    0.0001    0.0002
   4730.91    0.0000    0.0001    0.0002
   4731.95    0.0000   -0.0001    0.0002
   4732.98    0.0000   -0.0002    0.0002
   4734.01    0.0000   -0.0003    0.0002
   4735.04    0.0000   -0.0003    0.0002
   4736.08    0.0000   -0.0004    0.0002
   4737.11    0.0000   -0.0004    0.0002
   4738.14    0.0000   -0.0004    0.0003
   4739.17    0.0000   -0.0004    0.0003
   4740.21    0.0000   -0.0003    0.0003
   4741.24    0.0000   -0.0002    0.0004
   4742.27    0.0000   -0.0000    0.0004
   4743.30    0.0000    0.0001    0.0004
   4744.34    0.0000    0.0003    0.0004
   4745.37    0.0000    0.0004    0.0003
   4746.40    0.0000    0.0005    0.0003
   4747.43    0.0000    0.0005    0.0003
   4748.47    0.0000    0.0004    0.0002
   4749.50    0.0000    0.0003    0.0002
   4750.53    0.0000    0.0001    0.0001
   4751.56    0.0000   -0.0001    0.0000
   4752.60    0.0000   -0.0003    0.0000
   4753.63    0.0000   -0.0004    0.0000
   4754.66    0.0000   -0.0005    0.0001
   4755.69    0.0000   -0.0005    0.0001
   4756.73    0.0000   -0.0004    0.0002
   4757.76    0.0000   -0.0003    0.0002
   4758.79    0.0000   -0.0003    0.0002
   4759.82    0.0000   -0.0003    0.0002
   4760.86    0.0000   -0.0003    0.0002
   4761.89    0.0000   -0.0003    0.0002
   4762.92    0.0000   -0.0003    0.0002
   4763.95    0.0000   -0.0003    0.0002
   4764.99    0.0000   -0.0004    0.0002
   4766.02    0.0000   -0.0004    0.0001
   4767.05    0.0000   -0.0004    0.0001
   4768.08    0.0000   -0.0004    0.0001
   4769.12    0.0000   -0.0004    0.0001
   4770.15    0.0000   -0.0004    0.0001
   4771.18    0.0000   -0.0004    0.0001
   4772.21    0.0000   -0.0004    0.0001
   4773.25    0.0000   -0.0004    0.0001
   4774.28    0.0000   -0.0004    0.0001
   4775.31    0.0000   -0.0003    0.0001
   4776.34    0.0000   -0.0003    0.0001
   4777.38    0.0000   -0.0003    0.0001
   4778.41    0.0000   -0.0003    0.0001
   4779.44    0.0000   -0.0003    0.0001
   4780.47    0.0000   -0.0003    0.0001
   4781.51    0.0000   -0.0003    0.0001
   4782.54    0.0000   -0.0003    0.0001
   4783.57    0.0000   -0.0003    0.0001
   4784.60    0.0000   -0.0003    0.0001
   4785.64    0.0000   -0.0003    0.0001
   4786.67    0.0000   -0.0004    0.0001
   4787.70    0.0000   -0.0004    0.0001
   4788.73    0.0000   -0.0004    0.0001
   4789.77    0.0000   -0.0004    0.0001
   4790.80    0.0000   -0.0003    0.0000
   4791.83    0.0000   -0.0003    0.0000
   4792.86    0.0000   -0.0003    0.0000
   4793.90    0.0000   -0.0003   -0.0000
   4794.93    0.0000   -0.0003   -0.0000
   4795.96    0.0000   -0.0003   -0.0000
   4796.99    0.0000   -0.0003   -0.0000
   4798.03    0.0000   -0.0003   -0.0000
   4799.06    0.0000   -0.0003   -0.0000
   4800.09    0.0000   -0.0003   -0.0000
   4801.12    0.0000   -0.0003   -0.0000
   4802.16    0.0000   -0.0003   -0.0000
   4803.19    0.0000   -0.0003   -0.0000
   4804.22    0.0000   -0.0003   -0.0000
   4805.25    0.0000   -0.0003   -0.0001
   4806.29    0.0000   -0.0003   -0.0001
   4807.32    0.0000   -0.0003   -0.0001
   4808.35    0.0000   -0.0003   -0.0001
   4809.38    0.0000   -0.0003   -0.0001
   4810.42    0.0000   -0.0002   -0.0001
   4811.45    0.0000   -0.0002   -0.0001
   4812.48    0.0000   -0.0002   -0.0000
   4813.51    0.0000   -0.0002   -0.0000
   4814.55    0.0000   -0.0002   -0.0000
   4815.58    0.0000   -0.0002   -0.0000
   4816.61    0.0000   -0.0001   -0.0001
   4817.64    0.0000   -0.0001   -0.0001
   4818.68    0.0000   -0.0001   -0.0001
   4819.71    0.0000   -0.0001   -0.0001
   4820.74    0.0000   -0.0002   -0.0002
   4821.77    0.0000   -0.0002   -0.0002
   4822.81    0.0000   -0.0002   -0.0002
   4823.84    0.0000   -0.0002   -0.0002
   4824.87    0.0000   -0.0002   -0.0002
   4825.90    0.0000   -0.0001   -0.0002
   4826.94    0.0000   -0.0001   -0.0002
   4827.97    0.0000   -0.0000   -0.0002
   4829.00    0.0000   -0.0000   -0.0002
   4830.03    0.0000   -0.0001   -0.0002
   4831.07    0.0000   -0.0001   -0.0002
   4832.10    0.0000   -0.0002   -0.0002
   4833.13    0.0000   -0.0002   -0.0002
   4834.16    0.0000   -0.0002   -0.0002
   4835.20    0.0000   -0.0001   -0.0002
   4836.23    0.0000   -0.0001   -0.0003
   4837.26    0.0000   -0.0001   -0.0003
   4838.29    0.0000   -0.0001   -0.0003
   4839.33    0.0000   -0.0001   -0.0003
   4840.36    0.0000   -0.0002   -0.0003
   4841.39    0.0000   -0.0002   -0.0002
   4842.42    0.0000   -0.0002   -0.0002
   4843.46    0.0000   -0.0002   -0.0002
   4844.49    0.0000   -0.0002   -0.0002
   4845.52    0.0000   -0.0003   -0.0002
   4846.55    0.0000   -0.0003   -0.0002
   4847.59    0.0000   -0.0003   -0.0003
   4848.62    0.0000   -0.0003   -0.0003
   4849.65    0.0000   -0.0003   -0.0003
   4850.68    0.0000   -0.0003   -0.0002
   4851.72    0.0000   -0.0003   -0.0002
   4852.75    0.0000   -0.0003   -0.0002
   4853.78    0.0000   -0.0003   -0.0002
   4854.81    0.0000   -0.0003   -0.0002
   4855.85    0.0000   -0.0003   -0.0002
   4856.88    0.0000   -0.0003   -0.0002
   4857.91    0.0000   -0.0003   -0.0002
   4858.94    0.0000   -0.0003   -0.0002
   4859.98    0.0000   -0.0003   -0.0002
   4861.01    0.0000   -0.0002   -0.0002
   4862.04    0.0000   -0.0002   -0.0002
   4863.07    0.0000   -0.0002   -0.0003
   4864.11    0.0000   -0.0002   -0.0003
   4865.14    0.0000   -0.0002   -0.0003
   4866.17    0.0000   -0.0001   -0.0003
   4867.20    0.0000   -0.0001   -0.0003
   4868.24    0.0000   -0.0001   -0.0003
   4869.27    0.0000   -0.0000   -0.0002
   4870.30    0.0000   -0.0000   -0.0003
   4871.33    0.0000   -0.0000   -0.0003
   4872.37    0.0000   -0.0000   -0.0004
   4873.40    0.0000    0.0000   -0.0004
   4874.43    0.0000    0.0000   -0.0004
   4875.46    0.0000    0.0000   -0.0005
   4876.50    0.0000    0.0000   -0.0005
   4877.53    0.0000   -0.0000   -0.0005
   4878.56    0.0000   -0.0001   -0.0004
   4879.59    0.0000   -0.0001   -0.0004
   4880.63    0.0000   -0.0001   -0.0004
   4881.66    0.0000   -0.0001   -0.0003
   4882.69    0.0000   -0.0001   -0.0003
   4883.72    0.0000   -0.0001   -0.0003
   4884.76    0.0000   -0.0001   -0.0003
   4885.79    0.0000   -0.0001   -0.0003
   4886.82    0.0000   -0.0001   -0.0003
   4887.85    0.0000   -0.0001   -0.0003
   4888.89    0.0000   -0.0001   -0.0003
   4889.92    0.0000   -0.0001   -0.0003
   4890.95    0.0000   -0.0001   -0.0002
   4891.98    0.0000   -0.0002   -0.0002
   4893.02    0.0000   -0.0002   -0.0002
   4894.05    0.0000   -0.0001   -0.0002
   4895.08    0.0000   -0.0001   -0.0002
   4896.11    0.0000   -0.0001   -0.0002
   4897.15    0.0000   -0.0001   -0.0002
   4898.18    0.0000   -0.0001   -0.0002
   4899.21    0.0000   -0.0001   -0.0002
   4900.24    0.0000   -0.0001   -0.0002
   4901.28    0.0000   -0.0002   -0.0002
   4902.31    0.0000   -0.0002   -0.0002
   4903.34    0.0000   -0.0002   -0.0002
   4904.37    0.0000   -0.0002   -0.0002
   4905.41    0.0000   -0.0002   -0.0002
   4906.44    0.0000   -0.0002   -0.0001
   4907.47    0.0000   -0.0002   -0.0001
   4908.50    0.0000   -0.0002   -0.0001
   4909.54    0.0000   -0.0002   -0.0001
   4910.57    0.0000   -0.0001   -0.0001
   4911.60    0.0000   -0.0001   -0.0001
   4912.63    0.0000   -0.0001   -0.0001
   4913.67    0.0000   -0.0002   -0.0001
   4914.70    0.0000   -0.0002   -0.0001
   4915.73    0.0000   -0.0002   -0.0001
   4916.76    0.0000   -0.0002   -0.0001
   4917.80    0.0000   -0.0002   -0.0001
   4918.83    0.0000   -0.0002   -0.0001
   4919.86    0.0000   -0.0002   -0.0001
   4920.89    0.0000   -0.0002   -0.0001
   4921.93    0.0000   -0.0002   -0.0001
   4922.96    0.0000   -0.0002   -0.0001
   4923.99    0.0000   -0.0002   -0.0001
   4925.02    0.0000   -0.0002   -0.0001
   4926.06    0.0000   -0.0002   -0.0001
   4927.09    0.0000   -0.0002   -0.0001
   4928.12    0.0000   -0.0002   -0.0001
   4929.15    0.0000   -0.0002   -0.0001
   4930.19    0.0000   -0.0002   -0.0001
   4931.22    0.0000   -0.0002   -0.0001
   4932.25    0.0000   -0.0002   -0.0001
   4933.28    0.0000   -0.0002   -0.0001
   4934.32    0.0000   -0.0002   -0.0001
   4935.35    0.0000   -0.0002   -0.0001
   4936.38    0.0000   -0.0002   -0.0001
   4937.41    0.0000   -0.0002   -0.0001
   4938.45    0.0000   -0.0002   -0.0001
   4939.48    0.0000   -0.0002   -0.0001
   4940.51    0.0000   -0.0002   -0.0001
   4941.54    0.0000   -0.0002   -0.0001
   4942.58    0.0000   -0.0002   -0.0001
   4943.61    0.0000   -0.0002   -0.0001
   4944.64    0.0000   -0.0002   -0.0001
   4945.67    0.0000   -0.0002   -0.0001
   4946.71    0.0000   -0.0002   -0.0001
   4947.74    0.0000   -0.0002   -0.0001
   4948.77    0.0000   -0.0002   -0.0001
   4949.80    0.0000   -0.0002   -0.0001
   4950.84    0.0000   -0.0002   -0.0002
   4951.87    0.0000   -0.0002   -0.0002
   4952.90    0.0000   -0.0002   -0.0002
   4953.93    0.0000   -0.0002   -0.0002
   4954.97    0.0000   -0.0002   -0.0002
   4956.00    0.0000   -0.0002   -0.0002
   4957.03    0.0000   -0.0002   -0.0002
   4958.06    0.0000   -0.0002   -0.0002
   4959.10    0.0000   -0.0002   -0.0002
   4960.13    0.0000   -0.0002   -0.0002
   4961.16    0.0000   -0.0002   -0.0002
   4962.19    0.0000   -0.0002   -0.0003
   4963.23    0.0000   -0.0002   -0.0003
   4964.26    0.0000   -0.0002   -0.0003
   4965.29    0.0000   -0.0002   -0.0003
   4966.32    0.0000   -0.0002   -0.0003
   4967.36    0.0000   -0.0002   -0.0003
   4968.39    0.0000   -0.0002   -0.0003
   4969.42    0.0000   -0.0002   -0.0003
   4970.45    0.0000   -0.0002   -0.0003
   4971.49    0.0000   -0.0002   -0.0003
   4972.52    0.0000   -0.0002   -0.0002
   4973.55    0.0000   -0.0002   -0.0002
   4974.58    0.0000   -0.0002   -0.0002
   4975.62    0.0000   -0.0002   -0.0002
   4976.65    0.0000   -0.0002   -0.0002
   4977.68    0.0000   -0.0001   -0.0002
   4978.71    0.0000   -0.0001   -0.0002
   4979.75    0.0000   -0.0001   -0.0002
   4980.78    0.0000   -0.0001   -0.0002
   4981.81    0.0000   -0.0001   -0.0002
   4982.84    0.0000   -0.0001   -0.0002
   4983.88    0.0000   -0.0001   -0.0002
   4984.91    0.0000   -0.0001   -0.0002
   4985.94    0.0000   -0.0001   -0.0002
   4986.97    0.0000   -0.0001   -0.0002
   4988.01    0.0000   -0.0001   -0.0002
   4989.04    0.0000   -0.0001   -0.0002
   4990.07    0.0000   -0.0001   -0.0002
   4991.10    0.0000   -0.0001   -0.0002
   4992.14    0.0000   -0.0001   -0.0002
   4993.17    0.0000   -0.0001   -0.0003
   4994.20    0.0000   -0.0001   -0.0003
   4995.23    0.0000   -0.0001   -0.0003
   4996.27    0.0000   -0.0002   -0.0003
   4997.30    0.0000   -0.0002   -0.0003
   4998.33    0.0000   -0.0002   -0.0003
   4999.36    0.0000   -0.0002   -0.0003
   5000.40    0.0000   -0.0002   -0.0003
   5001.43    0.0000   -0.0002   -0.0003
   5002.46    0.0000   -0.0002   -0.0003
   5003.49    0.0000   -0.0002   -0.0004
   5004.53    0.0000   -0.0002   -0.0004
   5005.56    0.0000   -0.0002   -0.0004
   5006.59    0.0000   -0.0002   -0.0004
   5007.62    0.0000   -0.0002   -0.0004
   5008.66    0.0000   -0.0002   -0.0004
   5009.69    0.0000   -0.0002   -0.0004
   5010.72    0.0000   -0.0002   -0.0004
   5011.75    0.0000   -0.0002   -0.0004
   5012.79    0.0000   -0.0002   -0.0004
   5013.82    0.0000   -0.0002   -0.0004
   5014.85    0.0000   -0.0002   -0.0004
   5015.88    0.0000   -0.0002   -0.0004
   5016.92    0.0000   -0.0002   -0.0004
   5017.95    0.0000   -0.0002   -0.0004
   5018.98    0.0000   -0.0002   -0.0004
   5020.01    0.0000   -0.0002   -0.0004
   5021.05    0.0000   -0.0002   -0.0004
   5022.08    0.0000   -0.0002   -0.0004
   5023.11    0.0000   -0.0002   -0.0004
   5024.14    0.0000   -0.0002   -0.0004
   5025.18    0.0000   -0.0002   -0.0004
   5026.21    0.0000   -0.0002   -0.0004
   5027.24    0.0000   -0.0002   -0.0004
   5028.27    0.0000   -0.0002   -0.0004
   5029.31    0.0000   -0.0002   -0.0004
   5030.34    0.0000   -0.0002   -0.0004
   5031.37    0.0000   -0.0002   -0.0004
   5032.40    0.0000   -0.0002   -0.0004
   5033.44    0.0000   -0.0002   -0.0004
   5034.47    0.0000   -0.0002   -0.0004
   5035.50    0.0000   -0.0002   -0.0004
   5036.53    0.0000   -0.0002   -0.0004
   5037.57    0.0000   -0.0002   -0.0004
   5038.60    0.0000   -0.0002   -0.0004
   5039.63    0.0000   -0.0002   -0.0004
   5040.66    0.0000   -0.0002   -0.0004
   5041.70    0.0000   -0.0002   -0.0004
   5042.73    0.0000   -0.0002   -0.0004
   5043.76    0.0000   -0.0002   -0.0004
   5044.79    0.0000   -0.0002   -0.0004
   5045.83    0.0000   -0.0002   -0.0004
   5046.86    0.0000   -0.0002   -0.0004
   5047.89    0.0000   -0.0002   -0.0004
   5048.92    0.0000   -0.0002   -0.0004
   5049.96    0.0000   -0.0002   -0.0004
   5050.99    0.0000   -0.0002   -0.0004
   5052.02    0.0000   -0.0002   -0.0004
   5053.05    0.0000   -0.0002   -0.0004
   5054.09    0.0000   -0.0002   -0.0004
   5055.12    0.0000   -0.0002   -0.0004
   5056.15    0.0000   -0.0002   -0.0004
   5057.18    0.0000   -0.0002   -0.0004
   5058.22    0.0000   -0.0002   -0.0004
   5059.25    0.0000   -0.0002   -0.0004
   5060.28    0.0000   -0.0002   -0.0004
   5061.31    0.0000   -0.0002   -0.0004
   5062.35    0.0000   -0.0002   -0.0004
   5063.38    0.0000   -0.0002   -0.0004
   5064.41    0.0000   -0.0002   -0.0004
   5065.44    0.0000   -0.0002   -0.0004
   5066.48    0.0000   -0.0002   -0.0004
   5067.51    0.0000   -0.0002   -0.0004
   5068.54    0.0000   -0.0002   -0.0004
   5069.57    0.0000   -0.0002   -0.0004
   5070.61    0.0000   -0.0002   -0.0004
   5071.64    0.0000   -0.0002   -0.0004
   5072.67    0.0000   -0.0002   -0.0004
   5073.70    0.0000   -0.0002   -0.0004
   5074.74    0.0000   -0.0002   -0.0004
   5075.77    0.0000   -0.0002   -0.0004
   5076.80    0.0000   -0.0002   -0.0004
   5077.83    0.0000   -0.0002   -0.0004
   5078.87    0.0000   -0.0002   -0.0004
   5079.90    0.0000   -0.0002   -0.0004
   5080.93    0.0000   -0.0002   -0.0004
   5081.96    0.0000   -0.0002   -0.0004
   5083.00    0.0000   -0.0002   -0.0004
   5084.03    0.0000   -0.0002   -0.0004
   5085.06    0.0000   -0.0002   -0.0004
   5086.09    0.0000   -0.0002   -0.0004
   5087.13    0.0000   -0.0002   -0.0004
   5088.16    0.0000   -0.0002   -0.0004
   5089.19    0.0000   -0.0002   -0.0004
   5090.22    0.0000   -0.0002   -0.0004
   5091.26    0.0000   -0.0002   -0.0004
   5092.29    0.0000   -0.0002   -0.0004
   5093.32    0.0000   -0.0002   -0.0004
   5094.35    0.0000   -0.0002   -0.0004
   5095.39    0.0000   -0.0002   -0.0004
   5096.42    0.0000   -0.0002   -0.0004
   5097.45    0.0000   -0.0002   -0.0004
   5098.48    0.0000   -0.0002   -0.0004
   5099.52    0.0000   -0.0002   -0.0004
   5100.55    0.0000   -0.0002   -0.0004
   5101.58    0.0000   -0.0002   -0.0004
   5102.61    0.0000   -0.0002   -0.0004
   5103.65    0.0000   -0.0002   -0.0004
   5104.68    0.0000   -0.0002   -0.0004
   5105.71    0.0000   -0.0003   -0.0004
   5106.74    0.0000   -0.0003   -0.0004
   5107.78    0.0000   -0.0003   -0.0004
   5108.81    0.0000   -0.0003   -0.0004
   5109.84    0.0000   -0.0003   -0.0004
   5110.87    0.0000   -0.0003   -0.0004
   5111.91    0.0000   -0.0003   -0.0004
   5112.94    0.0000   -0.0003   -0.0004
   5113.97    0.0000   -0.0003   -0.0004
   5115.00    0.0000   -0.0003   -0.0004
   5116.04    0.0000   -0.0003   -0.0004
   5117.07    0.0000   -0.0003   -0.0004
   5118.10    0.0000   -0.0003   -0.0004
   5119.13    0.0000   -0.0003   -0.0004
   5120.17    0.0000   -0.0003   -0.0004
   5121.20    0.0000   -0.0003   -0.0004
   5122.23    0.0000   -0.0003   -0.0004
   5123.26    0.0000   -0.0003   -0.0004
   5124.30    0.0000   -0.0003   -0.0004
   5125.33    0.0000   -0.0003   -0.0004
   5126.36    0.0000   -0.0003   -0.0004
   5127.39    0.0000   -0.0003   -0.0004
   5128.43    0.0000   -0.0003   -0.0004
   5129.46    0.0000   -0.0003   -0.0004
   5130.49    0.0000   -0.0003   -0.0004
   5131.52    0.0000   -0.0003   -0.0004
   5132.56    0.0000   -0.0003   -0.0004
   5133.59    0.0000   -0.0003   -0.0004
   5134.62    0.0000   -0.0003   -0.0004
   5135.65    0.0000   -0.0003   -0.0004
   5136.69    0.0000   -0.0003   -0.0004
   5137.72    0.0000   -0.0003   -0.0004
   5138.75    0.0000   -0.0003   -0.0004
   5139.78    0.0000   -0.0003   -0.0004
   5140.82    0.0000   -0.0003   -0.0004
   5141.85    0.0000   -0.0003   -0.0004
   5142.88    0.0000   -0.0003   -0.0004
   5143.91    0.0000   -0.0003   -0.0004
   5144.95    0.0000   -0.0003   -0.0004
   5145.98    0.0000   -0.0003   -0.0004
   5147.01    0.0000   -0.0003   -0.0004
   5148.04    0.0000   -0.0003   -0.0004
   5149.08    0.0000   -0.0003   -0.0004
   5150.11    0.0000   -0.0003   -0.0004
   5151.14    0.0000   -0.0003   -0.0004
   5152.17    0.0000   -0.0003   -0.0004
   5153.21    0.0000   -0.0003   -0.0004
   5154.24    0.0000   -0.0003   -0.0004
   5155.27    0.0000   -0.0003   -0.0004
   5156.30    0.0000   -0.0003   -0.0004
   5157.34    0.0000   -0.0003   -0.0004
   5158.37    0.0000   -0.0003   -0.0004
   5159.40    0.0000   -0.0003   -0.0004
   5160.43    0.0000   -0.0003   -0.0004
   5161.47    0.0000   -0.0003   -0.0004
   5162.50    0.0000   -0.0003   -0.0004
   5163.53    0.0000   -0.0003   -0.0004
   5164.56    0.0000   -0.0003   -0.0004
   5165.60    0.0000   -0.0003   -0.0004
   5166.63    0.0000   -0.0003   -0.0004
   5167.66    0.0000   -0.0003   -0.0004
   5168.69    0.0000   -0.0003   -0.0004
   5169.73    0.0000   -0.0003   -0.0004
   5170.76    0.0000   -0.0003   -0.0004
   5171.79    0.0000   -0.0003   -0.0004
   5172.82    0.0000   -0.0003   -0.0004
   5173.86    0.0000   -0.0003   -0.0005
   5174.89    0.0000   -0.0003   -0.0005
   5175.92    0.0000   -0.0003   -0.0005
   5176.95    0.0000   -0.0003   -0.0005
   5177.99    0.0000   -0.0003   -0.0005
   5179.02    0.0000   -0.0003   -0.0005
   5180.05    0.0000   -0.0003   -0.0005
   5181.08    0.0000   -0.0003   -0.0005
   5182.12    0.0000   -0.0003   -0.0005
   5183.15    0.0000   -0.0003   -0.0005
   5184.18    0.0000   -0.0003   -0.0005
   5185.21    0.0000   -0.0003   -0.0005
   5186.25    0.0000   -0.0003   -0.0005
   5187.28    0.0000   -0.0003   -0.0005
   5188.31    0.0000   -0.0002   -0.0005
   5189.34    0.0000   -0.0002   -0.0005
   5190.38    0.0000   -0.0002   -0.0005
   5191.41    0.0000   -0.0002   -0.0005
   5192.44    0.0000   -0.0002   -0.0005
   5193.47    0.0000   -0.0002   -0.0005
   5194.51    0.0000   -0.0002   -0.0005
   5195.54    0.0000   -0.0002   -0.0005
   5196.57    0.0000   -0.0002   -0.0005
   5197.60    0.0000   -0.0002   -0.0005
   5198.64    0.0000   -0.0002   -0.0005
   5199.67    0.0000   -0.0002   -0.0005
   5200.70    0.0000   -0.0002   -0.0005
   5201.73    0.0000   -0.0002   -0.0005
   5202.77    0.0000   -0.0002   -0.0005
   5203.80    0.0000   -0.0002   -0.0006
   5204.83    0.0000   -0.0002   -0.0006
   5205.86    0.0000   -0.0002   -0.0006
   5206.90    0.0000   -0.0002   -0.0006
   5207.93    0.0000   -0.0002   -0.0006
   5208.96    0.0000   -0.0002   -0.0006
   5209.99    0.0000   -0.0002   -0.0006
   5211.03    0.0000   -0.0002   -0.0006
   5212.06    0.0000   -0.0002   -0.0006
   5213.09    0.0000   -0.0002   -0.0006
   5214.12    0.0000   -0.0002   -0.0006
   5215.16    0.0000   -0.0001   -0.0006
   5216.19    0.0000   -0.0001   -0.0006
   5217.22    0.0000   -0.0001   -0.0006
   5218.25    0.0000   -0.0001   -0.0006
   5219.29    0.0000   -0.0001   -0.0006
   5220.32    0.0000   -0.0001   -0.0006
   5221.35    0.0000   -0.0001   -0.0006
   5222.38    0.0000   -0.0001   -0.0006
   5223.42    0.0000   -0.0001   -0.0006
   5224.45    0.0000   -0.0001   -0.0006
   5225.48    0.0000   -0.0001   -0.0006
   5226.51    0.0000   -0.0001   -0.0006
   5227.55    0.0000   -0.0001   -0.0006
   5228.58    0.0000   -0.0001   -0.0006
   5229.61    0.0000   -0.0001   -0.0006
   5230.64    0.0000   -0.0001   -0.0006
   5231.68    0.0000   -0.0000   -0.0006
   5232.71    0.0000   -0.0000   -0.0006
   5233.74    0.0000   -0.0000   -0.0006
   5234.77    0.0000   -0.0000   -0.0005
   5235.81    0.0000   -0.0000   -0.0005
   5236.84    0.0000   -0.0000   -0.0005
   5237.87    0.0000   -0.0000   -0.0005
   5238.90    0.0000   -0.0000   -0.0005
   5239.94    0.0000   -0.0000   -0.0005
   5240.97    0.0000   -0.0000   -0.0005
   5242.00    0.0000   -0.0000   -0.0005
   5243.03    0.0000   -0.0000   -0.0005
   5244.07    0.0000   -0.0000   -0.0005
   5245.10    0.0000   -0.0000   -0.0005
   5246.13    0.0000   -0.0000   -0.0005
   5247.16    0.0000   -0.0000   -0.0005
   5248.20    0.0000   -0.0000   -0.0004
   5249.23    0.0000    0.0000   -0.0003
   5250.26    0.0000    0.0001   -0.0000
   5251.29    0.0000    0.0001    0.0002
   5252.33    0.0000    0.0001    0.0003
   5253.36    0.0000    0.0001    0.0005
   5254.39    0.0000    0.0001    0.0005
   5255.42    0.0000    0.0000    0.0004
   5256.46    0.0000   -0.0000    0.0003
   5257.49    0.0000   -0.0000    0.0001
   5258.52    0.0000   -0.0001   -0.0001
   5259.55    0.0000   -0.0002   -0.0003
   5260.59    0.0000   -0.0002   -0.0005
   5261.62    0.0000   -0.0002   -0.0005
   5262.65    0.0000   -0.0002   -0.0004
   5263.68    0.0000   -0.0001   -0.0002
   5264.72    0.0000   -0.0000    0.0000
   5265.75    0.0000    0.0001    0.0002
   5266.78    0.0000    0.0001    0.0003
   5267.81    0.0000    0.0001    0.0002
   5268.85    0.0000    0.0001    0.0001
   5269.88    0.0000    0.0001   -0.0001
   5270.91    0.0000    0.0000   -0.0003
   5271.94    0.0000    0.0000   -0.0005
   5272.98    0.0000   -0.0000   -0.0006
   5274.01    0.0000   -0.0000   -0.0006
   5275.04    0.0000    0.0000   -0.0006
   5276.07    0.0000    0.0001   -0.0004
   5277.11    0.0000    0.0001   -0.0002
   5278.14    0.0000    0.0002   -0.0000
   5279.17    0.0000    0.0002    0.0001
   5280.20    0.0000    0.0003    0.0002
   5281.24    0.0000    0.0003    0.0002
   5282.27    0.0000    0.0003    0.0001
   5283.30    0.0000    0.0003   -0.0001
   5284.33    0.0000    0.0002   -0.0002
   5285.37    0.0000    0.0002   -0.0004
   5286.40    0.0000    0.0002   -0.0006
   5287.43    0.0000    0.0002   -0.0007
   5288.46    0.0000    0.0002   -0.0007
   5289.50    0.0000    0.0002   -0.0007
   5290.53    0.0000    0.0002   -0.0006
   5291.56    0.0000    0.0002   -0.0005
   5292.59    0.0000    0.0002   -0.0003
   5293.63    0.0000    0.0003   -0.0001
   5294.66    0.0000    0.0003    0.0000
   5295.69    0.0000    0.0003    0.0002
   5296.72    0.0000    0.0003    0.0003
   5297.76    0.0000    0.0003    0.0003
   5298.79    0.0000    0.0003    0.0002
   5299.82    0.0000    0.0003    0.0002
   5300.85    0.0000    0.0003    0.0000
   5301.89    0.0000    0.0003   -0.0001
   5302.92    0.0000    0.0003   -0.0003
   5303.95    0.0000    0.0002   -0.0004
   5304.98    0.0000    0.0002   -0.0006
