     #Time      Norm      Real      Imag
   4643.15    0.0000    0.0000   -0.0000
   4644.18    0.0000    0.0000   -0.0000
   4645.22    0.0000    0.0000   -0.0001
   4646.25    0.0000   -0.0000   -0.0001
   4647.28    0.0000   -0.0000   -0.0001
   4648.31    0.0000   -0.0000   -0.0001
   4649.35    0.0000   -0.0001   -0.0000
   4650.38    0.0000   -0.0001   -0.0000
   4651.41    0.0000   -0.0001    0.0000
   4652.44    0.0000   -0.0001    0.0001
   4653.48    0.0000   -0.0002    0.0001
   4654.51    0.0000   -0.0002    0.0001
   4655.54    0.0000   -0.0002    0.0001
   4656.57    0.0000   -0.0002    0.0001
   4657.61    0.0000   -0.0002    0.0001
   4658.64    0.0000   -0.0002    0.0001
   4659.67    0.0000   -0.0002    0.0001
   4660.70    0.0000   -0.0002    0.0000
   4661.74    0.0000   -0.0002    0.0000
   4662.77    0.0000   -0.0002   -0.0000
   4663.80    0.0000   -0.0002   -0.0000
   4664.83    0.0000   -0.0002   -0.0001
   4665.87    0.0000   -0.0003   -0.0000
   4666.90    0.0000   -0.0003   -0.0000
   4667.93    0.0000   -0.0003    0.0000
   4668.96    0.0000   -0.0003    0.0001
   4670.00    0.0000   -0.0003    0.0001
   4671.03    0.0000   -0.0003    0.0002
   4672.06    0.0000   -0.0003    0.0002
   4673.09    0.0000   -0.0003    0.0002
   4674.13    0.0000   -0.0003    0.0003
   4675.16    0.0000   -0.0003    0.0003
   4676.19    0.0000   -0.0002    0.0002
   4677.22    0.0000   -0.0002    0.0002
   4678.26    0.0000   -0.0002    0.0001
   4679.29    0.0000   -0.0002    0.0001
   4680.32    0.0000   -0.0002    0.0000
   4681.35    0.0000   -0.0002   -0.0000
   4682.39    0.0000   -0.0002   -0.0000
   4683.42    0.0000   -0.0002    0.0000
   4684.45    0.0000   -0.0002    0.0001
   4685.48    0.0000   -0.0002    0.0001
   4686.52    0.0000   -0.0002    0.0002
   4687.55    0.0000   -0.0002    0.0002
   4688.58    0.0000   -0.0002    0.0003
   4689.61    0.0000   -0.0002    0.0003
   4690.65    0.0000   -0.0003    0.0003
   4691.68    0.0000   -0.0003    0.0004
   4692.71    0.0000   -0.0003    0.0004
   4693.74    0.0000   -0.0003    0.0004
   4694.78    0.0000   -0.0004    0.0005
   4695.81    0.0000   -0.0004    0.0005
   4696.84    0.0000   -0.0004    0.0006
   4697.87    0.0000   -0.0005    0.0006
   4698.91    0.0000   -0.0005    0.0006
   4699.94    0.0000   -0.0006    0.0007
   4700.97    0.0000   -0.0006    0.0007
   4702.00    0.0000   -0.0007    0.0007
   4703.04    0.0000   -0.0007    0.0007
   4704.07    0.0000   -0.0007    0.0007
   4705.10    0.0000   -0.0007    0.0007
   4706.13    0.0000   -0.0007    0.0007
   4707.17    0.0000   -0.0007    0.0007
   4708.20    0.0000   -0.0007    0.0007
   4709.23    0.0000   -0.0007    0.0007
   4710.26    0.0000   -0.0007    0.0007
   4711.30    0.0000   -0.0007    0.0007
   4712.33    0.0000   -0.0007    0.0007
   4713.36    0.0000   -0.0007    0.0007
   4714.39    0.0000   -0.0007    0.0007
   4715.43    0.0000   -0.0007    0.0006
   4716.46    0.0000   -0.0006    0.0006
   4717.49    0.0000   -0.0006    0.0005
   4718.52    0.0000   -0.0005    0.0005
   4719.56    0.0000   -0.0005    0.0004
   4720.59    0.0000   -0.0005    0.0005
   4721.62    0.0000   -0.0005    0.0005
   4722.65    0.0000   -0.0005    0.0005
   4723.69    0.0000   -0.0005    0.0006
   4724.72    0.0000   -0.0005    0.0006
   4725.75    0.0000   -0.0006    0.0006
   4726.78    0.0000   -0.0006    0.0005
   4727.82    0.0000   -0.0006    0.0005
   4728.85    0.0000   -0.0005    0.0005
   4729.88    0.0000   -0.0005    0.0004
   4730.91    0.0000   -0.0004    0.0004
   4731.95    0.0000   -0.0004    0.0003
   4732.98    0.0000   -0.0003    0.0003
   4734.01    0.0000   -0.0003    0.0003
   4735.04    0.0000   -0.0003    0.0003
   4736.08    0.0000   -0.0003    0.0003
   4737.11    0.0000   -0.0003    0.0003
   4738.14    0.0000   -0.0003    0.0003
   4739.17    0.0000   -0.0003    0.0003
   4740.21    0.0000   -0.0003    0.0003
   4741.24    0.0000   -0.0003    0.0003
   4742.27    0.0000   -0.0002    0.0003
   4743.30    0.0000   -0.0002    0.0002
   4744.34    0.0000   -0.0002    0.0002
   4745.37    0.0000   -0.0003    0.0001
   4746.40    0.0000   -0.0003    0.0001
   4747.43    0.0000   -0.0002    0.0002
   4748.47    0.0000   -0.0002    0.0002
   4749.50    0.0000   -0.0002    0.0002
   4750.53    0.0000   -0.0001    0.0003
   4751.56    0.0000   -0.0000    0.0003
   4752.60    0.0000    0.0000    0.0004
   4753.63    0.0000    0.0001    0.0004
   4754.66    0.0000    0.0002    0.0005
   4755.69    0.0000    0.0002    0.0005
   4756.73    0.0000    0.0003    0.0006
   4757.76    0.0000    0.0003    0.0006
   4758.79    0.0000    0.0003    0.0005
   4759.82    0.0000    0.0003    0.0005
   4760.86    0.0000    0.0003    0.0004
   4761.89    0.0000    0.0003    0.0003
   4762.92    0.0000    0.0003    0.0002
   4763.95    0.0000    0.0004    0.0002
   4764.99    0.0000    0.0004    0.0002
   4766.02    0.0000    0.0005    0.0003
   4767.05    0.0000    0.0006    0.0004
   4768.08    0.0000    0.0007    0.0004
   4769.12    0.0000    0.0007    0.0004
   4770.15    0.0000    0.0007    0.0004
   4771.18    0.0000    0.0007    0.0004
   4772.21    0.0000    0.0007    0.0003
   4773.25    0.0000    0.0007    0.0003
   4774.28    0.0000    0.0007    0.0002
   4775.31    0.0000    0.0007    0.0002
   4776.34    0.0000    0.0007    0.0002
   4777.38    0.0000    0.0006    0.0002
   4778.41    0.0000    0.0006    0.0002
   4779.44    0.0000    0.0005    0.0002
   4780.47    0.0000    0.0004    0.0001
   4781.51    0.0000    0.0004   -0.0000
   4782.54    0.0000    0.0003   -0.0003
   4783.57    0.0000    0.0003   -0.0006
   4784.60    0.0000    0.0003   -0.0008
   4785.64    0.0000    0.0002   -0.0009
   4786.67    0.0000    0.0001   -0.0010
   4787.70    0.0000    0.0001   -0.0010
   4788.73    0.0000   -0.0000   -0.0009
   4789.77    0.0000   -0.0001   -0.0008
   4790.80    0.0000   -0.0002   -0.0006
   4791.83    0.0000   -0.0003   -0.0004
   4792.86    0.0000   -0.0005   -0.0002
   4793.90    0.0000   -0.0007    0.0001
   4794.93    0.0000   -0.0009    0.0003
   4795.96    0.0000   -0.0010    0.0005
   4796.99    0.0000   -0.0010    0.0007
   4798.03    0.0000   -0.0008    0.0008
   4799.06    0.0000   -0.0005    0.0008
   4800.09    0.0000   -0.0002    0.0006
   4801.12    0.0000    0.0001    0.0004
   4802.16    0.0000    0.0004    0.0001
   4803.19    0.0000    0.0006   -0.0002
   4804.22    0.0000    0.0008   -0.0004
   4805.25    0.0000    0.0009   -0.0005
   4806.29    0.0000    0.0009   -0.0005
   4807.32    0.0000    0.0008   -0.0004
   4808.35    0.0000    0.0006   -0.0002
   4809.38    0.0000    0.0002   -0.0001
   4810.42    0.0000   -0.0002    0.0000
   4811.45    0.0000   -0.0004    0.0000
   4812.48    0.0000   -0.0005    0.0000
   4813.51    0.0000   -0.0004    0.0000
   4814.55    0.0000   -0.0000    0.0001
   4815.58    0.0000    0.0004    0.0002
   4816.61    0.0000    0.0006    0.0003
   4817.64    0.0000    0.0006    0.0004
   4818.68    0.0000    0.0003    0.0005
   4819.71    0.0000   -0.0001    0.0005
   4820.74    0.0000   -0.0005    0.0004
   4821.77    0.0000   -0.0006    0.0003
   4822.81    0.0000   -0.0005    0.0003
   4823.84    0.0000   -0.0004    0.0003
   4824.87    0.0000   -0.0004    0.0004
   4825.90    0.0000   -0.0003    0.0005
   4826.94    0.0000   -0.0002    0.0005
   4827.97    0.0000   -0.0002    0.0004
   4829.00    0.0000   -0.0002    0.0004
   4830.03    0.0000   -0.0003    0.0004
   4831.07    0.0000   -0.0003    0.0004
   4832.10    0.0000   -0.0003    0.0005
   4833.13    0.0000   -0.0003    0.0006
   4834.16    0.0000   -0.0002    0.0007
   4835.20    0.0000   -0.0001    0.0007
   4836.23    0.0000    0.0000    0.0006
   4837.26    0.0000    0.0001    0.0004
   4838.29    0.0000    0.0001    0.0003
   4839.33    0.0000    0.0001    0.0003
   4840.36    0.0000    0.0001    0.0004
   4841.39    0.0000    0.0001    0.0005
   4842.42    0.0000    0.0001    0.0006
   4843.46    0.0000    0.0001    0.0007
   4844.49    0.0000    0.0002    0.0007
   4845.52    0.0000    0.0001    0.0006
   4846.55    0.0000    0.0001    0.0005
   4847.59    0.0000   -0.0000    0.0004
   4848.62    0.0000   -0.0001    0.0004
   4849.65    0.0000   -0.0001    0.0004
   4850.68    0.0000   -0.0002    0.0003
   4851.72    0.0000   -0.0001    0.0003
   4852.75    0.0000   -0.0001    0.0002
   4853.78    0.0000   -0.0001    0.0002
   4854.81    0.0000   -0.0002    0.0001
   4855.85    0.0000   -0.0003    0.0002
   4856.88    0.0000   -0.0004    0.0002
   4857.91    0.0000   -0.0004    0.0002
   4858.94    0.0000   -0.0004    0.0002
   4859.98    0.0000   -0.0004    0.0002
   4861.01    0.0000   -0.0004    0.0001
   4862.04    0.0000   -0.0004   -0.0000
   4863.07    0.0000   -0.0004   -0.0001
   4864.11    0.0000   -0.0004   -0.0001
   4865.14    0.0000   -0.0005    0.0000
   4866.17    0.0000   -0.0005    0.0001
   4867.20    0.0000   -0.0005    0.0001
   4868.24    0.0000   -0.0004    0.0001
   4869.27    0.0000   -0.0003    0.0001
   4870.30    0.0000   -0.0002   -0.0000
   4871.33    0.0000   -0.0002   -0.0000
   4872.37    0.0000   -0.0001    0.0000
   4873.40    0.0000   -0.0000    0.0001
   4874.43    0.0000    0.0000    0.0002
   4875.46    0.0000    0.0001    0.0002
   4876.50    0.0000    0.0001    0.0002
   4877.53    0.0000    0.0001    0.0001
   4878.56    0.0000    0.0001    0.0001
   4879.59    0.0000    0.0002    0.0001
   4880.63    0.0000    0.0003    0.0001
   4881.66    0.0000    0.0004    0.0002
   4882.69    0.0000    0.0005    0.0003
   4883.72    0.0000    0.0005    0.0003
   4884.76    0.0000    0.0006    0.0003
   4885.79    0.0000    0.0006    0.0003
   4886.82    0.0000    0.0006    0.0002
   4887.85    0.0000    0.0007    0.0002
   4888.89    0.0000    0.0008    0.0001
   4889.92    0.0000    0.0008    0.0000
   4890.95    0.0000    0.0009    0.0000
   4891.98    0.0000    0.0010    0.0000
   4893.02    0.0000    0.0010    0.0000
   4894.05    0.0000    0.0010    0.0001
   4895.08    0.0000    0.0010    0.0001
   4896.11    0.0000    0.0009    0.0001
   4897.15    0.0000    0.0008    0.0001
   4898.18    0.0000    0.0007    0.0000
   4899.21    0.0000    0.0007   -0.0001
   4900.24    0.0000    0.0006   -0.0002
   4901.28    0.0000    0.0006   -0.0003
   4902.31    0.0000    0.0006   -0.0003
   4903.34    0.0000    0.0006   -0.0004
   4904.37    0.0000    0.0006   -0.0004
   4905.41    0.0000    0.0005   -0.0004
   4906.44    0.0000    0.0005   -0.0004
   4907.47    0.0000    0.0005   -0.0004
   4908.50    0.0000    0.0004   -0.0005
   4909.54    0.0000    0.0003   -0.0005
   4910.57    0.0000    0.0002   -0.0006
   4911.60    0.0000    0.0001   -0.0007
   4912.63    0.0000   -0.0000   -0.0008
   4913.67    0.0000   -0.0002   -0.0008
   4914.70    0.0000   -0.0003   -0.0007
   4915.73    0.0000   -0.0004   -0.0006
   4916.76    0.0000   -0.0004   -0.0004
   4917.80    0.0000   -0.0005   -0.0003
   4918.83    0.0000   -0.0005   -0.0002
   4919.86    0.0000   -0.0004   -0.0001
   4920.89    0.0000   -0.0004   -0.0000
   4921.93    0.0000   -0.0003   -0.0001
   4922.96    0.0000   -0.0003   -0.0001
   4923.99    0.0000   -0.0002   -0.0001
   4925.02    0.0000   -0.0002   -0.0001
   4926.06    0.0000   -0.0001   -0.0001
   4927.09    0.0000   -0.0001   -0.0001
   4928.12    0.0000   -0.0000   -0.0000
   4929.15    0.0000   -0.0001   -0.0000
   4930.19    0.0000   -0.0001    0.0000
   4931.22    0.0000   -0.0001   -0.0000
   4932.25    0.0000   -0.0002   -0.0001
   4933.28    0.0000   -0.0002   -0.0001
   4934.32    0.0000   -0.0003   -0.0002
   4935.35    0.0000   -0.0003   -0.0002
   4936.38    0.0000   -0.0002   -0.0003
   4937.41    0.0000   -0.0001   -0.0003
   4938.45    0.0000   -0.0000   -0.0003
   4939.48    0.0000    0.0001   -0.0002
   4940.51    0.0000    0.0001   -0.0002
   4941.54    0.0000    0.0002   -0.0001
   4942.58    0.0000    0.0002   -0.0001
   4943.61    0.0000    0.0002   -0.0001
   4944.64    0.0000    0.0003   -0.0002
   4945.67    0.0000    0.0003   -0.0002
   4946.71    0.0000    0.0003   -0.0001
   4947.74    0.0000    0.0003   -0.0001
   4948.77    0.0000    0.0003    0.0000
   4949.80    0.0000    0.0003    0.0002
   4950.84    0.0000    0.0003    0.0003
   4951.87    0.0000    0.0002    0.0004
   4952.90    0.0000    0.0002    0.0005
   4953.93    0.0000    0.0001    0.0005
   4954.97    0.0000    0.0000    0.0005
   4956.00    0.0000   -0.0000    0.0005
   4957.03    0.0000   -0.0001    0.0005
   4958.06    0.0000   -0.0001    0.0004
   4959.10    0.0000   -0.0002    0.0004
   4960.13    0.0000   -0.0002    0.0004
   4961.16    0.0000   -0.0002    0.0004
   4962.19    0.0000   -0.0002    0.0004
   4963.23    0.0000   -0.0002    0.0004
   4964.26    0.0000   -0.0002    0.0004
   4965.29    0.0000   -0.0003    0.0002
   4966.32    0.0000   -0.0006   -0.0002
   4967.36    0.0000   -0.0007   -0.0007
   4968.39    0.0000   -0.0008   -0.0010
   4969.42    0.0000   -0.0007   -0.0011
   4970.45    0.0000   -0.0004   -0.0010
   4971.49    0.0000   -0.0002   -0.0006
   4972.52    0.0000    0.0000   -0.0002
   4973.55    0.0000    0.0001    0.0002
   4974.58    0.0000    0.0001    0.0005
   4975.62    0.0000    0.0000    0.0006
   4976.65    0.0000   -0.0001    0.0005
   4977.68    0.0000   -0.0003    0.0003
   4978.71    0.0000   -0.0005   -0.0001
   4979.75    0.0000   -0.0006   -0.0004
   4980.78    0.0000   -0.0006   -0.0006
   4981.81    0.0000   -0.0005   -0.0007
   4982.84    0.0000   -0.0003   -0.0007
   4983.88    0.0000   -0.0001   -0.0006
   4984.91    0.0000    0.0001   -0.0004
   4985.94    0.0000    0.0002   -0.0001
   4986.97    0.0000    0.0003    0.0001
   4988.01    0.0000    0.0003    0.0002
   4989.04    0.0000    0.0002    0.0003
   4990.07    0.0000    0.0001    0.0003
   4991.10    0.0000   -0.0000    0.0003
   4992.14    0.0000   -0.0002    0.0002
   4993.17    0.0000   -0.0003    0.0001
   4994.20    0.0000   -0.0004    0.0000
   4995.23    0.0000   -0.0004   -0.0000
   4996.27    0.0000   -0.0004   -0.0000
   4997.30    0.0000   -0.0003    0.0000
   4998.33    0.0000   -0.0002    0.0001
   4999.36    0.0000   -0.0001    0.0002
   5000.40    0.0000   -0.0001    0.0003
   5001.43    0.0000    0.0000    0.0003
   5002.46    0.0000    0.0001    0.0003
   5003.49    0.0000    0.0001    0.0002
   5004.53    0.0000    0.0002    0.0002
   5005.56    0.0000    0.0003    0.0001
   5006.59    0.0000    0.0004    0.0001
   5007.62    0.0000    0.0005    0.0001
   5008.66    0.0000    0.0006    0.0001
   5009.69    0.0000    0.0007    0.0002
   5010.72    0.0000    0.0007    0.0002
   5011.75    0.0000    0.0007    0.0003
   5012.79    0.0000    0.0006    0.0003
   5013.82    0.0000    0.0005    0.0002
   5014.85    0.0000    0.0004    0.0002
   5015.88    0.0000    0.0003    0.0001
   5016.92    0.0000    0.0003    0.0000
   5017.95    0.0000    0.0002    0.0000
   5018.98    0.0000    0.0002    0.0000
   5020.01    0.0000    0.0002    0.0000
   5021.05    0.0000    0.0002    0.0001
   5022.08    0.0000    0.0002    0.0001
   5023.11    0.0000    0.0002    0.0002
   5024.14    0.0000    0.0002    0.0002
   5025.18    0.0000    0.0001    0.0001
   5026.21    0.0000    0.0001    0.0001
   5027.24    0.0000    0.0001    0.0000
   5028.27    0.0000    0.0001   -0.0001
   5029.31    0.0000    0.0001   -0.0001
   5030.34    0.0000    0.0001   -0.0001
   5031.37    0.0000    0.0001   -0.0001
   5032.40    0.0000    0.0001   -0.0001
   5033.44    0.0000    0.0001   -0.0000
   5034.47    0.0000    0.0000    0.0000
   5035.50    0.0000   -0.0000    0.0001
   5036.53    0.0000   -0.0001    0.0001
   5037.57    0.0000   -0.0002    0.0001
   5038.60    0.0000   -0.0002    0.0000
   5039.63    0.0000   -0.0003    0.0000
   5040.66    0.0000   -0.0003    0.0000
   5041.70    0.0000   -0.0004    0.0000
   5042.73    0.0000   -0.0004    0.0001
   5043.76    0.0000   -0.0005    0.0001
   5044.79    0.0000   -0.0005    0.0002
   5045.83    0.0000   -0.0006    0.0002
   5046.86    0.0000   -0.0007    0.0003
   5047.89    0.0000   -0.0008    0.0003
   5048.92    0.0000   -0.0008    0.0002
   5049.96    0.0000   -0.0008    0.0002
   5050.99    0.0000   -0.0008    0.0002
   5052.02    0.0000   -0.0009    0.0001
   5053.05    0.0000   -0.0008    0.0001
   5054.09    0.0000   -0.0008    0.0000
   5055.12    0.0000   -0.0005   -0.0002
   5056.15    0.0000    0.0001   -0.0005
   5057.18    0.0000    0.0007   -0.0007
   5058.22    0.0000    0.0011   -0.0007
   5059.25    0.0000    0.0013   -0.0005
   5060.28    0.0000    0.0012   -0.0003
   5061.31    0.0000    0.0008    0.0001
   5062.35    0.0000    0.0003    0.0004
   5063.38    0.0000   -0.0003    0.0006
   5064.41    0.0000   -0.0008    0.0007
   5065.44    0.0000   -0.0012    0.0006
   5066.48    0.0000   -0.0013    0.0004
   5067.51    0.0000   -0.0012    0.0002
   5068.54    0.0000   -0.0009   -0.0001
   5069.57    0.0000   -0.0005   -0.0004
   5070.61    0.0000    0.0000   -0.0005
   5071.64    0.0000    0.0005   -0.0006
   5072.67    0.0000    0.0009   -0.0006
   5073.70    0.0000    0.0011   -0.0005
   5074.74    0.0000    0.0012   -0.0003
   5075.77    0.0000    0.0011   -0.0001
   5076.80    0.0000    0.0010    0.0000
   5077.83    0.0000    0.0007    0.0002
   5078.87    0.0000    0.0003    0.0003
   5079.90    0.0000   -0.0001    0.0004
   5080.93    0.0000   -0.0005    0.0005
   5081.96    0.0000   -0.0008    0.0005
   5083.00    0.0000   -0.0010    0.0004
   5084.03    0.0000   -0.0012    0.0003
   5085.06    0.0000   -0.0012    0.0002
   5086.09    0.0000   -0.0011    0.0001
   5087.13    0.0000   -0.0008   -0.0001
   5088.16    0.0000   -0.0005   -0.0002
   5089.19    0.0000   -0.0001   -0.0003
   5090.22    0.0000    0.0003   -0.0005
   5091.26    0.0000    0.0006   -0.0005
   5092.29    0.0000    0.0009   -0.0006
   5093.32    0.0000    0.0011   -0.0005
   5094.35    0.0000    0.0011   -0.0005
   5095.39    0.0000    0.0011   -0.0004
   5096.42    0.0000    0.0010   -0.0002
   5097.45    0.0000    0.0008   -0.0001
   5098.48    0.0000    0.0005    0.0001
   5099.52    0.0000    0.0003    0.0002
   5100.55    0.0000    0.0000    0.0003
   5101.58    0.0000   -0.0002    0.0004
   5102.61    0.0000   -0.0005    0.0004
   5103.65    0.0000   -0.0006    0.0004
   5104.68    0.0000   -0.0008    0.0004
   5105.71    0.0000   -0.0009    0.0003
   5106.74    0.0000   -0.0009    0.0003
   5107.78    0.0000   -0.0008    0.0002
   5108.81    0.0000   -0.0007    0.0002
   5109.84    0.0000   -0.0006    0.0001
   5110.87    0.0000   -0.0004    0.0001
   5111.91    0.0000   -0.0002    0.0000
   5112.94    0.0000    0.0000   -0.0000
   5113.97    0.0000    0.0002   -0.0001
   5115.00    0.0000    0.0004   -0.0002
   5116.04    0.0000    0.0005   -0.0002
   5117.07    0.0000    0.0006   -0.0002
   5118.10    0.0000    0.0007   -0.0002
   5119.13    0.0000    0.0007   -0.0002
   5120.17    0.0000    0.0007   -0.0001
   5121.20    0.0000    0.0006   -0.0001
   5122.23    0.0000    0.0006   -0.0001
   5123.26    0.0000    0.0005   -0.0001
   5124.30    0.0000    0.0004   -0.0001
   5125.33    0.0000    0.0003   -0.0002
   5126.36    0.0000    0.0002   -0.0002
   5127.39    0.0000    0.0000   -0.0003
   5128.43    0.0000   -0.0001   -0.0003
   5129.46    0.0000   -0.0002   -0.0003
   5130.49    0.0000   -0.0003   -0.0002
   5131.52    0.0000   -0.0004   -0.0001
   5132.56    0.0000   -0.0004   -0.0000
   5133.59    0.0000   -0.0005    0.0001
   5134.62    0.0000   -0.0005    0.0003
   5135.65    0.0000   -0.0005    0.0004
   5136.69    0.0000   -0.0005    0.0005
   5137.72    0.0000   -0.0005    0.0005
   5138.75    0.0000   -0.0005    0.0005
   5139.78    0.0000   -0.0005    0.0005
   5140.82    0.0000   -0.0006    0.0004
   5141.85    0.0000   -0.0006    0.0003
   5142.88    0.0000   -0.0005    0.0002
   5143.91    0.0000   -0.0004    0.0001
   5144.95    0.0000   -0.0002    0.0000
   5145.98    0.0000   -0.0000   -0.0001
   5147.01    0.0000    0.0001   -0.0002
   5148.04    0.0000    0.0003   -0.0003
   5149.08    0.0000    0.0005   -0.0004
   5150.11    0.0000    0.0006   -0.0005
   5151.14    0.0000    0.0007   -0.0006
   5152.17    0.0000    0.0008   -0.0006
   5153.21    0.0000    0.0009   -0.0006
   5154.24    0.0000    0.0009   -0.0005
   5155.27    0.0000    0.0009   -0.0005
   5156.30    0.0000    0.0008   -0.0004
   5157.34    0.0000    0.0007   -0.0004
   5158.37    0.0000    0.0006   -0.0003
   5159.40    0.0000    0.0004   -0.0003
   5160.43    0.0000    0.0002   -0.0002
   5161.47    0.0000   -0.0000   -0.0002
   5162.50    0.0000   -0.0003   -0.0002
   5163.53    0.0000   -0.0005   -0.0002
   5164.56    0.0000   -0.0007   -0.0002
   5165.60    0.0000   -0.0008   -0.0002
   5166.63    0.0000   -0.0008   -0.0002
   5167.66    0.0000   -0.0009   -0.0002
   5168.69    0.0000   -0.0008   -0.0002
   5169.73    0.0000   -0.0007   -0.0002
   5170.76    0.0000   -0.0006   -0.0002
   5171.79    0.0000   -0.0004   -0.0002
   5172.82    0.0000   -0.0002   -0.0002
   5173.86    0.0000    0.0000   -0.0002
   5174.89    0.0000    0.0003   -0.0001
   5175.92    0.0000    0.0005   -0.0000
   5176.95    0.0000    0.0006    0.0001
   5177.99    0.0000    0.0008    0.0002
   5179.02    0.0000    0.0008    0.0003
   5180.05    0.0000    0.0008    0.0003
   5181.08    0.0000    0.0008    0.0004
   5182.12    0.0000    0.0006    0.0005
   5183.15    0.0000    0.0005    0.0006
   5184.18    0.0000    0.0002    0.0007
   5185.21    0.0000    0.0000    0.0007
   5186.25    0.0000   -0.0002    0.0008
   5187.28    0.0000   -0.0004    0.0008
   5188.31    0.0000   -0.0006    0.0008
   5189.34    0.0000   -0.0008    0.0007
   5190.38    0.0000   -0.0008    0.0006
   5191.41    0.0000   -0.0008    0.0005
   5192.44    0.0000   -0.0008    0.0004
   5193.47    0.0000   -0.0007    0.0004
   5194.51    0.0000   -0.0005    0.0003
   5195.54    0.0000   -0.0003    0.0003
   5196.57    0.0000   -0.0001    0.0003
   5197.60    0.0000    0.0002    0.0003
   5198.64    0.0000    0.0003    0.0004
   5199.67    0.0000    0.0005    0.0005
   5200.70    0.0000    0.0005    0.0006
   5201.73    0.0000    0.0005    0.0007
   5202.77    0.0000    0.0004    0.0008
   5203.80    0.0000    0.0003    0.0009
   5204.83    0.0000    0.0001    0.0009
   5205.86    0.0000   -0.0001    0.0009
   5206.90    0.0000   -0.0002    0.0009
   5207.93    0.0000   -0.0003    0.0009
   5208.96    0.0000   -0.0003    0.0008
   5209.99    0.0000   -0.0003    0.0007
   5211.03    0.0000   -0.0002    0.0006
   5212.06    0.0000   -0.0001    0.0005
   5213.09    0.0000    0.0001    0.0005
   5214.12    0.0000    0.0001    0.0005
   5215.16    0.0000    0.0002    0.0005
   5216.19    0.0000    0.0002    0.0005
   5217.22    0.0000    0.0001    0.0006
   5218.25    0.0000    0.0000    0.0006
   5219.29    0.0000   -0.0000    0.0006
   5220.32    0.0000   -0.0000    0.0006
   5221.35    0.0000   -0.0000    0.0006
   5222.38    0.0000    0.0000    0.0005
   5223.42    0.0000    0.0000    0.0005
   5224.45    0.0000    0.0000    0.0004
   5225.48    0.0000   -0.0000    0.0004
   5226.51    0.0000   -0.0001    0.0004
   5227.55    0.0000   -0.0001    0.0003
   5228.58    0.0000   -0.0002    0.0002
   5229.61    0.0000   -0.0002    0.0000
   5230.64    0.0000   -0.0003   -0.0001
   5231.68    0.0000   -0.0003   -0.0002
   5232.71    0.0000   -0.0002   -0.0004
   5233.74    0.0000   -0.0002   -0.0005
   5234.77    0.0000   -0.0002   -0.0005
   5235.81    0.0000   -0.0002   -0.0003
   5236.84    0.0000   -0.0003   -0.0001
   5237.87    0.0000   -0.0004    0.0001
   5238.90    0.0000   -0.0005    0.0002
   5239.94    0.0000   -0.0004    0.0000
   5240.97    0.0000   -0.0003   -0.0002
   5242.00    0.0000   -0.0001   -0.0004
   5243.03    0.0000    0.0002   -0.0005
   5244.07    0.0000    0.0003   -0.0005
   5245.10    0.0000    0.0004   -0.0004
   5246.13    0.0000    0.0004   -0.0001
   5247.16    0.0000    0.0003    0.0001
   5248.20    0.0000    0.0002    0.0003
   5249.23    0.0000    0.0000    0.0004
   5250.26    0.0000   -0.0002    0.0004
   5251.29    0.0000   -0.0003    0.0004
   5252.33    0.0000   -0.0004    0.0002
   5253.36    0.0000   -0.0004    0.0000
   5254.39    0.0000   -0.0004   -0.0002
   5255.42    0.0000   -0.0002   -0.0003
   5256.46    0.0000   -0.0001   -0.0004
   5257.49    0.0000    0.0001   -0.0004
   5258.52    0.0000    0.0002   -0.0003
   5259.55    0.0000    0.0003   -0.0002
   5260.59    0.0000    0.0003    0.0000
