     #Time      Norm      Real      Imag
   3465.07    0.0000   -0.0000   -0.0000
   3465.07    0.0000   -0.0000   -0.0000
   3466.10    0.0000   -0.0000   -0.0000
   3467.13    0.0000   -0.0000   -0.0000
   3468.17    0.0000   -0.0000   -0.0000
   3469.20    0.0000   -0.0000   -0.0000
   3470.23    0.0000   -0.0000   -0.0000
   3471.26    0.0000   -0.0000   -0.0000
   3472.30    0.0000   -0.0000   -0.0000
   3473.33    0.0000   -0.0000   -0.0000
   3474.36    0.0000   -0.0000   -0.0000
   3475.39    0.0000   -0.0000   -0.0000
   3476.43    0.0000   -0.0000   -0.0000
   3477.46    0.0000   -0.0000   -0.0000
   3478.49    0.0000   -0.0000   -0.0000
   3479.52    0.0000   -0.0000   -0.0000
   3480.56    0.0000   -0.0000   -0.0000
   3481.59    0.0000   -0.0000   -0.0000
   3482.62    0.0000   -0.0000   -0.0000
   3483.65    0.0000   -0.0000   -0.0000
   3484.69    0.0000   -0.0000   -0.0000
   3485.72    0.0000   -0.0000   -0.0000
   3486.75    0.0000   -0.0000   -0.0000
   3487.78    0.0000   -0.0000   -0.0000
   3488.82    0.0000   -0.0000   -0.0000
   3489.85    0.0000   -0.0000   -0.0000
   3490.88    0.0000   -0.0000   -0.0000
   3491.91    0.0000   -0.0000   -0.0000
   3492.95    0.0000   -0.0000   -0.0000
   3493.98    0.0000   -0.0000   -0.0000
   3495.01    0.0000   -0.0000   -0.0000
   3496.04    0.0000   -0.0000    0.0000
   3497.08    0.0000   -0.0000    0.0000
   3498.11    0.0000   -0.0000    0.0000
   3499.14    0.0000   -0.0000    0.0000
   3500.17    0.0000   -0.0000    0.0000
   3501.21    0.0000   -0.0000    0.0000
   3502.24    0.0000   -0.0000    0.0000
   3503.27    0.0000   -0.0000    0.0000
   3504.30    0.0000   -0.0000    0.0000
   3505.34    0.0000   -0.0000    0.0000
   3506.37    0.0000   -0.0000    0.0000
   3507.40    0.0000   -0.0000    0.0000
   3508.43    0.0000   -0.0000    0.0000
   3509.47    0.0000   -0.0000    0.0000
   3510.50    0.0000   -0.0000    0.0000
   3511.53    0.0000   -0.0000    0.0000
   3512.56    0.0000   -0.0000    0.0000
   3513.60    0.0000   -0.0000    0.0000
   3514.63    0.0000   -0.0000    0.0000
   3515.66    0.0000   -0.0000    0.0000
   3516.69    0.0000   -0.0000    0.0000
   3517.73    0.0000   -0.0000    0.0000
   3518.76    0.0000   -0.0000    0.0000
   3519.79    0.0000   -0.0000    0.0000
   3520.82    0.0000   -0.0000    0.0000
   3521.86    0.0000   -0.0000    0.0000
   3522.89    0.0000   -0.0000    0.0000
   3523.92    0.0000   -0.0000    0.0000
   3524.95    0.0000   -0.0000    0.0000
   3525.99    0.0000   -0.0000    0.0000
   3527.02    0.0000   -0.0000    0.0000
   3528.05    0.0000   -0.0000    0.0000
   3529.08    0.0000   -0.0000    0.0000
   3530.12    0.0000   -0.0000    0.0000
   3531.15    0.0000   -0.0000    0.0000
   3532.18    0.0000   -0.0000    0.0000
   3533.21    0.0000   -0.0000    0.0000
   3534.25    0.0000   -0.0000    0.0000
   3535.28    0.0000   -0.0000    0.0000
   3536.31    0.0000   -0.0000    0.0000
   3537.34    0.0000   -0.0000    0.0000
   3538.38    0.0000   -0.0000    0.0000
   3539.41    0.0000   -0.0000    0.0000
   3540.44    0.0000   -0.0000    0.0000
   3541.47    0.0000   -0.0000    0.0000
   3542.51    0.0000   -0.0000    0.0000
   3543.54    0.0000   -0.0000    0.0000
   3544.57    0.0000   -0.0000    0.0000
   3545.60    0.0000   -0.0000    0.0000
   3546.64    0.0000   -0.0000    0.0000
   3547.67    0.0000   -0.0000    0.0000
   3548.70    0.0000   -0.0000    0.0000
   3549.73    0.0000   -0.0000    0.0000
   3550.77    0.0000   -0.0000    0.0000
   3551.80    0.0000   -0.0000    0.0000
   3552.83    0.0000   -0.0000    0.0000
   3553.86    0.0000   -0.0000    0.0000
   3554.90    0.0000   -0.0000    0.0000
   3555.93    0.0000   -0.0000    0.0000
   3556.96    0.0000   -0.0000    0.0000
   3557.99    0.0000   -0.0000    0.0000
   3559.03    0.0000   -0.0000    0.0000
   3560.06    0.0000   -0.0000    0.0000
   3561.09    0.0000   -0.0000    0.0000
   3562.12    0.0000   -0.0000    0.0000
   3563.16    0.0000   -0.0000    0.0000
   3564.19    0.0000   -0.0000    0.0000
   3565.22    0.0000   -0.0000    0.0000
   3566.25    0.0000   -0.0000    0.0000
   3567.29    0.0000   -0.0000    0.0000
   3568.32    0.0000   -0.0000    0.0000
   3569.35    0.0000   -0.0000    0.0000
   3570.38    0.0000   -0.0000    0.0000
   3571.42    0.0000   -0.0000    0.0000
   3572.45    0.0000   -0.0000    0.0000
   3573.48    0.0000   -0.0000    0.0000
   3574.51    0.0000   -0.0000    0.0000
   3575.55    0.0000   -0.0000    0.0000
   3576.58    0.0000   -0.0000    0.0000
   3577.61    0.0000   -0.0000    0.0000
   3578.64    0.0000   -0.0000    0.0000
   3579.68    0.0000   -0.0000    0.0000
   3580.71    0.0000   -0.0000    0.0000
   3581.74    0.0000   -0.0000    0.0000
   3582.77    0.0000   -0.0000    0.0000
   3583.81    0.0000   -0.0000    0.0000
   3584.84    0.0000   -0.0000    0.0000
   3585.87    0.0000   -0.0000    0.0000
   3586.90    0.0000   -0.0000    0.0000
   3587.94    0.0000   -0.0000    0.0000
   3588.97    0.0000   -0.0000    0.0000
   3590.00    0.0000   -0.0000    0.0000
   3591.03    0.0000   -0.0000    0.0000
   3592.07    0.0000   -0.0000    0.0000
   3593.10    0.0000   -0.0000    0.0000
   3594.13    0.0000    0.0000    0.0000
   3595.16    0.0000    0.0000    0.0000
   3596.20    0.0000    0.0000    0.0000
   3597.23    0.0000    0.0000    0.0000
   3598.26    0.0000    0.0000    0.0000
   3599.29    0.0000    0.0000    0.0000
   3600.33    0.0000    0.0000    0.0000
   3601.36    0.0000    0.0000    0.0000
   3602.39    0.0000    0.0000    0.0000
   3603.42    0.0000    0.0000    0.0000
   3604.46    0.0000    0.0000    0.0000
   3605.49    0.0000    0.0000    0.0000
   3606.52    0.0000    0.0000    0.0000
   3607.55    0.0000    0.0000    0.0000
   3608.59    0.0000    0.0000    0.0000
   3609.62    0.0000    0.0000    0.0000
   3610.65    0.0000    0.0000    0.0000
   3611.68    0.0000    0.0000    0.0000
   3612.72    0.0000    0.0000    0.0000
   3613.75    0.0000    0.0000    0.0000
   3614.78    0.0000    0.0000    0.0000
   3615.81    0.0000    0.0000    0.0000
   3616.85    0.0000    0.0000    0.0000
   3617.88    0.0000    0.0000    0.0000
   3618.91    0.0000    0.0000    0.0000
   3619.94    0.0000    0.0000    0.0000
   3620.98    0.0000    0.0000    0.0000
   3622.01    0.0000    0.0000    0.0000
   3623.04    0.0000    0.0000    0.0000
   3624.07    0.0000    0.0000    0.0000
   3625.11    0.0000    0.0000    0.0000
   3626.14    0.0000    0.0000    0.0000
   3627.17    0.0000    0.0000    0.0000
   3628.20    0.0000    0.0000    0.0000
   3629.24    0.0000    0.0000    0.0000
   3630.27    0.0000    0.0000    0.0000
   3631.30    0.0000    0.0000    0.0000
   3632.33    0.0000    0.0000    0.0000
   3633.37    0.0000    0.0000    0.0000
   3634.40    0.0000    0.0000    0.0000
   3635.43    0.0000    0.0000    0.0000
   3636.46    0.0000    0.0000    0.0000
   3637.50    0.0000    0.0000    0.0000
   3638.53    0.0000    0.0000    0.0000
   3639.56    0.0000    0.0000    0.0000
   3640.59    0.0000    0.0000    0.0000
   3641.63    0.0000    0.0000    0.0000
   3642.66    0.0000    0.0000    0.0000
   3643.69    0.0000    0.0000    0.0000
   3644.72    0.0000    0.0000    0.0000
   3645.76    0.0000    0.0000    0.0000
   3646.79    0.0000    0.0000    0.0000
   3647.82    0.0000    0.0000    0.0000
   3648.85    0.0000    0.0000    0.0000
   3649.89    0.0000    0.0000    0.0000
   3650.92    0.0000    0.0000    0.0000
   3651.95    0.0000    0.0000    0.0000
   3652.98    0.0000    0.0000    0.0000
   3654.02    0.0000    0.0000    0.0000
   3655.05    0.0000    0.0000    0.0000
   3656.08    0.0000    0.0000    0.0000
   3657.11    0.0000    0.0000    0.0000
   3658.15    0.0000    0.0000    0.0000
   3659.18    0.0000    0.0000    0.0000
   3660.21    0.0000    0.0000    0.0000
   3661.24    0.0000    0.0000    0.0000
   3662.28    0.0000    0.0000    0.0000
   3663.31    0.0000    0.0000    0.0000
   3664.34    0.0000    0.0000    0.0000
   3665.37    0.0000    0.0000    0.0000
   3666.41    0.0000    0.0000    0.0000
   3667.44    0.0000    0.0000    0.0000
   3668.47    0.0000    0.0000    0.0000
   3669.50    0.0000    0.0000    0.0000
   3670.54    0.0000    0.0000    0.0000
   3671.57    0.0000    0.0000    0.0000
   3672.60    0.0000    0.0000    0.0000
   3673.63    0.0000    0.0000    0.0000
   3674.67    0.0000    0.0000    0.0000
   3675.70    0.0000    0.0000    0.0000
   3676.73    0.0000    0.0000    0.0000
   3677.76    0.0000    0.0000    0.0000
   3678.80    0.0000    0.0000    0.0000
   3679.83    0.0000    0.0000    0.0000
   3680.86    0.0000    0.0000    0.0000
   3681.89    0.0000    0.0000    0.0000
   3682.93    0.0000    0.0000    0.0000
   3683.96    0.0000    0.0000    0.0000
   3684.99    0.0000    0.0000    0.0000
   3686.02    0.0000    0.0000    0.0000
   3687.06    0.0000    0.0000    0.0000
   3688.09    0.0000    0.0000   -0.0000
   3689.12    0.0000    0.0000   -0.0000
   3690.15    0.0000    0.0000   -0.0000
   3691.19    0.0000    0.0000   -0.0000
   3692.22    0.0000    0.0000   -0.0000
   3693.25    0.0000    0.0000   -0.0000
   3694.28    0.0000    0.0000   -0.0000
   3695.32    0.0000    0.0000   -0.0000
   3696.35    0.0000    0.0000   -0.0000
   3697.38    0.0000    0.0000   -0.0000
   3698.41    0.0000    0.0000   -0.0000
   3699.45    0.0000    0.0000    0.0000
   3700.48    0.0000    0.0000    0.0000
   3701.51    0.0000    0.0000    0.0000
   3702.54    0.0000    0.0000    0.0000
   3703.58    0.0000    0.0000    0.0000
   3704.61    0.0000    0.0000    0.0000
   3705.64    0.0000    0.0000    0.0000
   3706.67    0.0000    0.0000    0.0000
   3707.71    0.0000    0.0000    0.0000
   3708.74    0.0000    0.0000    0.0000
   3709.77    0.0000    0.0000    0.0000
   3710.80    0.0000    0.0000    0.0000
   3711.84    0.0000    0.0000    0.0000
   3712.87    0.0000    0.0000    0.0000
   3713.90    0.0000    0.0000    0.0000
   3714.93    0.0000    0.0000    0.0000
   3715.97    0.0000    0.0000    0.0000
   3717.00    0.0000    0.0000    0.0000
   3718.03    0.0000    0.0000    0.0000
   3719.06    0.0000    0.0000    0.0000
   3720.10    0.0000    0.0000    0.0000
   3721.13    0.0000    0.0000    0.0000
   3722.16    0.0000    0.0000    0.0000
   3723.19    0.0000    0.0000   -0.0000
   3724.23    0.0000    0.0000   -0.0000
   3725.26    0.0000    0.0000   -0.0000
   3726.29    0.0000    0.0000   -0.0000
   3727.32    0.0000    0.0000   -0.0000
   3728.36    0.0000    0.0000   -0.0000
   3729.39    0.0000    0.0000   -0.0000
   3730.42    0.0000    0.0000   -0.0000
   3731.45    0.0000    0.0000   -0.0000
   3732.49    0.0000    0.0000   -0.0000
   3733.52    0.0000    0.0000   -0.0000
   3734.55    0.0000    0.0000   -0.0000
   3735.58    0.0000    0.0000   -0.0000
   3736.62    0.0000    0.0000   -0.0000
   3737.65    0.0000    0.0000   -0.0000
   3738.68    0.0000    0.0000   -0.0000
   3739.71    0.0000    0.0000   -0.0000
   3740.75    0.0000    0.0000   -0.0000
   3741.78    0.0000    0.0000   -0.0000
   3742.81    0.0000    0.0000   -0.0000
   3743.84    0.0000    0.0000   -0.0000
   3744.88    0.0000    0.0000   -0.0000
   3745.91    0.0000    0.0000   -0.0000
   3746.94    0.0000    0.0000   -0.0000
   3747.97    0.0000    0.0000   -0.0000
   3749.01    0.0000    0.0000   -0.0000
   3750.04    0.0000    0.0000   -0.0000
   3751.07    0.0000    0.0000   -0.0000
   3752.10    0.0000    0.0000   -0.0000
   3753.14    0.0000    0.0000   -0.0000
   3754.17    0.0000    0.0000   -0.0000
   3755.20    0.0000    0.0000   -0.0000
   3756.23    0.0000    0.0000    0.0000
   3757.27    0.0000    0.0000    0.0000
   3758.30    0.0000    0.0000    0.0000
   3759.33    0.0000    0.0000    0.0000
   3760.36    0.0000    0.0000    0.0000
   3761.40    0.0000    0.0000   -0.0000
   3762.43    0.0000    0.0000   -0.0000
   3763.46    0.0000    0.0000   -0.0000
   3764.49    0.0000    0.0000   -0.0000
   3765.53    0.0000    0.0000   -0.0000
   3766.56    0.0000    0.0000   -0.0000
   3767.59    0.0000    0.0000   -0.0000
   3768.62    0.0000    0.0000   -0.0000
   3769.66    0.0000    0.0000   -0.0000
   3770.69    0.0000    0.0000   -0.0000
   3771.72    0.0000    0.0000   -0.0000
   3772.75    0.0000    0.0000   -0.0000
   3773.79    0.0000    0.0000   -0.0000
   3774.82    0.0000    0.0000   -0.0000
   3775.85    0.0000    0.0000   -0.0000
   3776.88    0.0000    0.0000   -0.0000
   3777.92    0.0000    0.0000   -0.0000
   3778.95    0.0000    0.0000   -0.0000
   3779.98    0.0000    0.0000   -0.0000
   3781.01    0.0000    0.0000   -0.0000
   3782.05    0.0000    0.0000   -0.0000
   3783.08    0.0000    0.0000   -0.0000
   3784.11    0.0000    0.0000   -0.0000
   3785.14    0.0000    0.0000   -0.0000
   3786.18    0.0000    0.0000   -0.0000
   3787.21    0.0000    0.0000   -0.0000
   3788.24    0.0000    0.0000   -0.0000
   3789.27    0.0000    0.0000   -0.0000
   3790.31    0.0000    0.0000   -0.0000
   3791.34    0.0000    0.0000   -0.0000
   3792.37    0.0000    0.0000   -0.0000
   3793.40    0.0000    0.0000   -0.0000
   3794.44    0.0000    0.0000   -0.0000
   3795.47    0.0000    0.0000   -0.0000
   3796.50    0.0000    0.0000   -0.0000
   3797.53    0.0000    0.0000   -0.0000
   3798.57    0.0000    0.0000   -0.0000
   3799.60    0.0000    0.0000   -0.0000
   3800.63    0.0000    0.0000   -0.0000
   3801.66    0.0000    0.0000   -0.0000
   3802.70    0.0000    0.0000   -0.0000
   3803.73    0.0000    0.0000   -0.0000
   3804.76    0.0000    0.0000   -0.0000
   3805.79    0.0000    0.0000   -0.0000
   3806.83    0.0000    0.0000   -0.0000
   3807.86    0.0000    0.0000   -0.0000
   3808.89    0.0000    0.0000   -0.0000
   3809.92    0.0000    0.0000   -0.0000
   3810.96    0.0000    0.0000   -0.0000
   3811.99    0.0000    0.0000   -0.0000
   3813.02    0.0000    0.0000   -0.0000
   3814.05    0.0000    0.0000   -0.0000
   3815.09    0.0000    0.0000   -0.0000
   3816.12    0.0000    0.0000   -0.0000
   3817.15    0.0000    0.0000   -0.0000
   3818.18    0.0000    0.0000   -0.0000
   3819.22    0.0000   -0.0000   -0.0000
   3820.25    0.0000   -0.0000   -0.0000
   3821.28    0.0000   -0.0000   -0.0000
   3822.31    0.0000   -0.0000   -0.0000
   3823.35    0.0000   -0.0000   -0.0000
   3824.38    0.0000   -0.0000   -0.0000
   3825.41    0.0000   -0.0000   -0.0000
   3826.44    0.0000   -0.0000   -0.0000
   3827.48    0.0000    0.0000   -0.0000
   3828.51    0.0000    0.0000   -0.0000
   3829.54    0.0000    0.0000   -0.0000
   3830.57    0.0000    0.0000   -0.0000
   3831.61    0.0000    0.0000   -0.0000
   3832.64    0.0000    0.0000   -0.0000
   3833.67    0.0000    0.0000   -0.0000
   3834.70    0.0000    0.0000   -0.0000
   3835.74    0.0000    0.0000   -0.0000
   3836.77    0.0000    0.0000   -0.0000
   3837.80    0.0000    0.0000   -0.0000
   3838.83    0.0000    0.0000   -0.0000
   3839.87    0.0000    0.0000   -0.0000
   3840.90    0.0000    0.0000   -0.0000
   3841.93    0.0000    0.0000   -0.0000
   3842.96    0.0000    0.0000   -0.0000
   3844.00    0.0000   -0.0000   -0.0000
   3845.03    0.0000   -0.0000   -0.0000
   3846.06    0.0000   -0.0000   -0.0000
   3847.09    0.0000   -0.0000   -0.0000
   3848.13    0.0000   -0.0000   -0.0000
   3849.16    0.0000   -0.0000   -0.0000
   3850.19    0.0000   -0.0000   -0.0000
   3851.22    0.0000   -0.0000   -0.0000
   3852.26    0.0000    0.0000   -0.0000
   3853.29    0.0000    0.0000   -0.0000
   3854.32    0.0000    0.0000   -0.0000
   3855.35    0.0000    0.0000   -0.0000
   3856.39    0.0000    0.0000   -0.0000
   3857.42    0.0000    0.0000   -0.0000
   3858.45    0.0000    0.0000   -0.0000
   3859.48    0.0000    0.0000   -0.0000
   3860.52    0.0000    0.0000   -0.0000
   3861.55    0.0000    0.0000   -0.0000
   3862.58    0.0000    0.0000   -0.0000
   3863.61    0.0000    0.0000   -0.0000
   3864.65    0.0000    0.0000   -0.0000
   3865.68    0.0000   -0.0000   -0.0000
   3866.71    0.0000   -0.0000   -0.0000
   3867.74    0.0000   -0.0000   -0.0000
   3868.78    0.0000   -0.0000   -0.0000
   3869.81    0.0000   -0.0000   -0.0000
   3870.84    0.0000   -0.0000   -0.0000
   3871.87    0.0000   -0.0000   -0.0000
   3872.91    0.0000   -0.0000   -0.0000
   3873.94    0.0000    0.0000   -0.0000
   3874.97    0.0000    0.0000   -0.0000
   3876.00    0.0000    0.0000   -0.0000
   3877.04    0.0000    0.0000   -0.0000
   3878.07    0.0000    0.0000   -0.0000
   3879.10    0.0000    0.0000   -0.0000
   3880.13    0.0000    0.0000   -0.0000
   3881.17    0.0000    0.0000   -0.0000
   3882.20    0.0000    0.0000   -0.0000
   3883.23    0.0000    0.0000   -0.0000
   3884.26    0.0000    0.0000   -0.0000
   3885.30    0.0000    0.0000   -0.0000
   3886.33    0.0000   -0.0000   -0.0000
   3887.36    0.0000   -0.0000   -0.0000
   3888.39    0.0000   -0.0000   -0.0000
   3889.43    0.0000   -0.0000   -0.0000
   3890.46    0.0000   -0.0000   -0.0000
   3891.49    0.0000   -0.0000   -0.0000
   3892.52    0.0000    0.0000   -0.0000
   3893.56    0.0000    0.0000   -0.0000
   3894.59    0.0000    0.0000   -0.0000
   3895.62    0.0000    0.0000   -0.0000
   3896.65    0.0000    0.0000   -0.0000
   3897.69    0.0000    0.0000   -0.0000
   3898.72    0.0000    0.0000   -0.0000
   3899.75    0.0000    0.0000   -0.0000
   3900.78    0.0000    0.0000   -0.0000
   3901.82    0.0000    0.0000   -0.0000
   3902.85    0.0000    0.0000   -0.0000
   3903.88    0.0000   -0.0000   -0.0000
   3904.91    0.0000   -0.0000   -0.0000
   3905.95    0.0000   -0.0000   -0.0000
   3906.98    0.0000   -0.0000   -0.0000
   3908.01    0.0000   -0.0000   -0.0000
   3909.04    0.0000   -0.0000   -0.0000
   3910.08    0.0000   -0.0000   -0.0000
   3911.11    0.0000    0.0000   -0.0000
   3912.14    0.0000    0.0000   -0.0000
   3913.17    0.0000    0.0000   -0.0000
   3914.21    0.0000    0.0000   -0.0000
   3915.24    0.0000    0.0000   -0.0000
   3916.27    0.0000    0.0000   -0.0000
   3917.30    0.0000    0.0000   -0.0000
   3918.34    0.0000    0.0000   -0.0000
   3919.37    0.0000    0.0000   -0.0000
   3920.40    0.0000    0.0000   -0.0000
   3921.43    0.0000   -0.0000   -0.0000
   3922.47    0.0000   -0.0000   -0.0000
   3923.50    0.0000   -0.0000   -0.0000
   3924.53    0.0000   -0.0000   -0.0000
   3925.56    0.0000   -0.0000   -0.0000
   3926.60    0.0000   -0.0000   -0.0000
   3927.63    0.0000    0.0000   -0.0000
   3928.66    0.0000    0.0000   -0.0000
   3929.69    0.0000    0.0000   -0.0000
   3930.73    0.0000    0.0000   -0.0000
   3931.76    0.0000    0.0000   -0.0000
   3932.79    0.0000    0.0000   -0.0000
   3933.82    0.0000    0.0000   -0.0000
   3934.86    0.0000    0.0000   -0.0000
   3935.89    0.0000   -0.0000   -0.0000
   3936.92    0.0000   -0.0000   -0.0000
   3937.95    0.0000   -0.0000   -0.0000
   3938.99    0.0000   -0.0000   -0.0000
   3940.02    0.0000   -0.0000   -0.0000
   3941.05    0.0000   -0.0000   -0.0000
   3942.08    0.0000   -0.0000   -0.0000
   3943.12    0.0000    0.0000   -0.0000
   3944.15    0.0000    0.0000   -0.0000
   3945.18    0.0000    0.0000   -0.0000
   3946.21    0.0000    0.0000   -0.0000
   3947.25    0.0000    0.0000   -0.0000
   3948.28    0.0000    0.0000   -0.0000
   3949.31    0.0000    0.0000   -0.0000
   3950.34    0.0000    0.0000   -0.0000
   3951.38    0.0000   -0.0000   -0.0000
   3952.41    0.0000   -0.0000   -0.0000
   3953.44    0.0000   -0.0000   -0.0000
   3954.47    0.0000   -0.0000   -0.0000
   3955.51    0.0000   -0.0000   -0.0000
   3956.54    0.0000   -0.0000   -0.0000
   3957.57    0.0000   -0.0000   -0.0000
   3958.60    0.0000    0.0000   -0.0000
   3959.64    0.0000    0.0000   -0.0000
   3960.67    0.0000    0.0000   -0.0000
   3961.70    0.0000    0.0000   -0.0000
   3962.73    0.0000    0.0000   -0.0000
   3963.77    0.0000    0.0000   -0.0000
   3964.80    0.0000    0.0000   -0.0000
   3965.83    0.0000   -0.0000   -0.0000
   3966.86    0.0000   -0.0000   -0.0000
   3967.90    0.0000   -0.0000   -0.0000
   3968.93    0.0000   -0.0000   -0.0000
   3969.96    0.0000   -0.0000   -0.0000
   3970.99    0.0000    0.0000   -0.0000
   3972.03    0.0000    0.0000   -0.0000
   3973.06    0.0000    0.0000   -0.0000
   3974.09    0.0000    0.0000   -0.0000
   3975.12    0.0000    0.0000   -0.0000
   3976.16    0.0000    0.0000   -0.0000
   3977.19    0.0000    0.0000   -0.0000
   3978.22    0.0000    0.0000   -0.0000
   3979.25    0.0000   -0.0000   -0.0000
   3980.29    0.0000   -0.0000   -0.0000
   3981.32    0.0000   -0.0000   -0.0000
   3982.35    0.0000   -0.0000   -0.0000
   3983.38    0.0000   -0.0000   -0.0000
   3984.42    0.0000    0.0000   -0.0000
   3985.45    0.0000    0.0000   -0.0000
   3986.48    0.0000    0.0000   -0.0000
   3987.51    0.0000    0.0000   -0.0000
   3988.55    0.0000    0.0000   -0.0000
   3989.58    0.0000   -0.0000   -0.0000
   3990.61    0.0000   -0.0000   -0.0000
   3991.64    0.0000   -0.0000   -0.0000
   3992.68    0.0000   -0.0000   -0.0000
   3993.71    0.0000   -0.0000   -0.0000
   3994.74    0.0000    0.0000   -0.0000
   3995.77    0.0000    0.0000   -0.0000
   3996.81    0.0000    0.0000   -0.0000
   3997.84    0.0000    0.0000   -0.0000
   3998.87    0.0000    0.0000   -0.0000
   3999.90    0.0000    0.0000   -0.0000
   4000.94    0.0000    0.0000   -0.0000
   4001.97    0.0000    0.0000   -0.0000
   4003.00    0.0000    0.0000   -0.0000
   4004.03    0.0000    0.0000   -0.0000
   4005.07    0.0000    0.0000   -0.0000
   4006.10    0.0000    0.0000   -0.0000
   4007.13    0.0000    0.0000   -0.0000
   4008.16    0.0000    0.0000   -0.0000
   4009.20    0.0000    0.0000   -0.0000
   4010.23    0.0000    0.0000   -0.0000
   4011.26    0.0000    0.0000   -0.0000
   4012.29    0.0000    0.0000   -0.0000
   4013.33    0.0000   -0.0000   -0.0000
   4014.36    0.0000   -0.0000   -0.0000
   4015.39    0.0000   -0.0000   -0.0000
   4016.42    0.0000   -0.0000   -0.0000
   4017.46    0.0000   -0.0000   -0.0000
   4018.49    0.0000   -0.0000   -0.0000
   4019.52    0.0000   -0.0000   -0.0000
   4020.55    0.0000   -0.0000   -0.0000
   4021.59    0.0000   -0.0000   -0.0000
   4022.62    0.0000   -0.0000   -0.0000
   4023.65    0.0000   -0.0000   -0.0000
   4024.68    0.0000   -0.0000   -0.0000
   4025.72    0.0000   -0.0000   -0.0000
   4026.75    0.0000   -0.0000   -0.0000
   4027.78    0.0000    0.0002    0.0001
   4028.81    0.0000    0.0006    0.0004
   4029.85    0.0000    0.0008    0.0006
   4030.88    0.0000    0.0009    0.0006
   4031.91    0.0000    0.0008    0.0006
   4032.94    0.0000    0.0006    0.0004
   4033.98    0.0000    0.0002    0.0002
   4035.01    0.0000   -0.0002   -0.0001
   4036.04    0.0000   -0.0005   -0.0004
   4037.07    0.0000   -0.0008   -0.0005
   4038.11    0.0000   -0.0009   -0.0006
   4039.14    0.0000   -0.0008   -0.0006
   4040.17    0.0000   -0.0006   -0.0004
   4041.20    0.0000   -0.0003   -0.0002
   4042.24    0.0000    0.0001    0.0000
   4043.27    0.0000    0.0004    0.0003
   4044.30    0.0000    0.0007    0.0005
   4045.33    0.0000    0.0009    0.0006
   4046.37    0.0000    0.0009    0.0006
   4047.40    0.0000    0.0007    0.0005
   4048.43    0.0000    0.0005    0.0003
   4049.46    0.0000    0.0001    0.0001
   4050.50    0.0000   -0.0002   -0.0002
   4051.53    0.0000   -0.0006   -0.0004
   4052.56    0.0000   -0.0008   -0.0005
   4053.59    0.0000   -0.0009   -0.0006
   4054.63    0.0000   -0.0009   -0.0006
   4055.66    0.0000   -0.0007   -0.0005
   4056.69    0.0000   -0.0004   -0.0003
   4057.72    0.0000   -0.0001   -0.0001
   4058.76    0.0000    0.0003    0.0002
   4059.79    0.0000    0.0006    0.0004
   4060.82    0.0000    0.0008    0.0005
   4061.85    0.0000    0.0009    0.0006
   4062.89    0.0000    0.0009    0.0006
   4063.92    0.0000    0.0008    0.0005
   4064.95    0.0000    0.0005    0.0004
   4065.98    0.0000    0.0002    0.0002
   4067.02    0.0000   -0.0001   -0.0001
   4068.05    0.0000   -0.0004   -0.0003
   4069.08    0.0000   -0.0007   -0.0005
   4070.11    0.0000   -0.0009   -0.0006
   4071.15    0.0000   -0.0009   -0.0006
   4072.18    0.0000   -0.0009   -0.0006
   4073.21    0.0000   -0.0007   -0.0005
   4074.24    0.0000   -0.0004   -0.0003
   4075.28    0.0000   -0.0001   -0.0001
   4076.31    0.0000    0.0002    0.0001
   4077.34    0.0000    0.0005    0.0003
   4078.37    0.0000    0.0007    0.0005
   4079.41    0.0000    0.0009    0.0006
   4080.44    0.0000    0.0009    0.0007
   4081.47    0.0000    0.0008    0.0006
   4082.50    0.0000    0.0007    0.0005
   4083.54    0.0000    0.0004    0.0004
   4084.57    0.0000    0.0001    0.0002
   4085.60    0.0000   -0.0002    0.0000
   4086.63    0.0000   -0.0005   -0.0002
   4087.67    0.0000   -0.0007   -0.0004
   4088.70    0.0000   -0.0009   -0.0005
   4089.73    0.0000   -0.0010   -0.0006
   4090.76    0.0000   -0.0010   -0.0006
   4091.80    0.0000   -0.0009   -0.0006
   4092.83    0.0000   -0.0008   -0.0005
   4093.86    0.0000   -0.0005   -0.0003
   4094.89    0.0000   -0.0003   -0.0002
   4095.93    0.0000   -0.0000    0.0000
   4096.96    0.0000    0.0003    0.0002
   4097.99    0.0000    0.0005    0.0004
   4099.02    0.0000    0.0007    0.0005
   4100.06    0.0000    0.0008    0.0006
   4101.09    0.0000    0.0008    0.0007
   4102.12    0.0000    0.0008    0.0007
   4103.15    0.0000    0.0006    0.0006
   4104.19    0.0000    0.0005    0.0005
   4105.22    0.0000    0.0002    0.0004
   4106.25    0.0000   -0.0000    0.0002
   4107.28    0.0000   -0.0003    0.0000
   4108.32    0.0000   -0.0005   -0.0002
   4109.35    0.0000   -0.0008   -0.0003
   4110.38    0.0000   -0.0009   -0.0005
   4111.41    0.0000   -0.0010   -0.0006
   4112.45    0.0000   -0.0011   -0.0006
   4113.48    0.0000   -0.0011   -0.0006
   4114.51    0.0000   -0.0010   -0.0006
   4115.54    0.0000   -0.0009   -0.0005
   4116.58    0.0000   -0.0007   -0.0004
   4117.61    0.0000   -0.0005   -0.0002
   4118.64    0.0000   -0.0003   -0.0000
   4119.67    0.0000   -0.0001    0.0001
   4120.71    0.0000    0.0001    0.0003
   4121.74    0.0000    0.0003    0.0004
   4122.77    0.0000    0.0004    0.0006
   4123.80    0.0000    0.0005    0.0007
   4124.84    0.0000    0.0006    0.0007
   4125.87    0.0000    0.0005    0.0007
   4126.90    0.0000    0.0005    0.0007
   4127.93    0.0000    0.0003    0.0006
   4128.97    0.0000    0.0002    0.0005
   4130.00    0.0000   -0.0000    0.0004
   4131.03    0.0000   -0.0002    0.0002
   4132.06    0.0000   -0.0004    0.0001
   4133.10    0.0000   -0.0006   -0.0001
   4134.13    0.0000   -0.0008   -0.0002
   4135.16    0.0000   -0.0010   -0.0003
   4136.19    0.0000   -0.0011   -0.0004
   4137.23    0.0000   -0.0012   -0.0005
   4138.26    0.0000   -0.0012   -0.0005
   4139.29    0.0000   -0.0012   -0.0005
   4140.32    0.0000   -0.0012   -0.0005
   4141.36    0.0000   -0.0011   -0.0004
   4142.39    0.0000   -0.0009   -0.0003
   4143.42    0.0000   -0.0008   -0.0002
   4144.45    0.0000   -0.0006   -0.0000
   4145.49    0.0000   -0.0005    0.0001
   4146.52    0.0000   -0.0003    0.0003
   4147.55    0.0000   -0.0002    0.0004
   4148.58    0.0000   -0.0001    0.0005
   4149.62    0.0000   -0.0000    0.0006
   4150.65    0.0000    0.0000    0.0006
   4151.68    0.0000   -0.0000    0.0006
   4152.71    0.0000   -0.0001    0.0006
   4153.75    0.0000   -0.0002    0.0005
   4154.78    0.0000   -0.0003    0.0004
   4155.81    0.0000   -0.0005    0.0003
   4156.84    0.0000   -0.0006    0.0001
   4157.88    0.0000   -0.0008   -0.0000
   4158.91    0.0000   -0.0010   -0.0001
   4159.94    0.0000   -0.0011   -0.0003
   4160.97    0.0000   -0.0012   -0.0003
   4162.01    0.0000   -0.0012   -0.0004
   4163.04    0.0000   -0.0012   -0.0004
   4164.07    0.0000   -0.0011   -0.0004
   4165.10    0.0000   -0.0011   -0.0003
   4166.14    0.0000   -0.0010   -0.0002
   4167.17    0.0000   -0.0008   -0.0000
   4168.20    0.0000   -0.0007    0.0001
   4169.23    0.0000   -0.0006    0.0002
   4170.27    0.0000   -0.0005    0.0003
   4171.30    0.0000   -0.0004    0.0004
   4172.33    0.0000   -0.0004    0.0004
   4173.36    0.0000   -0.0005    0.0004
   4174.40    0.0000   -0.0005    0.0003
   4175.43    0.0000   -0.0006    0.0002
   4176.46    0.0000   -0.0008    0.0001
   4177.49    0.0000   -0.0009   -0.0000
   4178.53    0.0000   -0.0010   -0.0001
   4179.56    0.0000   -0.0011   -0.0002
   4180.59    0.0000   -0.0011   -0.0003
   4181.62    0.0000   -0.0011   -0.0003
   4182.66    0.0000   -0.0010   -0.0002
   4183.69    0.0000   -0.0009   -0.0001
   4184.72    0.0000   -0.0008    0.0000
   4185.75    0.0000   -0.0007    0.0001
   4186.79    0.0000   -0.0006    0.0002
   4187.82    0.0000   -0.0006    0.0003
   4188.85    0.0000   -0.0006    0.0003
   4189.88    0.0000   -0.0007    0.0002
   4190.92    0.0000   -0.0007    0.0002
   4191.95    0.0000   -0.0007    0.0001
   4192.98    0.0000   -0.0007    0.0001
   4194.01    0.0000   -0.0007   -0.0000
   4195.05    0.0000   -0.0007   -0.0001
   4196.08    0.0000   -0.0007   -0.0001
   4197.11    0.0000   -0.0007   -0.0002
   4198.14    0.0000   -0.0006   -0.0002
   4199.18    0.0000   -0.0006   -0.0003
   4200.21    0.0000   -0.0005   -0.0003
   4201.24    0.0000   -0.0004   -0.0004
   4202.27    0.0000   -0.0003   -0.0004
   4203.31    0.0000   -0.0002   -0.0004
   4204.34    0.0000   -0.0001   -0.0005
   4205.37    0.0000   -0.0001   -0.0005
   4206.40    0.0000    0.0000   -0.0005
   4207.44    0.0000    0.0001   -0.0005
   4208.47    0.0000    0.0002   -0.0004
   4209.50    0.0000    0.0003   -0.0004
   4210.53    0.0000    0.0004   -0.0004
   4211.57    0.0000    0.0005   -0.0004
   4212.60    0.0000    0.0005   -0.0003
   4213.63    0.0000    0.0006   -0.0003
   4214.66    0.0000    0.0006   -0.0002
   4215.70    0.0000    0.0007   -0.0002
   4216.73    0.0000    0.0007   -0.0001
   4217.76    0.0000    0.0007   -0.0001
   4218.79    0.0000    0.0007   -0.0000
   4219.83    0.0000    0.0007    0.0000
   4220.86    0.0000    0.0007    0.0001
   4221.89    0.0000    0.0007    0.0001
   4222.92    0.0000    0.0007    0.0002
   4223.96    0.0000    0.0007    0.0002
   4224.99    0.0000    0.0006    0.0003
   4226.02    0.0000    0.0006    0.0003
   4227.05    0.0000    0.0005    0.0003
   4228.09    0.0000    0.0005    0.0004
   4229.12    0.0000    0.0004    0.0004
   4230.15    0.0000    0.0003    0.0004
   4231.18    0.0000    0.0003    0.0004
   4232.22    0.0000    0.0002    0.0005
   4233.25    0.0000    0.0001    0.0005
   4234.28    0.0000    0.0000    0.0005
   4235.31    0.0000   -0.0000    0.0005
   4236.35    0.0000   -0.0001    0.0005
   4237.38    0.0000   -0.0002    0.0004
   4238.41    0.0000   -0.0002    0.0004
   4239.44    0.0000   -0.0003    0.0004
   4240.48    0.0000   -0.0004    0.0004
   4241.51    0.0000   -0.0004    0.0004
   4242.54    0.0000   -0.0005    0.0003
   4243.57    0.0000   -0.0005    0.0003
   4244.61    0.0000   -0.0006    0.0003
   4245.64    0.0000   -0.0006    0.0002
   4246.67    0.0000   -0.0007    0.0002
   4247.70    0.0000   -0.0007    0.0001
   4248.74    0.0000   -0.0007    0.0001
   4249.77    0.0000   -0.0007    0.0000
   4250.80    0.0000   -0.0007    0.0000
   4251.83    0.0000   -0.0007   -0.0000
   4252.87    0.0000   -0.0007   -0.0001
   4253.90    0.0000   -0.0007   -0.0001
   4254.93    0.0000   -0.0007   -0.0002
   4255.96    0.0000   -0.0007   -0.0002
   4257.00    0.0000   -0.0007   -0.0002
   4258.03    0.0000   -0.0005   -0.0002
   4259.06    0.0000   -0.0002   -0.0002
   4260.09    0.0000    0.0001   -0.0001
   4261.13    0.0000    0.0004    0.0000
   4262.16    0.0000    0.0006    0.0001
   4263.19    0.0000    0.0007    0.0002
   4264.22    0.0000    0.0007    0.0002
   4265.26    0.0000    0.0005    0.0002
   4266.29    0.0000    0.0003    0.0002
   4267.32    0.0000   -0.0000    0.0001
   4268.35    0.0000   -0.0003   -0.0000
   4269.39    0.0000   -0.0006   -0.0001
   4270.42    0.0000   -0.0007   -0.0002
   4271.45    0.0000   -0.0007   -0.0002
   4272.48    0.0000   -0.0006   -0.0002
   4273.52    0.0000   -0.0004   -0.0002
   4274.55    0.0000   -0.0001   -0.0001
   4275.58    0.0000    0.0002   -0.0000
   4276.61    0.0000    0.0005    0.0000
   4277.65    0.0000    0.0006    0.0001
   4278.68    0.0000    0.0007    0.0001
   4279.71    0.0000    0.0007    0.0002
   4280.74    0.0000    0.0005    0.0002
   4281.78    0.0000    0.0003    0.0001
   4282.81    0.0000    0.0001    0.0001
   4283.84    0.0000   -0.0002    0.0000
   4284.87    0.0000   -0.0005   -0.0000
   4285.91    0.0000   -0.0006   -0.0001
   4286.94    0.0000   -0.0007   -0.0001
   4287.97    0.0000   -0.0007   -0.0002
   4289.00    0.0000   -0.0006   -0.0002
   4290.04    0.0000   -0.0004   -0.0001
   4291.07    0.0000   -0.0001   -0.0001
   4292.10    0.0000    0.0001   -0.0001
   4293.13    0.0000    0.0003   -0.0000
   4294.17    0.0000    0.0005    0.0000
   4295.20    0.0000    0.0007    0.0001
   4296.23    0.0000    0.0007    0.0001
   4297.26    0.0000    0.0007    0.0001
   4298.30    0.0000    0.0005    0.0002
   4299.33    0.0000    0.0004    0.0001
   4300.36    0.0000    0.0001    0.0001
   4301.39    0.0000   -0.0001    0.0001
   4302.43    0.0000   -0.0003    0.0000
   4303.46    0.0000   -0.0005   -0.0000
   4304.49    0.0000   -0.0006   -0.0001
   4305.52    0.0000   -0.0007   -0.0001
   4306.56    0.0000   -0.0007   -0.0001
   4307.59    0.0000   -0.0006   -0.0001
   4308.62    0.0000   -0.0004   -0.0001
   4309.65    0.0000   -0.0002   -0.0001
   4310.69    0.0000   -0.0000   -0.0001
   4311.72    0.0000    0.0002   -0.0001
   4312.75    0.0000    0.0004   -0.0000
   4313.78    0.0000    0.0006    0.0000
   4314.82    0.0000    0.0007    0.0000
   4315.85    0.0000    0.0007    0.0001
   4316.88    0.0000    0.0007    0.0001
   4317.91    0.0000    0.0006    0.0001
   4318.95    0.0000    0.0004    0.0001
   4319.98    0.0000    0.0003    0.0001
   4321.01    0.0000    0.0001    0.0001
   4322.04    0.0000   -0.0002    0.0001
   4323.08    0.0000   -0.0003    0.0001
   4324.11    0.0000   -0.0005    0.0000
   4325.14    0.0000   -0.0006   -0.0000
   4326.17    0.0000   -0.0007   -0.0000
   4327.21    0.0000   -0.0007   -0.0001
   4328.24    0.0000   -0.0006   -0.0001
   4329.27    0.0000   -0.0005   -0.0001
   4330.30    0.0000   -0.0004   -0.0001
   4331.34    0.0000   -0.0002   -0.0001
   4332.37    0.0000   -0.0000   -0.0001
   4333.40    0.0000    0.0002   -0.0001
   4334.43    0.0000    0.0003   -0.0001
   4335.47    0.0000    0.0005   -0.0000
   4336.50    0.0000    0.0006   -0.0000
   4337.53    0.0000    0.0007    0.0000
   4338.56    0.0000    0.0007    0.0000
   4339.60    0.0000    0.0007    0.0001
   4340.63    0.0000    0.0006    0.0001
   4341.66    0.0000    0.0005    0.0001
   4342.69    0.0000    0.0003    0.0001
   4343.73    0.0000    0.0002    0.0001
   4344.76    0.0000   -0.0000    0.0001
   4345.79    0.0000   -0.0002    0.0001
   4346.82    0.0000   -0.0004    0.0001
   4347.86    0.0000   -0.0005    0.0000
   4348.89    0.0000   -0.0006    0.0000
   4349.92    0.0000   -0.0007   -0.0000
   4350.95    0.0000   -0.0007   -0.0001
   4351.99    0.0000   -0.0007   -0.0001
   4353.02    0.0000   -0.0006   -0.0001
   4354.05    0.0000   -0.0005   -0.0001
   4355.08    0.0000   -0.0004   -0.0001
   4356.12    0.0000   -0.0002   -0.0001
   4357.15    0.0000   -0.0000   -0.0001
   4358.18    0.0000    0.0001   -0.0001
   4359.21    0.0000    0.0003   -0.0000
   4360.25    0.0000    0.0004   -0.0000
   4361.28    0.0000    0.0005    0.0000
   4362.31    0.0000    0.0006    0.0001
   4363.34    0.0000    0.0006    0.0001
   4364.38    0.0000    0.0006    0.0001
   4365.41    0.0000    0.0006    0.0001
   4366.44    0.0000    0.0005    0.0002
   4367.47    0.0000    0.0004    0.0001
   4368.51    0.0000    0.0003    0.0001
   4369.54    0.0000    0.0002    0.0001
   4370.57    0.0000    0.0000    0.0001
   4371.60    0.0000   -0.0001    0.0000
   4372.64    0.0000   -0.0003   -0.0000
   4373.67    0.0000   -0.0004   -0.0001
   4374.70    0.0000   -0.0005   -0.0001
   4375.73    0.0000   -0.0007   -0.0001
   4376.77    0.0000   -0.0007   -0.0001
   4377.80    0.0000   -0.0008   -0.0001
   4378.83    0.0000   -0.0008   -0.0001
   4379.86    0.0000   -0.0007   -0.0001
   4380.90    0.0000   -0.0006   -0.0001
   4381.93    0.0000   -0.0004   -0.0001
   4382.96    0.0000   -0.0002   -0.0001
   4383.99    0.0000    0.0001   -0.0001
   4385.03    0.0000    0.0003   -0.0001
   4386.06    0.0000    0.0004   -0.0002
   4387.09    0.0000    0.0006   -0.0002
   4388.12    0.0000    0.0007   -0.0002
   4389.16    0.0000    0.0007   -0.0002
   4390.19    0.0000    0.0008   -0.0002
   4391.22    0.0000    0.0008   -0.0001
   4392.25    0.0000    0.0008   -0.0001
   4393.29    0.0000    0.0008   -0.0001
   4394.32    0.0000    0.0007   -0.0001
   4395.35    0.0000    0.0006   -0.0002
   4396.38    0.0000    0.0005   -0.0002
   4397.42    0.0000    0.0003   -0.0003
   4398.45    0.0000    0.0001   -0.0003
   4399.48    0.0000   -0.0000   -0.0003
   4400.51    0.0000   -0.0001   -0.0003
   4401.55    0.0000   -0.0001   -0.0002
   4402.58    0.0000   -0.0001   -0.0001
   4403.61    0.0000    0.0001   -0.0001
   4404.64    0.0000    0.0002    0.0000
   4405.68    0.0000    0.0004    0.0001
   4406.71    0.0000    0.0005    0.0001
   4407.74    0.0000    0.0006    0.0001
   4408.77    0.0000    0.0006    0.0001
   4409.81    0.0000    0.0006    0.0000
   4410.84    0.0000    0.0005   -0.0000
   4411.87    0.0000    0.0003   -0.0001
   4412.90    0.0000    0.0002   -0.0002
   4413.94    0.0000    0.0000   -0.0002
   4414.97    0.0000   -0.0000   -0.0001
   4416.00    0.0000   -0.0000   -0.0001
   4417.03    0.0000    0.0001    0.0000
   4418.07    0.0000    0.0002    0.0001
   4419.10    0.0000    0.0004    0.0002
   4420.13    0.0000    0.0006    0.0003
   4421.16    0.0000    0.0008    0.0003
   4422.20    0.0000    0.0009    0.0002
   4423.23    0.0000    0.0010    0.0001
   4424.26    0.0000    0.0009   -0.0000
   4425.29    0.0000    0.0008   -0.0002
   4426.33    0.0000    0.0005   -0.0003
   4427.36    0.0000    0.0003   -0.0003
   4428.39    0.0000   -0.0000   -0.0003
   4429.42    0.0000   -0.0002   -0.0003
   4430.46    0.0000   -0.0003   -0.0001
   4431.49    0.0000   -0.0003    0.0001
   4432.52    0.0000   -0.0001    0.0003
   4433.55    0.0000    0.0001    0.0004
   4434.59    0.0000    0.0005    0.0005
   4435.62    0.0000    0.0008    0.0005
   4436.65    0.0000    0.0010    0.0004
   4437.68    0.0000    0.0012    0.0003
   4438.72    0.0000    0.0014    0.0002
   4439.75    0.0000    0.0014    0.0000
   4440.78    0.0000    0.0013   -0.0001
   4441.81    0.0000    0.0012   -0.0002
   4442.85    0.0000    0.0010   -0.0003
   4443.88    0.0000    0.0008   -0.0004
   4444.91    0.0000    0.0005   -0.0004
   4445.94    0.0000    0.0002   -0.0005
   4446.98    0.0000   -0.0000   -0.0004
   4448.01    0.0000   -0.0002   -0.0004
   4449.04    0.0000   -0.0003   -0.0003
   4450.07    0.0000   -0.0004   -0.0001
   4451.11    0.0000   -0.0003    0.0000
   4452.14    0.0000   -0.0001    0.0002
   4453.17    0.0000    0.0001    0.0003
   4454.20    0.0000    0.0003    0.0003
   4455.24    0.0000    0.0006    0.0004
   4456.27    0.0000    0.0008    0.0004
   4457.30    0.0000    0.0010    0.0003
   4458.33    0.0000    0.0011    0.0002
   4459.37    0.0000    0.0012    0.0000
   4460.40    0.0000    0.0011   -0.0001
   4461.43    0.0000    0.0010   -0.0003
   4462.46    0.0000    0.0007   -0.0005
   4463.50    0.0000    0.0005   -0.0006
   4464.53    0.0000    0.0002   -0.0007
   4465.56    0.0000   -0.0002   -0.0007
   4466.59    0.0000   -0.0004   -0.0007
   4467.63    0.0000   -0.0007   -0.0006
   4468.66    0.0000   -0.0008   -0.0005
   4469.69    0.0000   -0.0009   -0.0004
   4470.72    0.0000   -0.0008   -0.0002
   4471.76    0.0000   -0.0007   -0.0001
   4472.79    0.0000   -0.0005    0.0001
   4473.82    0.0000   -0.0003    0.0002
   4474.85    0.0000    0.0000    0.0002
   4475.89    0.0000    0.0003    0.0003
   4476.92    0.0000    0.0005    0.0003
   4477.95    0.0000    0.0006    0.0002
   4478.98    0.0000    0.0007    0.0001
   4480.02    0.0000    0.0007    0.0000
   4481.05    0.0000    0.0006   -0.0001
   4482.08    0.0000    0.0004   -0.0001
   4483.11    0.0000    0.0001   -0.0002
   4484.15    0.0000   -0.0002   -0.0002
   4485.18    0.0000   -0.0004   -0.0002
   4486.21    0.0000   -0.0007   -0.0001
   4487.24    0.0000   -0.0008   -0.0000
   4488.28    0.0000   -0.0009    0.0001
   4489.31    0.0000   -0.0008    0.0002
   4490.34    0.0000   -0.0007    0.0003
   4491.37    0.0000   -0.0005    0.0004
   4492.41    0.0000   -0.0001    0.0004
   4493.44    0.0000    0.0002    0.0003
   4494.47    0.0000    0.0005    0.0003
   4495.50    0.0000    0.0008    0.0001
   4496.54    0.0000    0.0010   -0.0000
   4497.57    0.0000    0.0012   -0.0002
   4498.60    0.0000    0.0012   -0.0003
   4499.63    0.0000    0.0010   -0.0004
   4500.67    0.0000    0.0007   -0.0005
   4501.70    0.0000    0.0002   -0.0005
   4502.73    0.0000   -0.0003   -0.0004
   4503.76    0.0000   -0.0008   -0.0003
   4504.80    0.0000   -0.0012   -0.0002
   4505.83    0.0000   -0.0014   -0.0000
   4506.86    0.0000   -0.0015    0.0001
   4507.89    0.0000   -0.0013    0.0002
   4508.93    0.0000   -0.0009    0.0003
   4509.96    0.0000   -0.0004    0.0003
   4510.99    0.0000    0.0001    0.0003
   4512.02    0.0000    0.0006    0.0003
   4513.06    0.0000    0.0010    0.0003
   4514.09    0.0000    0.0012    0.0002
   4515.12    0.0000    0.0011    0.0002
   4516.15    0.0000    0.0009    0.0002
   4517.19    0.0000    0.0006    0.0001
   4518.22    0.0000    0.0001    0.0000
   4519.25    0.0000   -0.0003   -0.0000
   4520.28    0.0000   -0.0006   -0.0001
   4521.32    0.0000   -0.0008   -0.0002
   4522.35    0.0000   -0.0008   -0.0003
   4523.38    0.0000   -0.0006   -0.0003
   4524.41    0.0000   -0.0004   -0.0003
   4525.45    0.0000   -0.0000   -0.0002
   4526.48    0.0000    0.0003   -0.0001
   4527.51    0.0000    0.0006    0.0000
   4528.54    0.0000    0.0007    0.0002
   4529.58    0.0000    0.0007    0.0003
   4530.61    0.0000    0.0005    0.0004
   4531.64    0.0000    0.0003    0.0004
   4532.67    0.0000    0.0001    0.0003
   4533.71    0.0000   -0.0002    0.0001
   4534.74    0.0000   -0.0003   -0.0002
   4535.77    0.0000   -0.0004   -0.0005
   4536.80    0.0000   -0.0003   -0.0007
   4537.84    0.0000   -0.0002   -0.0008
   4538.87    0.0000   -0.0001   -0.0008
   4539.90    0.0000    0.0001   -0.0005
   4540.93    0.0000    0.0002   -0.0001
   4541.97    0.0000    0.0002    0.0004
   4543.00    0.0000    0.0002    0.0008
   4544.03    0.0000    0.0001    0.0010
   4545.06    0.0000    0.0000    0.0010
   4546.10    0.0000    0.0000    0.0007
   4547.13    0.0000   -0.0000    0.0002
   4548.16    0.0000    0.0000   -0.0004
   4549.19    0.0000    0.0000   -0.0009
   4550.23    0.0000    0.0001   -0.0012
   4551.26    0.0000    0.0001   -0.0011
   4552.29    0.0000    0.0000   -0.0006
   4553.32    0.0000   -0.0000    0.0000
   4554.36    0.0000   -0.0001    0.0008
   4555.39    0.0000   -0.0001    0.0014
   4556.42    0.0000   -0.0000    0.0016
   4557.45    0.0000    0.0001    0.0013
   4558.49    0.0000    0.0001    0.0007
   4559.52    0.0000    0.0001   -0.0001
   4560.55    0.0000    0.0000   -0.0008
   4561.58    0.0000   -0.0001   -0.0011
   4562.62    0.0000   -0.0003   -0.0009
   4563.65    0.0000   -0.0005   -0.0004
   4564.68    0.0000   -0.0006    0.0003
   4565.71    0.0000   -0.0006    0.0009
   4566.75    0.0000   -0.0004    0.0011
   4567.78    0.0000   -0.0001    0.0008
   4568.81    0.0000    0.0002    0.0001
   4569.84    0.0000    0.0005   -0.0007
   4570.88    0.0000    0.0006   -0.0013
   4571.91    0.0000    0.0006   -0.0014
   4572.94    0.0000    0.0004   -0.0010
   4573.97    0.0000    0.0001   -0.0002
   4575.01    0.0000   -0.0000    0.0007
   4576.04    0.0000   -0.0001    0.0012
   4577.07    0.0000    0.0000    0.0012
   4578.10    0.0000    0.0002    0.0005
   4579.14    0.0000    0.0003   -0.0003
   4580.17    0.0000    0.0002   -0.0011
   4581.20    0.0000    0.0001   -0.0013
   4582.23    0.0000   -0.0002   -0.0008
   4583.27    0.0000   -0.0004   -0.0002
   4584.30    0.0000   -0.0003    0.0003
   4585.33    0.0000   -0.0003    0.0007
   4586.36    0.0000   -0.0002    0.0008
   4587.40    0.0000   -0.0002    0.0007
   4588.43    0.0000   -0.0001    0.0003
   4589.46    0.0000   -0.0001   -0.0003
   4590.49    0.0000   -0.0001   -0.0007
   4591.53    0.0000   -0.0001   -0.0009
   4592.56    0.0000   -0.0000   -0.0007
   4593.59    0.0000    0.0001   -0.0002
   4594.62    0.0000    0.0002    0.0004
   4595.66    0.0000    0.0002    0.0007
   4596.69    0.0000    0.0003    0.0008
   4597.72    0.0000    0.0003    0.0004
   4598.75    0.0000    0.0002   -0.0002
   4599.79    0.0000    0.0002   -0.0005
   4600.82    0.0000    0.0001   -0.0005
   4601.85    0.0000    0.0001   -0.0003
   4602.88    0.0000    0.0002   -0.0000
   4603.92    0.0000    0.0003    0.0003
   4604.95    0.0000    0.0004    0.0005
   4605.98    0.0000    0.0004    0.0007
   4607.01    0.0000    0.0005    0.0008
   4608.05    0.0000    0.0004    0.0006
   4609.08    0.0000    0.0002    0.0004
   4610.11    0.0000    0.0001    0.0001
   4611.14    0.0000   -0.0001   -0.0001
   4612.18    0.0000   -0.0002   -0.0002
   4613.21    0.0000   -0.0002   -0.0002
   4614.24    0.0000   -0.0001    0.0000
   4615.27    0.0000   -0.0000    0.0003
   4616.31    0.0000    0.0001    0.0005
   4617.34    0.0000    0.0002    0.0007
   4618.37    0.0000    0.0002    0.0006
   4619.40    0.0000    0.0002    0.0005
   4620.44    0.0000    0.0000    0.0002
   4621.47    0.0000   -0.0001   -0.0001
   4622.50    0.0000   -0.0003   -0.0003
   4623.53    0.0000   -0.0003   -0.0004
   4624.57    0.0000   -0.0003   -0.0003
   4625.60    0.0000   -0.0002   -0.0001
   4626.63    0.0000   -0.0001    0.0002
   4627.66    0.0000    0.0001    0.0004
   4628.70    0.0000    0.0001    0.0005
   4629.73    0.0000    0.0001    0.0004
   4630.76    0.0000   -0.0000    0.0003
   4631.79    0.0000   -0.0000    0.0003
   4632.83    0.0000   -0.0000    0.0003
   4633.86    0.0000   -0.0001    0.0003
   4634.89    0.0000   -0.0001    0.0002
   4635.92    0.0000   -0.0001    0.0000
   4636.96    0.0000   -0.0001   -0.0001
   4637.99    0.0000   -0.0001   -0.0003
   4639.02    0.0000   -0.0001   -0.0005
   4640.05    0.0000   -0.0001   -0.0007
   4641.09    0.0000   -0.0000   -0.0008
   4642.12    0.0000    0.0000   -0.0009
   4643.15    0.0000    0.0001   -0.0009
   4644.18    0.0000    0.0002   -0.0008
   4645.22    0.0000    0.0003   -0.0007
   4646.25    0.0000    0.0004   -0.0005
   4647.28    0.0000    0.0005   -0.0003
   4648.31    0.0000    0.0006   -0.0001
   4649.35    0.0000    0.0007    0.0000
   4650.38    0.0000    0.0007    0.0002
   4651.41    0.0000    0.0008    0.0003
   4652.44    0.0000    0.0009    0.0003
   4653.48    0.0000    0.0009    0.0003
   4654.51    0.0000    0.0009    0.0003
   4655.54    0.0000    0.0009    0.0001
   4656.57    0.0000    0.0009    0.0000
   4657.61    0.0000    0.0008   -0.0001
   4658.64    0.0000    0.0008   -0.0003
   4659.67    0.0000    0.0008   -0.0004
   4660.70    0.0000    0.0008   -0.0005
   4661.74    0.0000    0.0007   -0.0005
   4662.77    0.0000    0.0007   -0.0005
   4663.80    0.0000    0.0007   -0.0004
   4664.83    0.0000    0.0007   -0.0004
   4665.87    0.0000    0.0008   -0.0002
   4666.90    0.0000    0.0008   -0.0001
   4667.93    0.0000    0.0007   -0.0000
   4668.96    0.0000    0.0007    0.0001
   4670.00    0.0000    0.0007    0.0002
   4671.03    0.0000    0.0006    0.0002
   4672.06    0.0000    0.0006    0.0002
   4673.09    0.0000    0.0005    0.0002
   4674.13    0.0000    0.0004    0.0001
   4675.16    0.0000    0.0004    0.0000
   4676.19    0.0000    0.0003   -0.0001
   4677.22    0.0000    0.0003   -0.0002
   4678.26    0.0000    0.0004   -0.0003
   4679.29    0.0000    0.0004   -0.0004
   4680.32    0.0000    0.0005   -0.0005
   4681.35    0.0000    0.0006   -0.0005
   4682.39    0.0000    0.0007   -0.0006
   4683.42    0.0000    0.0009   -0.0006
   4684.45    0.0000    0.0010   -0.0006
   4685.48    0.0000    0.0010   -0.0006
   4686.52    0.0000    0.0011   -0.0006
   4687.55    0.0000    0.0011   -0.0006
   4688.58    0.0000    0.0010   -0.0005
   4689.61    0.0000    0.0009   -0.0005
   4690.65    0.0000    0.0008   -0.0004
   4691.68    0.0000    0.0006   -0.0003
   4692.71    0.0000    0.0004   -0.0002
   4693.74    0.0000    0.0002   -0.0001
   4694.78    0.0000    0.0001   -0.0000
   4695.81    0.0000   -0.0000    0.0000
   4696.84    0.0000   -0.0001    0.0001
   4697.87    0.0000   -0.0002    0.0001
   4698.91    0.0000   -0.0002    0.0002
   4699.94    0.0000   -0.0002    0.0002
   4700.97    0.0000   -0.0001    0.0002
   4702.00    0.0000   -0.0001    0.0002
   4703.04    0.0000   -0.0000    0.0002
   4704.07    0.0000    0.0000    0.0002
   4705.10    0.0000    0.0001    0.0002
   4706.13    0.0000    0.0001    0.0002
   4707.17    0.0000    0.0001    0.0002
   4708.20    0.0000    0.0001    0.0002
   4709.23    0.0000    0.0001    0.0002
   4710.26    0.0000    0.0001    0.0002
   4711.30    0.0000    0.0001    0.0001
   4712.33    0.0000    0.0001    0.0001
   4713.36    0.0000    0.0001   -0.0000
   4714.39    0.0000    0.0001   -0.0001
   4715.43    0.0000    0.0000   -0.0001
   4716.46    0.0000   -0.0001   -0.0001
   4717.49    0.0000   -0.0002   -0.0000
   4718.52    0.0000   -0.0003    0.0001
   4719.56    0.0000   -0.0004    0.0003
   4720.59    0.0000   -0.0006    0.0004
   4721.62    0.0000   -0.0007    0.0005
   4722.65    0.0000   -0.0007    0.0005
   4723.69    0.0000   -0.0008    0.0005
   4724.72    0.0000   -0.0007    0.0005
   4725.75    0.0000   -0.0007    0.0004
   4726.78    0.0000   -0.0006    0.0003
   4727.82    0.0000   -0.0005    0.0003
   4728.85    0.0000   -0.0005    0.0003
   4729.88    0.0000   -0.0005    0.0003
   4730.91    0.0000   -0.0005    0.0003
   4731.95    0.0000   -0.0005    0.0004
   4732.98    0.0000   -0.0005    0.0003
   4734.01    0.0000   -0.0005    0.0003
   4735.04    0.0000   -0.0004    0.0003
   4736.08    0.0000   -0.0004    0.0002
   4737.11    0.0000   -0.0003    0.0002
   4738.14    0.0000   -0.0002    0.0002
   4739.17    0.0000   -0.0001    0.0001
   4740.21    0.0000   -0.0001   -0.0001
   4741.24    0.0000   -0.0000   -0.0004
   4742.27    0.0000    0.0001   -0.0004
   4743.30    0.0000    0.0002   -0.0003
   4744.34    0.0000    0.0003    0.0001
   4745.37    0.0000    0.0005    0.0005
   4746.40    0.0000    0.0005    0.0008
   4747.43    0.0000    0.0004    0.0008
   4748.47    0.0000    0.0003    0.0007
   4749.50    0.0000    0.0002    0.0004
   4750.53    0.0000    0.0001    0.0001
   4751.56    0.0000    0.0002   -0.0001
   4752.60    0.0000    0.0003   -0.0003
   4753.63    0.0000    0.0005   -0.0002
   4754.66    0.0000    0.0007   -0.0002
   4755.69    0.0000    0.0007   -0.0000
   4756.73    0.0000    0.0006    0.0001
   4757.76    0.0000    0.0002    0.0002
   4758.79    0.0000   -0.0004    0.0002
   4759.82    0.0000   -0.0009    0.0002
   4760.86    0.0000   -0.0009    0.0001
   4761.89    0.0000   -0.0007   -0.0000
   4762.92    0.0000   -0.0002   -0.0002
   4763.95    0.0000    0.0004   -0.0003
   4764.99    0.0000    0.0010   -0.0003
   4766.02    0.0000    0.0012   -0.0003
   4767.05    0.0000    0.0012   -0.0001
   4768.08    0.0000    0.0009    0.0001
   4769.12    0.0000    0.0003    0.0003
   4770.15    0.0000   -0.0003    0.0004
   4771.18    0.0000   -0.0007    0.0004
   4772.21    0.0000   -0.0009    0.0003
   4773.25    0.0000   -0.0009    0.0001
   4774.28    0.0000   -0.0005   -0.0001
   4775.31    0.0000   -0.0001   -0.0004
   4776.34    0.0000    0.0004   -0.0006
   4777.38    0.0000    0.0008   -0.0007
   4778.41    0.0000    0.0009   -0.0006
   4779.44    0.0000    0.0008   -0.0004
   4780.47    0.0000    0.0005   -0.0004
   4781.51    0.0000    0.0002   -0.0005
   4782.54    0.0000   -0.0001   -0.0004
   4783.57    0.0000   -0.0003   -0.0001
   4784.60    0.0000   -0.0004    0.0002
   4785.64    0.0000   -0.0004    0.0005
   4786.67    0.0000   -0.0002    0.0005
   4787.70    0.0000    0.0001    0.0004
   4788.73    0.0000    0.0003    0.0000
   4789.77    0.0000    0.0004   -0.0003
   4790.80    0.0000    0.0004   -0.0006
   4791.83    0.0000    0.0002   -0.0007
   4792.86    0.0000    0.0000   -0.0006
   4793.90    0.0000   -0.0001   -0.0003
   4794.93    0.0000   -0.0002    0.0001
   4795.96    0.0000    0.0000    0.0004
   4796.99    0.0000    0.0004    0.0006
   4798.03    0.0000    0.0006    0.0005
   4799.06    0.0000    0.0005    0.0002
   4800.09    0.0000    0.0001   -0.0001
   4801.12    0.0000   -0.0004   -0.0004
   4802.16    0.0000   -0.0006   -0.0004
   4803.19    0.0000   -0.0006   -0.0002
   4804.22    0.0000   -0.0002    0.0001
   4805.25    0.0000    0.0003    0.0002
   4806.29    0.0000    0.0007    0.0001
   4807.32    0.0000    0.0009   -0.0001
   4808.35    0.0000    0.0007   -0.0005
   4809.38    0.0000    0.0003   -0.0007
   4810.42    0.0000   -0.0001   -0.0007
   4811.45    0.0000   -0.0004   -0.0005
   4812.48    0.0000   -0.0005   -0.0001
   4813.51    0.0000   -0.0004    0.0004
   4814.55    0.0000   -0.0002    0.0007
   4815.58    0.0000   -0.0000    0.0009
   4816.61    0.0000    0.0001    0.0008
   4817.64    0.0000    0.0001    0.0004
   4818.68    0.0000    0.0001    0.0000
   4819.71    0.0000    0.0001   -0.0004
   4820.74    0.0000    0.0002   -0.0006
   4821.77    0.0000    0.0003   -0.0007
   4822.81    0.0000    0.0004   -0.0007
   4823.84    0.0000    0.0004   -0.0005
   4824.87    0.0000    0.0003   -0.0003
   4825.90    0.0000    0.0001   -0.0001
   4826.94    0.0000   -0.0002    0.0000
   4827.97    0.0000   -0.0004    0.0002
   4829.00    0.0000   -0.0005    0.0003
   4830.03    0.0000   -0.0005    0.0004
   4831.07    0.0000   -0.0003    0.0005
   4832.10    0.0000    0.0000    0.0003
   4833.13    0.0000    0.0002   -0.0000
   4834.16    0.0000    0.0004   -0.0004
   4835.20    0.0000    0.0003   -0.0008
   4836.23    0.0000    0.0002   -0.0009
   4837.26    0.0000    0.0001   -0.0008
   4838.29    0.0000   -0.0000   -0.0004
   4839.33    0.0000   -0.0000    0.0001
   4840.36    0.0000   -0.0000    0.0005
   4841.39    0.0000    0.0000    0.0008
   4842.42    0.0000   -0.0000    0.0008
   4843.46    0.0000   -0.0001    0.0005
   4844.49    0.0000   -0.0002    0.0001
   4845.52    0.0000   -0.0003   -0.0003
   4846.55    0.0000   -0.0003   -0.0006
   4847.59    0.0000   -0.0002   -0.0007
   4848.62    0.0000    0.0001   -0.0007
   4849.65    0.0000    0.0003   -0.0006
   4850.68    0.0000    0.0005   -0.0004
   4851.72    0.0000    0.0006   -0.0001
   4852.75    0.0000    0.0004    0.0001
   4853.78    0.0000    0.0001    0.0004
   4854.81    0.0000   -0.0002    0.0006
   4855.85    0.0000   -0.0004    0.0006
   4856.88    0.0000   -0.0006    0.0004
   4857.91    0.0000   -0.0006    0.0002
   4858.94    0.0000   -0.0004   -0.0001
   4859.98    0.0000   -0.0002   -0.0004
   4861.01    0.0000   -0.0001   -0.0005
   4862.04    0.0000    0.0001   -0.0005
   4863.07    0.0000    0.0002   -0.0004
   4864.11    0.0000    0.0002   -0.0003
   4865.14    0.0000    0.0002   -0.0003
   4866.17    0.0000    0.0002   -0.0003
   4867.20    0.0000    0.0001   -0.0003
   4868.24    0.0000    0.0001   -0.0003
   4869.27    0.0000   -0.0000   -0.0001
   4870.30    0.0000   -0.0001    0.0002
   4871.33    0.0000   -0.0001    0.0005
   4872.37    0.0000   -0.0001    0.0007
   4873.40    0.0000   -0.0001    0.0007
   4874.43    0.0000   -0.0002    0.0005
   4875.46    0.0000   -0.0002    0.0001
   4876.50    0.0000   -0.0002   -0.0004
   4877.53    0.0000   -0.0002   -0.0008
   4878.56    0.0000   -0.0001   -0.0009
   4879.59    0.0000    0.0000   -0.0009
   4880.63    0.0000    0.0002   -0.0006
   4881.66    0.0000    0.0003   -0.0002
   4882.69    0.0000    0.0003    0.0002
   4883.72    0.0000    0.0004    0.0006
   4884.76    0.0000    0.0004    0.0008
   4885.79    0.0000    0.0004    0.0009
   4886.82    0.0000    0.0003    0.0008
   4887.85    0.0000    0.0002    0.0005
   4888.89    0.0000    0.0000    0.0001
   4889.92    0.0000   -0.0001   -0.0002
   4890.95    0.0000   -0.0002   -0.0005
   4891.98    0.0000   -0.0003   -0.0006
   4893.02    0.0000   -0.0003   -0.0006
   4894.05    0.0000   -0.0003   -0.0005
   4895.08    0.0000   -0.0001   -0.0004
   4896.11    0.0000    0.0001   -0.0002
   4897.15    0.0000    0.0003   -0.0002
   4898.18    0.0000    0.0005   -0.0002
   4899.21    0.0000    0.0005   -0.0002
   4900.24    0.0000    0.0005   -0.0003
   4901.28    0.0000    0.0003   -0.0004
   4902.31    0.0000    0.0001   -0.0005
   4903.34    0.0000   -0.0001   -0.0005
   4904.37    0.0000   -0.0003   -0.0005
   4905.41    0.0000   -0.0004   -0.0004
   4906.44    0.0000   -0.0004   -0.0002
   4907.47    0.0000   -0.0003   -0.0001
   4908.50    0.0000   -0.0001   -0.0001
   4909.54    0.0000    0.0001   -0.0001
   4910.57    0.0000    0.0003   -0.0001
   4911.60    0.0000    0.0004   -0.0000
   4912.63    0.0000    0.0005    0.0000
   4913.67    0.0000    0.0005    0.0001
   4914.70    0.0000    0.0004    0.0002
   4915.73    0.0000    0.0002    0.0002
   4916.76    0.0000    0.0001    0.0002
   4917.80    0.0000   -0.0001    0.0002
   4918.83    0.0000   -0.0002    0.0001
   4919.86    0.0000   -0.0003    0.0000
   4920.89    0.0000   -0.0004   -0.0001
   4921.93    0.0000   -0.0004   -0.0002
   4922.96    0.0000   -0.0003   -0.0002
   4923.99    0.0000   -0.0002   -0.0003
   4925.02    0.0000   -0.0001   -0.0003
   4926.06    0.0000    0.0001   -0.0002
   4927.09    0.0000    0.0002   -0.0001
   4928.12    0.0000    0.0004   -0.0000
   4929.15    0.0000    0.0005    0.0001
   4930.19    0.0000    0.0005    0.0002
   4931.22    0.0000    0.0006    0.0003
   4932.25    0.0000    0.0005    0.0003
   4933.28    0.0000    0.0005    0.0003
   4934.32    0.0000    0.0004    0.0002
   4935.35    0.0000    0.0003    0.0000
   4936.38    0.0000    0.0002   -0.0001
   4937.41    0.0000    0.0001   -0.0002
   4938.45    0.0000   -0.0000   -0.0003
   4939.48    0.0000   -0.0001   -0.0003
   4940.51    0.0000   -0.0001   -0.0003
   4941.54    0.0000   -0.0001   -0.0003
   4942.58    0.0000   -0.0002   -0.0002
   4943.61    0.0000   -0.0002   -0.0001
   4944.64    0.0000   -0.0003   -0.0001
   4945.67    0.0000   -0.0003   -0.0001
   4946.71    0.0000   -0.0004   -0.0001
   4947.74    0.0000   -0.0004   -0.0001
   4948.77    0.0000   -0.0005   -0.0001
   4949.80    0.0000   -0.0005   -0.0000
   4950.84    0.0000   -0.0005    0.0000
   4951.87    0.0000   -0.0005    0.0000
   4952.90    0.0000   -0.0005    0.0001
   4953.93    0.0000   -0.0004    0.0001
   4954.97    0.0000   -0.0004    0.0002
   4956.00    0.0000   -0.0004    0.0002
   4957.03    0.0000   -0.0004    0.0001
   4958.06    0.0000   -0.0004    0.0001
   4959.10    0.0000   -0.0004   -0.0000
   4960.13    0.0000   -0.0003   -0.0001
   4961.16    0.0000   -0.0003   -0.0002
   4962.19    0.0000   -0.0002   -0.0002
   4963.23    0.0000   -0.0002   -0.0003
   4964.26    0.0000   -0.0001   -0.0003
   4965.29    0.0000   -0.0001   -0.0003
   4966.32    0.0000   -0.0000   -0.0003
   4967.36    0.0000    0.0001   -0.0002
   4968.39    0.0000    0.0001   -0.0002
   4969.42    0.0000    0.0002   -0.0001
   4970.45    0.0000    0.0002   -0.0001
   4971.49    0.0000    0.0002   -0.0001
   4972.52    0.0000    0.0003   -0.0001
   4973.55    0.0000    0.0003   -0.0001
   4974.58    0.0000    0.0003   -0.0001
   4975.62    0.0000    0.0003   -0.0001
   4976.65    0.0000    0.0003   -0.0002
   4977.68    0.0000    0.0002   -0.0002
   4978.71    0.0000    0.0002   -0.0002
   4979.75    0.0000    0.0002   -0.0003
   4980.78    0.0000    0.0002   -0.0003
   4981.81    0.0000    0.0002   -0.0003
   4982.84    0.0000    0.0002   -0.0003
   4983.88    0.0000    0.0003   -0.0003
   4984.91    0.0000    0.0003   -0.0003
   4985.94    0.0000    0.0003   -0.0002
   4986.97    0.0000    0.0004   -0.0002
   4988.01    0.0000    0.0004   -0.0002
   4989.04    0.0000    0.0004   -0.0002
   4990.07    0.0000    0.0004   -0.0001
   4991.10    0.0000    0.0004   -0.0001
   4992.14    0.0000    0.0004   -0.0001
   4993.17    0.0000    0.0003   -0.0001
   4994.20    0.0000    0.0003   -0.0002
   4995.23    0.0000    0.0003   -0.0002
   4996.27    0.0000    0.0003   -0.0002
   4997.30    0.0000    0.0003   -0.0002
   4998.33    0.0000    0.0003   -0.0002
   4999.36    0.0000    0.0003   -0.0003
   5000.40    0.0000    0.0004   -0.0003
   5001.43    0.0000    0.0004   -0.0003
   5002.46    0.0000    0.0004   -0.0003
   5003.49    0.0000    0.0004   -0.0002
   5004.53    0.0000    0.0004   -0.0002
   5005.56    0.0000    0.0004   -0.0002
   5006.59    0.0000    0.0004   -0.0002
   5007.62    0.0000    0.0004   -0.0002
   5008.66    0.0000    0.0004   -0.0002
   5009.69    0.0000    0.0005   -0.0002
   5010.72    0.0000    0.0005   -0.0002
   5011.75    0.0000    0.0005   -0.0002
   5012.79    0.0000    0.0005   -0.0002
   5013.82    0.0000    0.0006   -0.0002
   5014.85    0.0000    0.0006   -0.0002
   5015.88    0.0000    0.0006   -0.0002
   5016.92    0.0000    0.0006   -0.0002
   5017.95    0.0000    0.0006   -0.0002
   5018.98    0.0000    0.0006   -0.0002
   5020.01    0.0000    0.0006   -0.0002
   5021.05    0.0000    0.0006   -0.0002
   5022.08    0.0000    0.0006   -0.0002
   5023.11    0.0000    0.0006   -0.0002
   5024.14    0.0000    0.0006   -0.0002
   5025.18    0.0000    0.0006   -0.0002
   5026.21    0.0000    0.0006   -0.0002
   5027.24    0.0000    0.0006   -0.0002
   5028.27    0.0000    0.0006   -0.0003
   5029.31    0.0000    0.0006   -0.0003
   5030.34    0.0000    0.0006   -0.0003
   5031.37    0.0000    0.0006   -0.0003
   5032.40    0.0000    0.0006   -0.0003
   5033.44    0.0000    0.0007   -0.0003
   5034.47    0.0000    0.0007   -0.0003
   5035.50    0.0000    0.0006   -0.0003
   5036.53    0.0000    0.0003   -0.0002
   5037.57    0.0000   -0.0000   -0.0001
   5038.60    0.0000   -0.0004    0.0001
   5039.63    0.0000   -0.0006    0.0001
   5040.66    0.0000   -0.0007    0.0002
   5041.70    0.0000   -0.0007    0.0002
   5042.73    0.0000   -0.0005    0.0001
   5043.76    0.0000   -0.0002    0.0000
   5044.79    0.0000    0.0001   -0.0001
   5045.83    0.0000    0.0004   -0.0001
   5046.86    0.0000    0.0007   -0.0002
   5047.89    0.0000    0.0008   -0.0002
   5048.92    0.0000    0.0008   -0.0002
   5049.96    0.0000    0.0008   -0.0001
   5050.99    0.0000    0.0006   -0.0000
   5052.02    0.0000    0.0004    0.0000
   5053.05    0.0000    0.0001    0.0001
   5054.09    0.0000   -0.0001    0.0002
   5055.12    0.0000   -0.0003    0.0003
   5056.15    0.0000   -0.0005    0.0003
   5057.18    0.0000   -0.0005    0.0004
   5058.22    0.0000   -0.0004    0.0004
   5059.25    0.0000   -0.0001    0.0004
   5060.28    0.0000    0.0002    0.0003
   5061.31    0.0000    0.0003    0.0002
   5062.35    0.0000    0.0002    0.0001
   5063.38    0.0000   -0.0001    0.0001
   5064.41    0.0000   -0.0005    0.0001
   5065.44    0.0000   -0.0008    0.0001
   5066.48    0.0000   -0.0010    0.0001
   5067.51    0.0000   -0.0010    0.0001
   5068.54    0.0000   -0.0008    0.0001
   5069.57    0.0000   -0.0003    0.0001
   5070.61    0.0000    0.0001    0.0001
   5071.64    0.0000    0.0005    0.0000
   5072.67    0.0000    0.0007   -0.0000
   5073.70    0.0000    0.0007   -0.0001
   5074.74    0.0000    0.0005   -0.0001
   5075.77    0.0000    0.0001   -0.0002
   5076.80    0.0000   -0.0002   -0.0002
   5077.83    0.0000   -0.0005   -0.0002
   5078.87    0.0000   -0.0006   -0.0002
   5079.90    0.0000   -0.0006   -0.0002
   5080.93    0.0000   -0.0003   -0.0002
   5081.96    0.0000    0.0000   -0.0002
   5083.00    0.0000    0.0004   -0.0003
   5084.03    0.0000    0.0007   -0.0003
   5085.06    0.0000    0.0009   -0.0002
   5086.09    0.0000    0.0009   -0.0002
   5087.13    0.0000    0.0007   -0.0001
   5088.16    0.0000    0.0004   -0.0001
   5089.19    0.0000    0.0001   -0.0000
   5090.22    0.0000   -0.0001    0.0000
   5091.26    0.0000   -0.0003    0.0000
   5092.29    0.0000   -0.0003   -0.0000
   5093.32    0.0000   -0.0003   -0.0001
   5094.35    0.0000   -0.0001   -0.0002
   5095.39    0.0000    0.0002   -0.0003
   5096.42    0.0000    0.0004   -0.0004
   5097.45    0.0000    0.0005   -0.0003
   5098.48    0.0000    0.0006   -0.0002
   5099.52    0.0000    0.0005   -0.0000
   5100.55    0.0000    0.0004    0.0002
   5101.58    0.0000    0.0002    0.0005
   5102.61    0.0000    0.0000    0.0007
   5103.65    0.0000   -0.0001    0.0008
   5104.68    0.0000   -0.0003    0.0007
   5105.71    0.0000   -0.0004    0.0005
   5106.74    0.0000   -0.0005    0.0002
   5107.78    0.0000   -0.0005   -0.0001
   5108.81    0.0000   -0.0006   -0.0004
   5109.84    0.0000   -0.0005   -0.0006
   5110.87    0.0000   -0.0004   -0.0007
   5111.91    0.0000   -0.0003   -0.0006
   5112.94    0.0000   -0.0001   -0.0005
   5113.97    0.0000    0.0001   -0.0003
   5115.00    0.0000    0.0003   -0.0001
   5116.04    0.0000    0.0005    0.0001
   5117.07    0.0000    0.0005    0.0002
   5118.10    0.0000    0.0005    0.0002
   5119.13    0.0000    0.0004    0.0001
   5120.17    0.0000    0.0002    0.0001
   5121.20    0.0000   -0.0001    0.0000
   5122.23    0.0000   -0.0003    0.0000
   5123.26    0.0000   -0.0005    0.0000
   5124.30    0.0000   -0.0007    0.0001
   5125.33    0.0000   -0.0007    0.0001
   5126.36    0.0000   -0.0006    0.0001
   5127.39    0.0000   -0.0004    0.0001
   5128.43    0.0000   -0.0001   -0.0000
   5129.46    0.0000    0.0002   -0.0002
   5130.49    0.0000    0.0004   -0.0004
   5131.52    0.0000    0.0006   -0.0005
   5132.56    0.0000    0.0007   -0.0005
   5133.59    0.0000    0.0007   -0.0005
   5134.62    0.0000    0.0006   -0.0003
   5135.65    0.0000    0.0005   -0.0000
   5136.69    0.0000    0.0003    0.0003
   5137.72    0.0000    0.0002    0.0005
   5138.75    0.0000   -0.0000    0.0007
   5139.78    0.0000   -0.0002    0.0008
   5140.82    0.0000   -0.0003    0.0008
   5141.85    0.0000   -0.0004    0.0007
   5142.88    0.0000   -0.0004    0.0004
   5143.91    0.0000   -0.0004    0.0002
   5144.95    0.0000   -0.0004   -0.0001
   5145.98    0.0000   -0.0003   -0.0003
   5147.01    0.0000   -0.0001   -0.0004
   5148.04    0.0000    0.0001   -0.0005
   5149.08    0.0000    0.0003   -0.0005
   5150.11    0.0000    0.0005   -0.0005
   5151.14    0.0000    0.0006   -0.0004
   5152.17    0.0000    0.0005   -0.0003
   5153.21    0.0000    0.0004   -0.0001
   5154.24    0.0000    0.0001    0.0000
   5155.27    0.0000   -0.0003    0.0002
   5156.30    0.0000   -0.0006    0.0003
   5157.34    0.0000   -0.0008    0.0003
   5158.37    0.0000   -0.0009    0.0003
   5159.40    0.0000   -0.0008    0.0002
   5160.43    0.0000   -0.0005   -0.0000
   5161.47    0.0000   -0.0001   -0.0002
   5162.50    0.0000    0.0003   -0.0005
   5163.53    0.0000    0.0007   -0.0007
   5164.56    0.0000    0.0009   -0.0008
   5165.60    0.0000    0.0009   -0.0008
   5166.63    0.0000    0.0007   -0.0007
   5167.66    0.0000    0.0004   -0.0004
   5168.69    0.0000    0.0001   -0.0001
   5169.73    0.0000   -0.0003    0.0003
   5170.76    0.0000   -0.0005    0.0006
   5171.79    0.0000   -0.0006    0.0008
   5172.82    0.0000   -0.0005    0.0008
   5173.86    0.0000   -0.0004    0.0007
   5174.89    0.0000   -0.0001    0.0004
   5175.92    0.0000    0.0001    0.0000
   5176.95    0.0000    0.0003   -0.0004
   5177.99    0.0000    0.0004   -0.0007
   5179.02    0.0000    0.0004   -0.0009
   5180.05    0.0000    0.0003   -0.0009
   5181.08    0.0000    0.0003   -0.0010
   5182.12    0.0000    0.0002   -0.0010
   5183.15    0.0000    0.0002   -0.0010
   5184.18    0.0000    0.0002   -0.0010
   5185.21    0.0000    0.0001   -0.0010
   5186.25    0.0000    0.0001   -0.0009
   5187.28    0.0000    0.0001   -0.0008
   5188.31    0.0000    0.0001   -0.0008
   5189.34    0.0000    0.0000   -0.0007
   5190.38    0.0000    0.0000   -0.0006
   5191.41    0.0000   -0.0000   -0.0006
   5192.44    0.0000   -0.0000   -0.0005
   5193.47    0.0000   -0.0000   -0.0005
   5194.51    0.0000   -0.0000   -0.0005
   5195.54    0.0000   -0.0001   -0.0005
   5196.57    0.0000   -0.0001   -0.0005
   5197.60    0.0000   -0.0001   -0.0005
   5198.64    0.0000   -0.0001   -0.0006
   5199.67    0.0000   -0.0001   -0.0006
   5200.70    0.0000   -0.0001   -0.0007
   5201.73    0.0000   -0.0001   -0.0007
   5202.77    0.0000   -0.0001   -0.0007
   5203.80    0.0000   -0.0001   -0.0007
   5204.83    0.0000   -0.0001   -0.0006
   5205.86    0.0000   -0.0001   -0.0005
   5206.90    0.0000   -0.0001   -0.0004
   5207.93    0.0000   -0.0002   -0.0003
   5208.96    0.0000   -0.0002   -0.0002
   5209.99    0.0000   -0.0003   -0.0000
   5211.03    0.0000   -0.0004    0.0000
   5212.06    0.0000   -0.0005    0.0001
   5213.09    0.0000   -0.0006    0.0001
   5214.12    0.0000   -0.0007    0.0001
   5215.16    0.0000   -0.0007    0.0001
   5216.19    0.0000   -0.0007   -0.0000
   5217.22    0.0000   -0.0006   -0.0001
