     #Time      Norm      Real      Imag
   4750.53    0.0000   -0.0000    0.0000
   4751.56    0.0000   -0.0000    0.0000
   4752.60    0.0000   -0.0000    0.0000
   4753.63    0.0000   -0.0000    0.0000
   4754.66    0.0000   -0.0000    0.0000
   4755.69    0.0000   -0.0000    0.0000
   4756.73    0.0000   -0.0000    0.0000
   4757.76    0.0000   -0.0000    0.0000
   4758.79    0.0000   -0.0000    0.0000
   4759.82    0.0000   -0.0001    0.0000
   4760.86    0.0000   -0.0001    0.0000
   4761.89    0.0000   -0.0001    0.0000
   4762.92    0.0000   -0.0001    0.0000
   4763.95    0.0000   -0.0001    0.0000
   4764.99    0.0000   -0.0001   -0.0000
   4766.02    0.0000   -0.0001   -0.0000
   4767.05    0.0000   -0.0001   -0.0000
   4768.08    0.0000   -0.0001   -0.0000
   4769.12    0.0000   -0.0001   -0.0000
   4770.15    0.0000   -0.0001    0.0000
   4771.18    0.0000   -0.0001    0.0000
   4772.21    0.0000   -0.0001    0.0000
   4773.25    0.0000   -0.0001    0.0000
   4774.28    0.0000   -0.0001    0.0000
   4775.31    0.0000   -0.0001    0.0000
   4776.34    0.0000   -0.0001    0.0000
   4777.38    0.0000   -0.0001    0.0000
   4778.41    0.0000   -0.0001    0.0000
   4779.44    0.0000   -0.0001    0.0000
   4780.47    0.0000   -0.0001    0.0000
   4781.51    0.0000   -0.0001    0.0000
   4782.54    0.0000   -0.0001    0.0000
   4783.57    0.0000   -0.0000    0.0001
   4784.60    0.0000   -0.0000    0.0001
   4785.64    0.0000   -0.0000    0.0001
   4786.67    0.0000   -0.0000    0.0001
   4787.70    0.0000   -0.0000    0.0001
   4788.73    0.0000   -0.0000    0.0001
   4789.77    0.0000   -0.0000    0.0001
   4790.80    0.0000   -0.0000    0.0001
   4791.83    0.0000    0.0000    0.0001
   4792.86    0.0000    0.0000    0.0001
   4793.90    0.0000    0.0000    0.0001
   4794.93    0.0000    0.0000    0.0001
   4795.96    0.0000    0.0001    0.0001
   4796.99    0.0000    0.0001    0.0001
   4798.03    0.0000    0.0001    0.0001
   4799.06    0.0000    0.0001    0.0001
   4800.09    0.0000    0.0001    0.0001
   4801.12    0.0000    0.0001    0.0001
   4802.16    0.0000    0.0001    0.0001
   4803.19    0.0000    0.0001    0.0001
   4804.22    0.0000    0.0002    0.0001
   4805.25    0.0000    0.0002    0.0001
   4806.29    0.0000    0.0002    0.0001
   4807.32    0.0000    0.0001    0.0001
   4808.35    0.0000    0.0001    0.0001
   4809.38    0.0000    0.0001    0.0000
   4810.42    0.0000    0.0001    0.0000
   4811.45    0.0000    0.0001    0.0000
   4812.48    0.0000    0.0001    0.0000
   4813.51    0.0000    0.0001    0.0000
   4814.55    0.0000    0.0001    0.0000
   4815.58    0.0000    0.0001    0.0000
   4816.61    0.0000    0.0001    0.0000
   4817.64    0.0000    0.0001    0.0000
   4818.68    0.0000    0.0001   -0.0000
   4819.71    0.0000    0.0001   -0.0000
   4820.74    0.0000    0.0001   -0.0000
   4821.77    0.0000    0.0002   -0.0000
   4822.81    0.0000    0.0001   -0.0000
   4823.84    0.0000    0.0001   -0.0000
   4824.87    0.0000    0.0001   -0.0000
   4825.90    0.0000    0.0001   -0.0000
   4826.94    0.0000    0.0001   -0.0000
   4827.97    0.0000    0.0001   -0.0000
   4829.00    0.0000    0.0001   -0.0000
   4830.03    0.0000    0.0001   -0.0000
   4831.07    0.0000    0.0000   -0.0000
   4832.10    0.0000    0.0000   -0.0000
   4833.13    0.0000    0.0000   -0.0000
   4834.16    0.0000    0.0001   -0.0001
   4835.20    0.0000    0.0001   -0.0001
   4836.23    0.0000    0.0001   -0.0001
   4837.26    0.0000    0.0002   -0.0001
   4838.29    0.0000    0.0002   -0.0001
   4839.33    0.0000    0.0002   -0.0001
   4840.36    0.0000    0.0002   -0.0000
   4841.39    0.0000    0.0001   -0.0000
   4842.42    0.0000    0.0001   -0.0000
   4843.46    0.0000    0.0001   -0.0000
   4844.49    0.0000    0.0001   -0.0000
   4845.52    0.0000    0.0000   -0.0000
   4846.55    0.0000   -0.0000   -0.0000
   4847.59    0.0000   -0.0001   -0.0000
   4848.62    0.0000   -0.0001   -0.0000
   4849.65    0.0000   -0.0001    0.0000
   4850.68    0.0000   -0.0000    0.0000
   4851.72    0.0000    0.0000    0.0000
   4852.75    0.0000    0.0001    0.0001
   4853.78    0.0000    0.0001    0.0001
   4854.81    0.0000    0.0001    0.0001
   4855.85    0.0000    0.0001    0.0001
   4856.88    0.0000    0.0001    0.0001
   4857.91    0.0000    0.0001    0.0001
   4858.94    0.0000    0.0001    0.0001
   4859.98    0.0000    0.0001    0.0000
   4861.01    0.0000    0.0000   -0.0000
   4862.04    0.0000   -0.0000   -0.0001
   4863.07    0.0000   -0.0001   -0.0001
   4864.11    0.0000   -0.0002   -0.0001
   4865.14    0.0000   -0.0002   -0.0002
   4866.17    0.0000   -0.0002   -0.0002
   4867.20    0.0000   -0.0002   -0.0002
   4868.24    0.0000   -0.0002   -0.0002
   4869.27    0.0000   -0.0002   -0.0002
   4870.30    0.0000   -0.0001   -0.0003
   4871.33    0.0000   -0.0001   -0.0003
   4872.37    0.0000   -0.0001   -0.0003
   4873.40    0.0000   -0.0001   -0.0003
   4874.43    0.0000   -0.0002   -0.0004
   4875.46    0.0000   -0.0002   -0.0004
   4876.50    0.0000   -0.0002   -0.0003
   4877.53    0.0000   -0.0003   -0.0003
   4878.56    0.0000   -0.0004   -0.0002
   4879.59    0.0000   -0.0004   -0.0001
   4880.63    0.0000   -0.0005    0.0000
   4881.66    0.0000   -0.0004    0.0001
   4882.69    0.0000   -0.0003    0.0001
   4883.72    0.0000   -0.0002    0.0000
   4884.76    0.0000   -0.0000   -0.0000
   4885.79    0.0000    0.0001   -0.0001
   4886.82    0.0000    0.0002   -0.0002
   4887.85    0.0000    0.0002   -0.0002
   4888.89    0.0000    0.0001   -0.0001
   4889.92    0.0000   -0.0000   -0.0000
   4890.95    0.0000   -0.0002    0.0001
   4891.98    0.0000   -0.0003    0.0003
   4893.02    0.0000   -0.0004    0.0004
   4894.05    0.0000   -0.0003    0.0004
   4895.08    0.0000   -0.0002    0.0004
   4896.11    0.0000    0.0000    0.0004
   4897.15    0.0000    0.0002    0.0003
   4898.18    0.0000    0.0004    0.0002
   4899.21    0.0000    0.0005    0.0001
   4900.24    0.0000    0.0005    0.0001
   4901.28    0.0000    0.0004    0.0002
   4902.31    0.0000    0.0003    0.0003
   4903.34    0.0000    0.0001    0.0005
   4904.37    0.0000   -0.0000    0.0006
   4905.41    0.0000   -0.0001    0.0007
   4906.44    0.0000   -0.0000    0.0008
   4907.47    0.0000    0.0001    0.0007
   4908.50    0.0000    0.0003    0.0007
   4909.54    0.0000    0.0005    0.0006
   4910.57    0.0000    0.0006    0.0004
   4911.60    0.0000    0.0006    0.0004
   4912.63    0.0000    0.0005    0.0003
   4913.67    0.0000    0.0004    0.0003
   4914.70    0.0000    0.0002    0.0004
   4915.73    0.0000    0.0000    0.0004
   4916.76    0.0000   -0.0000    0.0005
   4917.80    0.0000    0.0001    0.0004
   4918.83    0.0000    0.0003    0.0003
   4919.86    0.0000    0.0005    0.0002
   4920.89    0.0000    0.0007   -0.0000
   4921.93    0.0000    0.0007   -0.0002
   4922.96    0.0000    0.0006   -0.0003
   4923.99    0.0000    0.0004   -0.0002
   4925.02    0.0000    0.0000   -0.0001
   4926.06    0.0000   -0.0002    0.0001
   4927.09    0.0000   -0.0004    0.0003
   4928.12    0.0000   -0.0003    0.0005
   4929.15    0.0000   -0.0002    0.0007
   4930.19    0.0000    0.0001    0.0007
   4931.22    0.0000    0.0003    0.0006
   4932.25    0.0000    0.0005    0.0004
   4933.28    0.0000    0.0007    0.0001
   4934.32    0.0000    0.0007   -0.0002
   4935.35    0.0000    0.0006   -0.0005
   4936.38    0.0000    0.0003   -0.0007
   4937.41    0.0000    0.0000   -0.0007
   4938.45    0.0000   -0.0003   -0.0006
   4939.48    0.0000   -0.0005   -0.0004
   4940.51    0.0000   -0.0006   -0.0002
   4941.54    0.0000   -0.0006   -0.0003
   4942.58    0.0000   -0.0007   -0.0003
   4943.61    0.0000   -0.0007   -0.0003
   4944.64    0.0000   -0.0007   -0.0003
   4945.67    0.0000   -0.0007   -0.0003
   4946.71    0.0000   -0.0007   -0.0004
   4947.74    0.0000   -0.0007   -0.0004
   4948.77    0.0000   -0.0008   -0.0004
   4949.80    0.0000   -0.0008   -0.0004
   4950.84    0.0000   -0.0008   -0.0004
   4951.87    0.0000   -0.0008   -0.0004
   4952.90    0.0000   -0.0008   -0.0005
   4953.93    0.0000   -0.0008   -0.0005
   4954.97    0.0000   -0.0008   -0.0005
   4956.00    0.0000   -0.0008   -0.0005
   4957.03    0.0000   -0.0008   -0.0005
   4958.06    0.0000   -0.0008   -0.0006
   4959.10    0.0000   -0.0008   -0.0006
   4960.13    0.0000   -0.0008   -0.0006
   4961.16    0.0000   -0.0008   -0.0006
   4962.19    0.0000   -0.0007   -0.0006
   4963.23    0.0000   -0.0007   -0.0006
   4964.26    0.0000   -0.0007   -0.0006
   4965.29    0.0000   -0.0007   -0.0006
   4966.32    0.0000   -0.0007   -0.0006
   4967.36    0.0000   -0.0007   -0.0007
   4968.39    0.0000   -0.0007   -0.0007
   4969.42    0.0000   -0.0007   -0.0007
   4970.45    0.0000   -0.0007   -0.0007
   4971.49    0.0000   -0.0007   -0.0007
   4972.52    0.0000   -0.0006   -0.0007
   4973.55    0.0000   -0.0006   -0.0007
   4974.58    0.0000   -0.0006   -0.0007
   4975.62    0.0000   -0.0006   -0.0007
   4976.65    0.0000   -0.0006   -0.0007
   4977.68    0.0000   -0.0006   -0.0007
   4978.71    0.0000   -0.0006   -0.0007
   4979.75    0.0000   -0.0006   -0.0007
   4980.78    0.0000   -0.0006   -0.0007
   4981.81    0.0000   -0.0006   -0.0007
   4982.84    0.0000   -0.0006   -0.0007
   4983.88    0.0000   -0.0007   -0.0006
   4984.91    0.0000   -0.0007   -0.0006
   4985.94    0.0000   -0.0007   -0.0006
   4986.97    0.0000   -0.0007   -0.0006
   4988.01    0.0000   -0.0007   -0.0005
   4989.04    0.0000   -0.0007   -0.0005
   4990.07    0.0000   -0.0007   -0.0005
   4991.10    0.0000   -0.0007   -0.0005
   4992.14    0.0000   -0.0007   -0.0005
   4993.17    0.0000   -0.0007   -0.0005
   4994.20    0.0000   -0.0007   -0.0006
   4995.23    0.0000   -0.0007   -0.0006
   4996.27    0.0000   -0.0007   -0.0006
   4997.30    0.0000   -0.0007   -0.0006
   4998.33    0.0000   -0.0007   -0.0006
   4999.36    0.0000   -0.0007   -0.0006
   5000.40    0.0000   -0.0006   -0.0006
   5001.43    0.0000   -0.0006   -0.0006
   5002.46    0.0000   -0.0006   -0.0005
   5003.49    0.0000   -0.0006   -0.0005
   5004.53    0.0000   -0.0006   -0.0005
   5005.56    0.0000   -0.0006   -0.0005
   5006.59    0.0000   -0.0007   -0.0005
   5007.62    0.0000   -0.0007   -0.0005
   5008.66    0.0000   -0.0007   -0.0006
   5009.69    0.0000   -0.0007   -0.0006
   5010.72    0.0000   -0.0007   -0.0006
   5011.75    0.0000   -0.0006   -0.0006
   5012.79    0.0000   -0.0006   -0.0006
   5013.82    0.0000   -0.0006   -0.0006
   5014.85    0.0000   -0.0006   -0.0006
   5015.88    0.0000   -0.0007   -0.0006
   5016.92    0.0000   -0.0007   -0.0006
   5017.95    0.0000   -0.0008   -0.0007
   5018.98    0.0000   -0.0008   -0.0007
   5020.01    0.0000   -0.0008   -0.0008
   5021.05    0.0000   -0.0007   -0.0008
   5022.08    0.0000   -0.0007   -0.0008
   5023.11    0.0000   -0.0006   -0.0008
   5024.14    0.0000   -0.0006   -0.0008
   5025.18    0.0000   -0.0005   -0.0008
   5026.21    0.0000   -0.0005   -0.0008
   5027.24    0.0000   -0.0004   -0.0008
   5028.27    0.0000   -0.0005   -0.0008
   5029.31    0.0000   -0.0005   -0.0008
   5030.34    0.0000   -0.0005   -0.0008
   5031.37    0.0000   -0.0005   -0.0007
   5032.40    0.0000   -0.0005   -0.0007
   5033.44    0.0000   -0.0005   -0.0007
   5034.47    0.0000   -0.0005   -0.0007
   5035.50    0.0000   -0.0005   -0.0006
   5036.53    0.0000   -0.0005   -0.0006
   5037.57    0.0000   -0.0005   -0.0006
   5038.60    0.0000   -0.0005   -0.0006
   5039.63    0.0000   -0.0005   -0.0006
   5040.66    0.0000   -0.0005   -0.0006
   5041.70    0.0000   -0.0005   -0.0007
   5042.73    0.0000   -0.0005   -0.0007
   5043.76    0.0000   -0.0006   -0.0007
   5044.79    0.0000   -0.0006   -0.0008
   5045.83    0.0000   -0.0006   -0.0007
   5046.86    0.0000   -0.0007   -0.0007
   5047.89    0.0000   -0.0007   -0.0007
   5048.92    0.0000   -0.0007   -0.0007
   5049.96    0.0000   -0.0007   -0.0008
   5050.99    0.0000   -0.0007   -0.0008
   5052.02    0.0000   -0.0006   -0.0008
   5053.05    0.0000   -0.0005   -0.0008
   5054.09    0.0000   -0.0005   -0.0008
   5055.12    0.0000   -0.0004   -0.0008
   5056.15    0.0000   -0.0004   -0.0008
   5057.18    0.0000   -0.0004   -0.0008
   5058.22    0.0000   -0.0004   -0.0007
   5059.25    0.0000   -0.0005   -0.0007
   5060.28    0.0000   -0.0005   -0.0006
   5061.31    0.0000   -0.0006   -0.0006
   5062.35    0.0000   -0.0006   -0.0006
   5063.38    0.0000   -0.0007   -0.0006
   5064.41    0.0000   -0.0006   -0.0006
   5065.44    0.0000   -0.0006   -0.0006
   5066.48    0.0000   -0.0006   -0.0005
   5067.51    0.0000   -0.0005   -0.0005
   5068.54    0.0000   -0.0005   -0.0004
   5069.57    0.0000   -0.0004   -0.0004
   5070.61    0.0000   -0.0004   -0.0003
   5071.64    0.0000   -0.0005   -0.0003
   5072.67    0.0000   -0.0005   -0.0003
   5073.70    0.0000   -0.0006   -0.0002
   5074.74    0.0000   -0.0007   -0.0003
   5075.77    0.0000   -0.0007   -0.0003
   5076.80    0.0000   -0.0008   -0.0003
   5077.83    0.0000   -0.0008   -0.0003
   5078.87    0.0000   -0.0008   -0.0004
   5079.90    0.0000   -0.0007   -0.0004
   5080.93    0.0000   -0.0007   -0.0004
   5081.96    0.0000   -0.0007   -0.0004
   5083.00    0.0000   -0.0006   -0.0004
   5084.03    0.0000   -0.0007   -0.0003
   5085.06    0.0000   -0.0007   -0.0003
   5086.09    0.0000   -0.0007   -0.0003
   5087.13    0.0000   -0.0008   -0.0004
   5088.16    0.0000   -0.0008   -0.0004
   5089.19    0.0000   -0.0009   -0.0004
   5090.22    0.0000   -0.0009   -0.0005
   5091.26    0.0000   -0.0009   -0.0006
   5092.29    0.0000   -0.0008   -0.0006
   5093.32    0.0000   -0.0007   -0.0007
   5094.35    0.0000   -0.0007   -0.0007
   5095.39    0.0000   -0.0006   -0.0008
   5096.42    0.0000   -0.0005   -0.0008
   5097.45    0.0000   -0.0004   -0.0008
   5098.48    0.0000   -0.0004   -0.0007
   5099.52    0.0000   -0.0004   -0.0007
   5100.55    0.0000   -0.0004   -0.0006
   5101.58    0.0000   -0.0005   -0.0005
   5102.61    0.0000   -0.0005   -0.0004
   5103.65    0.0000   -0.0006   -0.0004
   5104.68    0.0000   -0.0007   -0.0003
   5105.71    0.0000   -0.0007   -0.0003
   5106.74    0.0000   -0.0007   -0.0003
   5107.78    0.0000   -0.0008   -0.0003
   5108.81    0.0000   -0.0008   -0.0003
   5109.84    0.0000   -0.0008   -0.0003
   5110.87    0.0000   -0.0007   -0.0003
   5111.91    0.0000   -0.0005   -0.0002
   5112.94    0.0000   -0.0001   -0.0000
   5113.97    0.0000    0.0002    0.0001
   5115.00    0.0000    0.0005    0.0003
   5116.04    0.0000    0.0006    0.0004
   5117.07    0.0000    0.0007    0.0004
   5118.10    0.0000    0.0006    0.0003
   5119.13    0.0000    0.0003    0.0002
   5120.17    0.0000    0.0000   -0.0001
   5121.20    0.0000   -0.0002   -0.0003
   5122.23    0.0000   -0.0005   -0.0005
   5123.26    0.0000   -0.0006   -0.0006
   5124.30    0.0000   -0.0004   -0.0005
   5125.33    0.0000    0.0000   -0.0001
   5126.36    0.0000    0.0005    0.0003
   5127.39    0.0000    0.0008    0.0006
   5128.43    0.0000    0.0009    0.0007
   5129.46    0.0000    0.0006    0.0007
   5130.49    0.0000    0.0002    0.0004
   5131.52    0.0000   -0.0002    0.0001
   5132.56    0.0000   -0.0006   -0.0003
   5133.59    0.0000   -0.0009   -0.0005
   5134.62    0.0000   -0.0009   -0.0006
   5135.65    0.0000   -0.0007   -0.0006
   5136.69    0.0000   -0.0003   -0.0004
   5137.72    0.0000    0.0001   -0.0001
   5138.75    0.0000    0.0005    0.0002
   5139.78    0.0000    0.0008    0.0004
   5140.82    0.0000    0.0009    0.0005
   5141.85    0.0000    0.0007    0.0005
   5142.88    0.0000    0.0005    0.0003
   5143.91    0.0000    0.0001    0.0001
   5144.95    0.0000   -0.0003   -0.0001
   5145.98    0.0000   -0.0005   -0.0003
   5147.01    0.0000   -0.0007   -0.0004
   5148.04    0.0000   -0.0007   -0.0004
   5149.08    0.0000   -0.0006   -0.0003
   5150.11    0.0000   -0.0004   -0.0002
   5151.14    0.0000   -0.0001   -0.0000
   5152.17    0.0000    0.0002    0.0002
   5153.21    0.0000    0.0004    0.0003
   5154.24    0.0000    0.0005    0.0004
   5155.27    0.0000    0.0005    0.0004
   5156.30    0.0000    0.0004    0.0004
   5157.34    0.0000    0.0002    0.0002
   5158.37    0.0000    0.0000    0.0001
   5159.40    0.0000   -0.0002   -0.0001
   5160.43    0.0000   -0.0003   -0.0002
   5161.47    0.0000   -0.0004   -0.0004
   5162.50    0.0000   -0.0004   -0.0004
   5163.53    0.0000   -0.0004   -0.0005
   5164.56    0.0000   -0.0003   -0.0004
   5165.60    0.0000   -0.0001   -0.0003
   5166.63    0.0000    0.0000   -0.0001
   5167.66    0.0000    0.0002    0.0001
   5168.69    0.0000    0.0003    0.0003
   5169.73    0.0000    0.0003    0.0004
   5170.76    0.0000    0.0004    0.0005
   5171.79    0.0000    0.0003    0.0006
   5172.82    0.0000    0.0002    0.0005
   5173.86    0.0000    0.0001    0.0003
   5174.89    0.0000   -0.0000    0.0002
   5175.92    0.0000   -0.0002   -0.0001
   5176.95    0.0000   -0.0002   -0.0003
   5177.99    0.0000   -0.0003   -0.0004
   5179.02    0.0000   -0.0003   -0.0006
   5180.05    0.0000   -0.0002   -0.0006
   5181.08    0.0000   -0.0001   -0.0006
   5182.12    0.0000    0.0000   -0.0005
   5183.15    0.0000    0.0001   -0.0004
   5184.18    0.0000    0.0002   -0.0002
   5185.21    0.0000    0.0002   -0.0000
   5186.25    0.0000    0.0002    0.0001
   5187.28    0.0000    0.0002    0.0003
   5188.31    0.0000    0.0002    0.0004
   5189.34    0.0000    0.0001    0.0004
   5190.38    0.0000    0.0001    0.0005
   5191.41    0.0000    0.0002    0.0005
   5192.44    0.0000    0.0002    0.0005
   5193.47    0.0000    0.0002    0.0005
   5194.51    0.0000    0.0002    0.0004
   5195.54    0.0000    0.0001    0.0003
   5196.57    0.0000   -0.0000    0.0002
   5197.60    0.0000   -0.0002   -0.0000
   5198.64    0.0000   -0.0004   -0.0002
   5199.67    0.0000   -0.0005   -0.0003
   5200.70    0.0000   -0.0006   -0.0003
   5201.73    0.0000   -0.0006   -0.0003
   5202.77    0.0000   -0.0005   -0.0002
   5203.80    0.0000   -0.0004   -0.0001
   5204.83    0.0000   -0.0003    0.0000
   5205.86    0.0000   -0.0002    0.0001
   5206.90    0.0000   -0.0001    0.0003
   5207.93    0.0000   -0.0000    0.0003
   5208.96    0.0000    0.0001    0.0004
   5209.99    0.0000    0.0002    0.0004
   5211.03    0.0000    0.0003    0.0003
   5212.06    0.0000    0.0004    0.0003
   5213.09    0.0000    0.0005    0.0002
   5214.12    0.0000    0.0006    0.0001
   5215.16    0.0000    0.0007   -0.0000
   5216.19    0.0000    0.0006   -0.0001
   5217.22    0.0000    0.0005   -0.0003
   5218.25    0.0000    0.0004   -0.0004
   5219.29    0.0000    0.0002   -0.0005
   5220.32    0.0000    0.0000   -0.0006
   5221.35    0.0000   -0.0002   -0.0006
   5222.38    0.0000   -0.0003   -0.0006
   5223.42    0.0000   -0.0004   -0.0005
   5224.45    0.0000   -0.0005   -0.0004
   5225.48    0.0000   -0.0005   -0.0002
   5226.51    0.0000   -0.0005    0.0000
   5227.55    0.0000   -0.0005    0.0002
   5228.58    0.0000   -0.0004    0.0003
   5229.61    0.0000   -0.0003    0.0004
   5230.64    0.0000   -0.0002    0.0005
   5231.68    0.0000   -0.0001    0.0005
   5232.71    0.0000    0.0001    0.0005
   5233.74    0.0000    0.0002    0.0004
   5234.77    0.0000    0.0004    0.0003
   5235.81    0.0000    0.0005    0.0003
   5236.84    0.0000    0.0006    0.0002
   5237.87    0.0000    0.0006    0.0002
   5238.90    0.0000    0.0006    0.0001
   5239.94    0.0000    0.0005    0.0001
   5240.97    0.0000    0.0004    0.0000
   5242.00    0.0000    0.0003   -0.0001
   5243.03    0.0000    0.0001   -0.0001
   5244.07    0.0000   -0.0000   -0.0002
   5245.10    0.0000   -0.0001   -0.0002
   5246.13    0.0000   -0.0002   -0.0002
   5247.16    0.0000   -0.0003   -0.0002
   5248.20    0.0000   -0.0003   -0.0001
   5249.23    0.0000   -0.0003   -0.0001
   5250.26    0.0000   -0.0003    0.0000
   5251.29    0.0000   -0.0002    0.0001
   5252.33    0.0000   -0.0002    0.0002
   5253.36    0.0000   -0.0001    0.0003
   5254.39    0.0000   -0.0000    0.0003
   5255.42    0.0000    0.0001    0.0003
   5256.46    0.0000    0.0001    0.0002
   5257.49    0.0000    0.0002    0.0001
   5258.52    0.0000    0.0003    0.0000
   5259.55    0.0000    0.0003   -0.0000
   5260.59    0.0000    0.0004   -0.0001
   5261.62    0.0000    0.0004   -0.0001
   5262.65    0.0000    0.0003   -0.0001
   5263.68    0.0000    0.0003   -0.0001
   5264.72    0.0000    0.0001   -0.0001
