     #Time      Norm      Real      Imag
   5150.11    0.0000    0.0000   -0.0000
   5151.14    0.0000    0.0000   -0.0000
   5152.17    0.0000    0.0000   -0.0000
   5153.21    0.0000    0.0000   -0.0000
   5154.24    0.0000    0.0000   -0.0001
   5155.27    0.0000    0.0001   -0.0001
   5156.30    0.0000    0.0001   -0.0001
   5157.34    0.0000    0.0001   -0.0001
   5158.37    0.0000    0.0001   -0.0001
   5159.40    0.0000    0.0001   -0.0001
   5160.43    0.0000    0.0001   -0.0001
   5161.47    0.0000    0.0001   -0.0001
   5162.50    0.0000    0.0001   -0.0001
   5163.53    0.0000    0.0001   -0.0001
   5164.56    0.0000    0.0001   -0.0001
   5165.60    0.0000    0.0001   -0.0001
   5166.63    0.0000    0.0001   -0.0001
   5167.66    0.0000    0.0001   -0.0002
   5168.69    0.0000    0.0001   -0.0002
   5169.73    0.0000    0.0001   -0.0002
   5170.76    0.0000    0.0001   -0.0002
   5171.79    0.0000    0.0001   -0.0002
   5172.82    0.0000    0.0001   -0.0002
   5173.86    0.0000    0.0001   -0.0002
   5174.89    0.0000    0.0001   -0.0002
   5175.92    0.0000    0.0001   -0.0002
   5176.95    0.0000    0.0002   -0.0002
   5177.99    0.0000    0.0002   -0.0002
   5179.02    0.0000    0.0002   -0.0003
   5180.05    0.0000    0.0002   -0.0003
   5181.08    0.0000    0.0002   -0.0003
   5182.12    0.0000    0.0002   -0.0003
   5183.15    0.0000    0.0002   -0.0003
   5184.18    0.0000    0.0002   -0.0003
   5185.21    0.0000    0.0002   -0.0003
   5186.25    0.0000    0.0002   -0.0003
   5187.28    0.0000    0.0002   -0.0003
   5188.31    0.0000    0.0002   -0.0003
   5189.34    0.0000    0.0002   -0.0003
   5190.38    0.0000    0.0002   -0.0003
   5191.41    0.0000    0.0002   -0.0003
   5192.44    0.0000    0.0002   -0.0003
   5193.47    0.0000    0.0002   -0.0003
   5194.51    0.0000    0.0002   -0.0003
   5195.54    0.0000    0.0002   -0.0003
   5196.57    0.0000    0.0002   -0.0003
   5197.60    0.0000    0.0002   -0.0003
   5198.64    0.0000    0.0002   -0.0003
   5199.67    0.0000    0.0002   -0.0004
   5200.70    0.0000    0.0002   -0.0004
   5201.73    0.0000    0.0002   -0.0003
   5202.77    0.0000    0.0002   -0.0003
   5203.80    0.0000    0.0002   -0.0003
   5204.83    0.0000    0.0002   -0.0003
   5205.86    0.0000    0.0002   -0.0003
   5206.90    0.0000    0.0002   -0.0003
   5207.93    0.0000    0.0002   -0.0003
   5208.96    0.0000    0.0002   -0.0003
   5209.99    0.0000    0.0002   -0.0003
   5211.03    0.0000    0.0002   -0.0003
   5212.06    0.0000    0.0002   -0.0003
   5213.09    0.0000    0.0002   -0.0003
   5214.12    0.0000    0.0002   -0.0003
   5215.16    0.0000    0.0002   -0.0003
   5216.19    0.0000    0.0002   -0.0002
   5217.22    0.0000    0.0002   -0.0002
   5218.25    0.0000    0.0002   -0.0002
   5219.29    0.0000    0.0002   -0.0002
   5220.32    0.0000    0.0001   -0.0002
   5221.35    0.0000    0.0001   -0.0001
   5222.38    0.0000    0.0001   -0.0001
   5223.42    0.0000    0.0001   -0.0001
   5224.45    0.0000    0.0001   -0.0001
   5225.48    0.0000    0.0000   -0.0000
   5226.51    0.0000   -0.0000    0.0001
   5227.55    0.0000   -0.0002    0.0003
   5228.58    0.0000   -0.0003    0.0006
   5229.61    0.0000   -0.0007    0.0010
   5230.64    0.0000   -0.0011    0.0015
   5231.68    0.0000   -0.0014    0.0018
   5232.71    0.0000   -0.0016    0.0020
   5233.74    0.0000   -0.0015    0.0019
   5234.77    0.0000   -0.0013    0.0015
   5235.81    0.0000   -0.0009    0.0011
   5236.84    0.0000   -0.0005    0.0008
   5237.87    0.0000   -0.0002    0.0006
   5238.90    0.0000   -0.0002    0.0007
   5239.94    0.0000   -0.0003    0.0009
   5240.97    0.0000   -0.0006    0.0013
   5242.00    0.0000   -0.0009    0.0016
   5243.03    0.0000   -0.0011    0.0019
   5244.07    0.0000   -0.0012    0.0019
   5245.10    0.0000   -0.0011    0.0017
   5246.13    0.0000   -0.0008    0.0013
   5247.16    0.0000   -0.0004    0.0008
   5248.20    0.0000   -0.0000    0.0004
   5249.23    0.0000    0.0003    0.0001
   5250.26    0.0000    0.0005   -0.0000
   5251.29    0.0000    0.0005    0.0000
