     #Time      Norm      Real      Imag
   5150.11    0.0000    0.0002    0.0001
   5151.14    0.0000    0.0005    0.0004
   5152.17    0.0000    0.0009    0.0007
   5153.21    0.0000    0.0012    0.0009
   5154.24    0.0000    0.0015    0.0012
   5155.27    0.0000    0.0018    0.0014
   5156.30    0.0000    0.0021    0.0017
   5157.34    0.0000    0.0024    0.0019
   5158.37    0.0000    0.0026    0.0021
   5159.40    0.0000    0.0029    0.0023
   5160.43    0.0000    0.0031    0.0024
   5161.47    0.0000    0.0032    0.0026
   5162.50    0.0000    0.0034    0.0027
   5163.53    0.0000    0.0036    0.0028
   5164.56    0.0000    0.0037    0.0028
   5165.60    0.0000    0.0039    0.0029
   5166.63    0.0000    0.0040    0.0030
   5167.66    0.0000    0.0042    0.0031
   5168.69    0.0000    0.0043    0.0032
   5169.73    0.0000    0.0045    0.0033
   5170.76    0.0000    0.0047    0.0035
   5171.79    0.0000    0.0049    0.0036
   5172.82    0.0000    0.0051    0.0038
   5173.86    0.0000    0.0053    0.0040
   5174.89    0.0000    0.0055    0.0043
   5175.92    0.0001    0.0058    0.0045
   5176.95    0.0001    0.0060    0.0047
   5177.99    0.0001    0.0063    0.0049
   5179.02    0.0001    0.0065    0.0051
   5180.05    0.0001    0.0068    0.0052
   5181.08    0.0001    0.0071    0.0053
   5182.12    0.0001    0.0073    0.0054
   5183.15    0.0001    0.0075    0.0055
   5184.18    0.0001    0.0077    0.0055
   5185.21    0.0001    0.0078    0.0056
   5186.25    0.0001    0.0079    0.0056
   5187.28    0.0001    0.0079    0.0056
   5188.31    0.0001    0.0079    0.0056
   5189.34    0.0001    0.0079    0.0056
   5190.38    0.0001    0.0079    0.0056
   5191.41    0.0001    0.0079    0.0057
   5192.44    0.0001    0.0079    0.0058
   5193.47    0.0001    0.0080    0.0059
   5194.51    0.0001    0.0081    0.0060
   5195.54    0.0001    0.0082    0.0062
   5196.57    0.0001    0.0084    0.0064
   5197.60    0.0001    0.0086    0.0066
   5198.64    0.0001    0.0087    0.0068
   5199.67    0.0001    0.0089    0.0069
   5200.70    0.0001    0.0090    0.0070
   5201.73    0.0001    0.0090    0.0070
   5202.77    0.0001    0.0089    0.0069
   5203.80    0.0001    0.0088    0.0068
   5204.83    0.0001    0.0086    0.0067
   5205.86    0.0001    0.0084    0.0065
   5206.90    0.0001    0.0081    0.0063
   5207.93    0.0001    0.0079    0.0062
   5208.96    0.0001    0.0076    0.0061
   5209.99    0.0001    0.0074    0.0060
   5211.03    0.0001    0.0071    0.0060
   5212.06    0.0001    0.0069    0.0060
   5213.09    0.0001    0.0067    0.0059
   5214.12    0.0001    0.0065    0.0058
   5215.16    0.0001    0.0062    0.0056
   5216.19    0.0001    0.0059    0.0054
   5217.22    0.0001    0.0056    0.0050
   5218.25    0.0000    0.0051    0.0046
   5219.29    0.0000    0.0046    0.0041
   5220.32    0.0000    0.0041    0.0037
   5221.35    0.0000    0.0035    0.0033
   5222.38    0.0000    0.0029    0.0029
   5223.42    0.0000    0.0024    0.0026
   5224.45    0.0000    0.0017    0.0023
   5225.48    0.0000   -0.0001    0.0009
   5226.51    0.0000   -0.0031   -0.0015
   5227.55    0.0001   -0.0072   -0.0048
   5228.58    0.0003   -0.0138   -0.0098
   5229.61    0.0010   -0.0248   -0.0199
   5230.64    0.0024   -0.0363   -0.0322
   5231.68    0.0038   -0.0448   -0.0426
   5232.71    0.0046   -0.0477   -0.0478
   5233.74    0.0041   -0.0446   -0.0462
   5234.77    0.0028   -0.0368   -0.0385
   5235.81    0.0015   -0.0272   -0.0272
   5236.84    0.0006   -0.0189   -0.0161
   5237.87    0.0003   -0.0147   -0.0086
   5238.90    0.0003   -0.0159   -0.0067
   5239.94    0.0006   -0.0219   -0.0107
   5240.97    0.0013   -0.0307   -0.0191
   5242.00    0.0024   -0.0393   -0.0288
   5243.03    0.0033   -0.0449   -0.0366
   5244.07    0.0036   -0.0455   -0.0398
   5245.10    0.0030   -0.0406   -0.0371
   5246.13    0.0018   -0.0313   -0.0290
   5247.16    0.0007   -0.0199   -0.0174
   5248.20    0.0001   -0.0091   -0.0053
   5249.23    0.0000   -0.0015    0.0044
   5250.26    0.0001    0.0012    0.0094
   5251.29    0.0001   -0.0011    0.0090
