     #Time      Norm      Real      Imag
   5190.38    0.0000   -0.0000    0.0000
   5191.41    0.0000   -0.0000    0.0000
   5192.44    0.0000   -0.0000    0.0000
   5193.47    0.0000   -0.0000   -0.0000
   5194.51    0.0000   -0.0000   -0.0000
   5195.54    0.0000   -0.0000   -0.0000
   5196.57    0.0000   -0.0000   -0.0000
   5197.60    0.0000   -0.0000   -0.0000
   5198.64    0.0000    0.0000   -0.0000
   5199.67    0.0000    0.0000   -0.0000
   5200.70    0.0000    0.0000   -0.0000
   5201.73    0.0000    0.0000   -0.0000
   5202.77    0.0000    0.0000   -0.0000
   5203.80    0.0000    0.0000   -0.0000
   5204.83    0.0000    0.0000   -0.0000
   5205.86    0.0000    0.0000   -0.0000
   5206.90    0.0000   -0.0000   -0.0000
   5207.93    0.0000   -0.0000    0.0000
   5208.96    0.0000   -0.0000    0.0000
   5209.99    0.0000   -0.0000    0.0000
   5211.03    0.0000   -0.0000    0.0000
   5212.06    0.0000   -0.0000    0.0000
   5213.09    0.0000   -0.0000    0.0000
   5214.12    0.0000   -0.0000    0.0000
   5215.16    0.0000   -0.0000    0.0000
   5216.19    0.0000   -0.0000   -0.0000
   5217.22    0.0000   -0.0000   -0.0000
   5218.25    0.0000   -0.0000   -0.0000
   5219.29    0.0000   -0.0000   -0.0000
   5220.32    0.0000    0.0000   -0.0000
   5221.35    0.0000    0.0000   -0.0000
   5222.38    0.0000    0.0000   -0.0000
   5223.42    0.0000    0.0000   -0.0000
   5224.45    0.0000    0.0000   -0.0000
   5225.48    0.0000   -0.0000   -0.0000
   5226.51    0.0000   -0.0000    0.0000
   5227.55    0.0000   -0.0000    0.0000
   5228.58    0.0000   -0.0000    0.0000
   5229.61    0.0000   -0.0000    0.0000
   5230.64    0.0000   -0.0000    0.0000
   5231.68    0.0000   -0.0000    0.0000
   5232.71    0.0000   -0.0000    0.0000
   5233.74    0.0000    0.0000    0.0000
   5234.77    0.0000    0.0000    0.0000
   5235.81    0.0000    0.0000    0.0000
   5236.84    0.0000    0.0000    0.0000
   5237.87    0.0000    0.0000    0.0000
   5238.90    0.0000    0.0000    0.0000
   5239.94    0.0000    0.0000    0.0000
   5240.97    0.0000   -0.0000    0.0000
   5242.00    0.0000   -0.0000    0.0000
   5243.03    0.0000   -0.0000   -0.0000
   5244.07    0.0000   -0.0000   -0.0000
   5245.10    0.0000   -0.0000   -0.0000
   5246.13    0.0000   -0.0000   -0.0000
   5247.16    0.0000   -0.0000   -0.0000
   5248.20    0.0000   -0.0000   -0.0000
   5249.23    0.0000   -0.0000   -0.0000
   5250.26    0.0000   -0.0000   -0.0000
   5251.29    0.0000   -0.0000   -0.0000
   5252.33    0.0000   -0.0000    0.0000
   5253.36    0.0000   -0.0000    0.0000
   5254.39    0.0000   -0.0000    0.0000
   5255.42    0.0000   -0.0000    0.0000
   5256.46    0.0000   -0.0000    0.0000
   5257.49    0.0000   -0.0000    0.0000
   5258.52    0.0000    0.0000    0.0000
   5259.55    0.0000    0.0000    0.0000
   5260.59    0.0000    0.0000    0.0000
   5261.62    0.0000    0.0000    0.0000
   5262.65    0.0000    0.0000   -0.0000
   5263.68    0.0000    0.0000   -0.0000
   5264.72    0.0000    0.0000   -0.0000
   5265.75    0.0000    0.0000   -0.0000
   5266.78    0.0000    0.0000   -0.0000
   5267.81    0.0000    0.0000   -0.0000
   5268.85    0.0000    0.0000   -0.0000
   5269.88    0.0000    0.0000   -0.0000
   5270.91    0.0000   -0.0000   -0.0000
   5271.94    0.0000   -0.0000   -0.0000
   5272.98    0.0000   -0.0000   -0.0000
   5274.01    0.0000   -0.0000   -0.0000
   5275.04    0.0000   -0.0000   -0.0000
   5276.07    0.0000   -0.0000   -0.0000
   5277.11    0.0000   -0.0000   -0.0000
   5278.14    0.0000   -0.0000   -0.0000
   5279.17    0.0000   -0.0000   -0.0000
   5280.20    0.0000    0.0000   -0.0000
   5281.24    0.0000    0.0000    0.0000
   5282.27    0.0000    0.0000    0.0000
   5283.30    0.0000    0.0000    0.0000
   5284.33    0.0000    0.0000    0.0000
   5285.37    0.0000    0.0000    0.0000
   5286.40    0.0000   -0.0000    0.0000
   5287.43    0.0000   -0.0000    0.0000
   5288.46    0.0000   -0.0000    0.0000
   5289.50    0.0000   -0.0000    0.0000
   5290.53    0.0000   -0.0000    0.0000
   5291.56    0.0000    0.0000    0.0000
