     #Time      Norm      Real      Imag
   5198.64    0.0000    0.0000   -0.0000
   5199.67    0.0000    0.0000   -0.0000
   5200.70    0.0000    0.0000   -0.0000
   5201.73    0.0000    0.0000   -0.0001
   5202.77    0.0000    0.0000   -0.0001
   5203.80    0.0000    0.0001   -0.0001
   5204.83    0.0000    0.0001   -0.0001
   5205.86    0.0000    0.0001   -0.0001
   5206.90    0.0000    0.0001   -0.0002
   5207.93    0.0000    0.0001   -0.0002
   5208.96    0.0000    0.0001   -0.0002
   5209.99    0.0000    0.0001   -0.0002
   5211.03    0.0000    0.0001   -0.0002
   5212.06    0.0000    0.0002   -0.0002
   5213.09    0.0000    0.0002   -0.0003
   5214.12    0.0000    0.0002   -0.0003
   5215.16    0.0000    0.0002   -0.0003
   5216.19    0.0000    0.0002   -0.0003
   5217.22    0.0000    0.0002   -0.0003
   5218.25    0.0000    0.0002   -0.0004
   5219.29    0.0000    0.0002   -0.0004
   5220.32    0.0000    0.0002   -0.0004
   5221.35    0.0000    0.0002   -0.0004
   5222.38    0.0000    0.0002   -0.0004
   5223.42    0.0000    0.0002   -0.0004
   5224.45    0.0000    0.0002   -0.0004
   5225.48    0.0000    0.0001   -0.0005
   5226.51    0.0000    0.0000   -0.0005
   5227.55    0.0000   -0.0000   -0.0005
   5228.58    0.0000   -0.0001   -0.0005
   5229.61    0.0000   -0.0001   -0.0005
   5230.64    0.0000   -0.0002   -0.0004
   5231.68    0.0000   -0.0002   -0.0003
   5232.71    0.0000   -0.0002   -0.0002
   5233.74    0.0000   -0.0003   -0.0001
   5234.77    0.0000   -0.0003    0.0000
   5235.81    0.0000   -0.0003    0.0001
   5236.84    0.0000   -0.0004    0.0002
   5237.87    0.0000   -0.0004    0.0002
   5238.90    0.0000   -0.0004    0.0003
   5239.94    0.0000   -0.0005    0.0003
   5240.97    0.0000   -0.0005    0.0003
   5242.00    0.0000   -0.0005    0.0004
   5243.03    0.0000   -0.0005    0.0005
   5244.07    0.0000   -0.0005    0.0007
   5245.10    0.0000   -0.0005    0.0008
   5246.13    0.0000   -0.0005    0.0009
   5247.16    0.0000   -0.0005    0.0010
   5248.20    0.0000   -0.0005    0.0010
   5249.23    0.0000   -0.0005    0.0011
   5250.26    0.0000   -0.0005    0.0010
   5251.29    0.0000   -0.0005    0.0010
   5252.33    0.0000   -0.0005    0.0010
   5253.36    0.0000   -0.0005    0.0010
   5254.39    0.0000   -0.0005    0.0011
   5255.42    0.0000   -0.0004    0.0011
   5256.46    0.0000   -0.0004    0.0012
   5257.49    0.0000   -0.0003    0.0012
   5258.52    0.0000   -0.0003    0.0013
   5259.55    0.0000   -0.0003    0.0013
   5260.59    0.0000   -0.0002    0.0013
   5261.62    0.0000   -0.0002    0.0012
   5262.65    0.0000   -0.0002    0.0012
   5263.68    0.0000   -0.0002    0.0011
   5264.72    0.0000   -0.0002    0.0010
   5265.75    0.0000   -0.0002    0.0009
   5266.78    0.0000   -0.0001    0.0009
   5267.81    0.0000   -0.0001    0.0008
   5268.85    0.0000    0.0000    0.0007
   5269.88    0.0000    0.0001    0.0006
   5270.91    0.0000    0.0002    0.0004
   5271.94    0.0000    0.0002    0.0002
   5272.98    0.0000    0.0003    0.0001
   5274.01    0.0000    0.0003   -0.0001
   5275.04    0.0000    0.0002   -0.0003
   5276.07    0.0000    0.0000   -0.0004
   5277.11    0.0000   -0.0002   -0.0006
   5278.14    0.0000   -0.0005   -0.0007
   5279.17    0.0000   -0.0007   -0.0008
   5280.20    0.0000   -0.0009   -0.0009
   5281.24    0.0000   -0.0009   -0.0010
   5282.27    0.0000   -0.0007   -0.0010
   5283.30    0.0000   -0.0004   -0.0009
   5284.33    0.0000   -0.0001   -0.0008
   5285.37    0.0000    0.0004   -0.0006
   5286.40    0.0000    0.0008   -0.0005
   5287.43    0.0000    0.0011   -0.0004
   5288.46    0.0000    0.0014   -0.0004
   5289.50    0.0000    0.0014   -0.0003
   5290.53    0.0000    0.0013   -0.0003
   5291.56    0.0000    0.0011   -0.0002
   5292.59    0.0000    0.0007   -0.0002
   5293.63    0.0000    0.0003   -0.0001
   5294.66    0.0000   -0.0002   -0.0000
   5295.69    0.0000   -0.0006    0.0001
   5296.72    0.0000   -0.0008    0.0002
   5297.76    0.0000   -0.0009    0.0003
   5298.79    0.0000   -0.0009    0.0004
   5299.82    0.0000   -0.0007    0.0005
