     #Time      Norm      Real      Imag
   4312.75    0.0000    0.0000    0.0000
   4313.78    0.0000    0.0000    0.0000
   4314.82    0.0000    0.0000    0.0000
   4315.85    0.0000    0.0000    0.0000
   4316.88    0.0000    0.0000    0.0000
   4317.91    0.0000    0.0000    0.0000
   4318.95    0.0000    0.0000    0.0000
   4319.98    0.0000    0.0000    0.0000
   4321.01    0.0000    0.0000    0.0000
   4322.04    0.0000    0.0000    0.0000
   4323.08    0.0000    0.0000    0.0000
   4324.11    0.0000    0.0000    0.0000
   4325.14    0.0000    0.0000    0.0000
   4326.17    0.0000    0.0000    0.0000
   4327.21    0.0000    0.0000    0.0000
   4328.24    0.0000    0.0000    0.0000
   4329.27    0.0000   -0.0000    0.0000
   4330.30    0.0000   -0.0000    0.0000
   4331.34    0.0000   -0.0000   -0.0000
   4332.37    0.0000   -0.0000   -0.0000
   4333.40    0.0000   -0.0000   -0.0000
   4334.43    0.0000   -0.0000   -0.0000
   4335.47    0.0000   -0.0000    0.0000
   4336.50    0.0000    0.0000    0.0000
   4337.53    0.0000    0.0000    0.0000
   4338.56    0.0000    0.0000    0.0000
   4339.60    0.0000    0.0000    0.0000
   4340.63    0.0000    0.0000    0.0000
   4341.66    0.0000    0.0000    0.0000
   4342.69    0.0000    0.0000    0.0000
   4343.73    0.0000    0.0000    0.0000
   4344.76    0.0000    0.0000    0.0000
   4345.79    0.0000    0.0000    0.0000
   4346.82    0.0000    0.0000    0.0000
   4347.86    0.0000    0.0000    0.0000
   4348.89    0.0000    0.0000    0.0000
   4349.92    0.0000    0.0000    0.0000
   4350.95    0.0000    0.0000    0.0000
   4351.99    0.0000    0.0000    0.0000
   4353.02    0.0000   -0.0000    0.0000
   4354.05    0.0000   -0.0000    0.0000
   4355.08    0.0000   -0.0000    0.0000
   4356.12    0.0000   -0.0000   -0.0000
   4357.15    0.0000   -0.0000   -0.0000
   4358.18    0.0000   -0.0000   -0.0000
   4359.21    0.0000   -0.0000   -0.0000
   4360.25    0.0000   -0.0000    0.0000
   4361.28    0.0000   -0.0000    0.0000
   4362.31    0.0000    0.0000    0.0000
   4363.34    0.0000    0.0000    0.0000
   4364.38    0.0000    0.0000    0.0000
   4365.41    0.0000    0.0000    0.0000
   4366.44    0.0000    0.0000    0.0000
   4367.47    0.0000    0.0000    0.0000
   4368.51    0.0000    0.0000    0.0000
   4369.54    0.0000    0.0000    0.0000
   4370.57    0.0000    0.0000    0.0000
   4371.60    0.0000    0.0000    0.0000
   4372.64    0.0000    0.0000    0.0000
   4373.67    0.0000    0.0000    0.0000
   4374.70    0.0000    0.0000    0.0000
   4375.73    0.0000    0.0000    0.0000
   4376.77    0.0000    0.0000    0.0000
   4377.80    0.0000    0.0000    0.0000
   4378.83    0.0000   -0.0000    0.0000
   4379.86    0.0000   -0.0000   -0.0000
   4380.90    0.0000   -0.0000   -0.0000
   4381.93    0.0000   -0.0000   -0.0000
   4382.96    0.0000   -0.0000   -0.0000
   4383.99    0.0000   -0.0000   -0.0000
   4385.03    0.0000   -0.0000   -0.0000
   4386.06    0.0000   -0.0000   -0.0000
   4387.09    0.0000   -0.0000   -0.0000
   4388.12    0.0000    0.0000   -0.0000
   4389.16    0.0000    0.0000    0.0000
   4390.19    0.0000    0.0000    0.0000
   4391.22    0.0000    0.0000    0.0000
   4392.25    0.0000    0.0000    0.0000
   4393.29    0.0000    0.0000    0.0000
   4394.32    0.0000    0.0000    0.0000
   4395.35    0.0000    0.0000    0.0000
   4396.38    0.0000   -0.0001   -0.0001
   4397.42    0.0000   -0.0004   -0.0002
   4398.45    0.0000   -0.0007   -0.0004
   4399.48    0.0000   -0.0008   -0.0005
   4400.51    0.0000   -0.0008   -0.0005
   4401.55    0.0000   -0.0008   -0.0004
   4402.58    0.0000   -0.0006   -0.0002
   4403.61    0.0000   -0.0003    0.0000
   4404.64    0.0000   -0.0000    0.0002
   4405.68    0.0000    0.0002    0.0004
   4406.71    0.0000    0.0004    0.0005
   4407.74    0.0000    0.0005    0.0005
   4408.77    0.0000    0.0004    0.0004
   4409.81    0.0000    0.0003    0.0002
   4410.84    0.0000    0.0000   -0.0000
   4411.87    0.0000   -0.0002   -0.0003
   4412.90    0.0000   -0.0005   -0.0005
   4413.94    0.0000   -0.0007   -0.0007
   4414.97    0.0000   -0.0008   -0.0007
   4416.00    0.0000   -0.0009   -0.0007
   4417.03    0.0000   -0.0008   -0.0005
   4418.07    0.0000   -0.0007   -0.0003
   4419.10    0.0000   -0.0005    0.0000
   4420.13    0.0000   -0.0002    0.0003
   4421.16    0.0000    0.0000    0.0005
   4422.20    0.0000    0.0002    0.0006
   4423.23    0.0000    0.0003    0.0006
   4424.26    0.0000    0.0004    0.0004
   4425.29    0.0000    0.0003    0.0003
   4426.33    0.0000    0.0002    0.0000
   4427.36    0.0000    0.0000   -0.0003
   4428.39    0.0000   -0.0002   -0.0005
   4429.42    0.0000   -0.0004   -0.0006
   4430.46    0.0000   -0.0006   -0.0007
   4431.49    0.0000   -0.0007   -0.0006
   4432.52    0.0000   -0.0008   -0.0005
   4433.55    0.0000   -0.0007   -0.0003
   4434.59    0.0000   -0.0006   -0.0001
   4435.62    0.0000   -0.0005    0.0001
   4436.65    0.0000   -0.0003    0.0003
   4437.68    0.0000   -0.0001    0.0003
   4438.72    0.0000    0.0001    0.0003
   4439.75    0.0000    0.0002    0.0002
   4440.78    0.0000    0.0002    0.0000
   4441.81    0.0000    0.0001   -0.0002
   4442.85    0.0000   -0.0000   -0.0004
   4443.88    0.0000   -0.0002   -0.0007
   4444.91    0.0000   -0.0004   -0.0009
   4445.94    0.0000   -0.0006   -0.0010
   4446.98    0.0000   -0.0008   -0.0011
   4448.01    0.0000   -0.0010   -0.0011
   4449.04    0.0000   -0.0011   -0.0010
   4450.07    0.0000   -0.0011   -0.0008
   4451.11    0.0000   -0.0011   -0.0006
   4452.14    0.0000   -0.0010   -0.0003
   4453.17    0.0000   -0.0009    0.0000
   4454.20    0.0000   -0.0007    0.0003
   4455.24    0.0000   -0.0004    0.0006
   4456.27    0.0000   -0.0002    0.0008
   4457.30    0.0000    0.0000    0.0009
   4458.33    0.0000    0.0002    0.0009
   4459.37    0.0000    0.0004    0.0009
   4460.40    0.0000    0.0005    0.0008
   4461.43    0.0000    0.0006    0.0006
   4462.46    0.0000    0.0006    0.0004
   4463.50    0.0000    0.0005    0.0002
   4464.53    0.0000    0.0005   -0.0000
   4465.56    0.0000    0.0004   -0.0002
   4466.59    0.0000    0.0002   -0.0004
   4467.63    0.0000    0.0001   -0.0005
   4468.66    0.0000   -0.0000   -0.0006
   4469.69    0.0000   -0.0002   -0.0005
   4470.72    0.0000   -0.0003   -0.0004
   4471.76    0.0000   -0.0003   -0.0003
   4472.79    0.0000   -0.0004   -0.0001
   4473.82    0.0000   -0.0004    0.0001
   4474.85    0.0000   -0.0003    0.0003
   4475.89    0.0000   -0.0003    0.0005
   4476.92    0.0000   -0.0002    0.0007
   4477.95    0.0000   -0.0001    0.0008
   4478.98    0.0000    0.0000    0.0009
   4480.02    0.0000    0.0001    0.0010
   4481.05    0.0000    0.0002    0.0009
   4482.08    0.0000    0.0003    0.0009
   4483.11    0.0000    0.0003    0.0008
   4484.15    0.0000    0.0003    0.0006
   4485.18    0.0000    0.0003    0.0005
   4486.21    0.0000    0.0003    0.0003
   4487.24    0.0000    0.0003    0.0002
   4488.28    0.0000    0.0003    0.0001
   4489.31    0.0000    0.0002   -0.0000
   4490.34    0.0000    0.0002   -0.0001
   4491.37    0.0000    0.0002   -0.0001
   4492.41    0.0000    0.0002   -0.0002
   4493.44    0.0000    0.0002   -0.0002
   4494.47    0.0000    0.0002   -0.0002
   4495.50    0.0000    0.0003   -0.0003
   4496.54    0.0000    0.0004   -0.0003
   4497.57    0.0000    0.0005   -0.0003
   4498.60    0.0000    0.0004   -0.0003
   4499.63    0.0000    0.0003   -0.0002
   4500.67    0.0000    0.0001   -0.0000
   4501.70    0.0000   -0.0001    0.0001
   4502.73    0.0000   -0.0003    0.0002
   4503.76    0.0000   -0.0003    0.0003
   4504.80    0.0000   -0.0002    0.0003
   4505.83    0.0000   -0.0001    0.0003
   4506.86    0.0000    0.0001    0.0002
   4507.89    0.0000    0.0003    0.0001
   4508.93    0.0000    0.0004    0.0000
   4509.96    0.0000    0.0005   -0.0001
   4510.99    0.0000    0.0004   -0.0001
   4512.02    0.0000    0.0003   -0.0002
   4513.06    0.0000    0.0001   -0.0001
   4514.09    0.0000   -0.0002   -0.0001
   4515.12    0.0000   -0.0004   -0.0000
   4516.15    0.0000   -0.0005    0.0001
   4517.19    0.0000   -0.0005    0.0002
   4518.22    0.0000   -0.0004    0.0002
   4519.25    0.0000   -0.0002    0.0003
   4520.28    0.0000    0.0001    0.0004
   4521.32    0.0000    0.0004    0.0004
   4522.35    0.0000    0.0006    0.0003
   4523.38    0.0000    0.0007    0.0003
   4524.41    0.0000    0.0007    0.0001
   4525.45    0.0000    0.0006   -0.0000
   4526.48    0.0000    0.0004   -0.0002
   4527.51    0.0000    0.0001   -0.0003
   4528.54    0.0000   -0.0001   -0.0004
   4529.58    0.0000   -0.0004   -0.0004
   4530.61    0.0000   -0.0005   -0.0004
   4531.64    0.0000   -0.0006   -0.0003
   4532.67    0.0000   -0.0005   -0.0001
   4533.71    0.0000   -0.0004    0.0001
   4534.74    0.0000   -0.0002    0.0002
   4535.77    0.0000    0.0001    0.0004
   4536.80    0.0000    0.0003    0.0005
   4537.84    0.0000    0.0004    0.0005
   4538.87    0.0000    0.0005    0.0004
   4539.90    0.0000    0.0005    0.0003
   4540.93    0.0000    0.0004    0.0000
   4541.97    0.0000    0.0003   -0.0003
   4543.00    0.0000    0.0002   -0.0006
   4544.03    0.0000    0.0001   -0.0009
   4545.06    0.0000    0.0000   -0.0012
   4546.10    0.0000   -0.0001   -0.0013
   4547.13    0.0000   -0.0001   -0.0012
   4548.16    0.0000   -0.0002   -0.0011
   4549.19    0.0000   -0.0003   -0.0008
   4550.23    0.0000   -0.0003   -0.0005
   4551.26    0.0000   -0.0004   -0.0002
   4552.29    0.0000   -0.0004    0.0001
   4553.32    0.0000   -0.0004    0.0003
   4554.36    0.0000   -0.0003    0.0004
   4555.39    0.0000   -0.0002    0.0004
   4556.42    0.0000   -0.0000    0.0003
   4557.45    0.0000    0.0001    0.0002
   4558.49    0.0000    0.0001    0.0001
   4559.52    0.0000    0.0001    0.0001
   4560.55    0.0000   -0.0000    0.0001
   4561.58    0.0000   -0.0001    0.0002
   4562.62    0.0000   -0.0002    0.0003
   4563.65    0.0000   -0.0002    0.0003
   4564.68    0.0000   -0.0002    0.0002
   4565.71    0.0000   -0.0001    0.0001
   4566.75    0.0000   -0.0000   -0.0001
   4567.78    0.0000    0.0001   -0.0002
   4568.81    0.0000    0.0001   -0.0002
   4569.84    0.0000    0.0001   -0.0001
   4570.88    0.0000    0.0001    0.0001
   4571.91    0.0000    0.0000    0.0005
   4572.94    0.0000    0.0000    0.0008
   4573.97    0.0000    0.0000    0.0010
   4575.01    0.0000    0.0001    0.0011
   4576.04    0.0000    0.0003    0.0010
   4577.07    0.0000    0.0004    0.0008
   4578.10    0.0000    0.0004    0.0007
   4579.14    0.0000    0.0003    0.0005
   4580.17    0.0000    0.0001    0.0004
   4581.20    0.0000   -0.0001    0.0004
   4582.23    0.0000   -0.0003    0.0004
   4583.27    0.0000   -0.0004    0.0003
   4584.30    0.0000   -0.0005    0.0001
   4585.33    0.0000   -0.0005   -0.0000
   4586.36    0.0000   -0.0006   -0.0001
   4587.40    0.0000   -0.0006   -0.0002
   4588.43    0.0000   -0.0005   -0.0002
   4589.46    0.0000   -0.0005   -0.0000
   4590.49    0.0000   -0.0004    0.0001
   4591.53    0.0000   -0.0003    0.0004
   4592.56    0.0000   -0.0002    0.0006
   4593.59    0.0000   -0.0001    0.0008
   4594.62    0.0000    0.0000    0.0010
   4595.66    0.0000    0.0001    0.0011
   4596.69    0.0000    0.0001    0.0012
   4597.72    0.0000    0.0000    0.0012
   4598.75    0.0000   -0.0001    0.0012
   4599.79    0.0000   -0.0002    0.0012
   4600.82    0.0000   -0.0003    0.0011
   4601.85    0.0000   -0.0004    0.0011
   4602.88    0.0000   -0.0006    0.0009
   4603.92    0.0000   -0.0007    0.0008
   4604.95    0.0000   -0.0008    0.0007
   4605.98    0.0000   -0.0008    0.0006
   4607.01    0.0000   -0.0009    0.0004
   4608.05    0.0000   -0.0009    0.0004
   4609.08    0.0000   -0.0008    0.0003
   4610.11    0.0000   -0.0008    0.0003
   4611.14    0.0000   -0.0007    0.0004
   4612.18    0.0000   -0.0006    0.0005
   4613.21    0.0000   -0.0005    0.0005
   4614.24    0.0000   -0.0004    0.0006
   4615.27    0.0000   -0.0003    0.0006
   4616.31    0.0000   -0.0003    0.0006
   4617.34    0.0000   -0.0002    0.0005
   4618.37    0.0000   -0.0002    0.0004
   4619.40    0.0000   -0.0003    0.0003
   4620.44    0.0000   -0.0003    0.0002
   4621.47    0.0000   -0.0004    0.0001
   4622.50    0.0000   -0.0005    0.0000
   4623.53    0.0000   -0.0006   -0.0000
   4624.57    0.0000   -0.0007   -0.0001
   4625.60    0.0000   -0.0007   -0.0002
   4626.63    0.0000   -0.0007   -0.0002
   4627.66    0.0000   -0.0007   -0.0003
   4628.70    0.0000   -0.0007   -0.0003
   4629.73    0.0000   -0.0007   -0.0003
   4630.76    0.0000   -0.0006   -0.0002
   4631.79    0.0000   -0.0005   -0.0002
   4632.83    0.0000   -0.0004   -0.0001
   4633.86    0.0000   -0.0004    0.0000
   4634.89    0.0000   -0.0003    0.0001
   4635.92    0.0000   -0.0002    0.0003
   4636.96    0.0000   -0.0002    0.0004
   4637.99    0.0000   -0.0001    0.0005
   4639.02    0.0000   -0.0001    0.0006
   4640.05    0.0000   -0.0001    0.0006
   4641.09    0.0000   -0.0001    0.0007
   4642.12    0.0000   -0.0001    0.0007
   4643.15    0.0000   -0.0001    0.0008
   4644.18    0.0000   -0.0001    0.0008
   4645.22    0.0000   -0.0001    0.0008
   4646.25    0.0000   -0.0001    0.0008
   4647.28    0.0000   -0.0001    0.0008
   4648.31    0.0000   -0.0001    0.0008
   4649.35    0.0000   -0.0001    0.0008
   4650.38    0.0000   -0.0000    0.0008
   4651.41    0.0000    0.0000    0.0009
   4652.44    0.0000    0.0001    0.0009
   4653.48    0.0000    0.0001    0.0009
   4654.51    0.0000    0.0001    0.0009
   4655.54    0.0000    0.0001    0.0009
   4656.57    0.0000    0.0001    0.0009
   4657.61    0.0000    0.0001    0.0009
   4658.64    0.0000    0.0001    0.0008
   4659.67    0.0000    0.0001    0.0008
   4660.70    0.0000    0.0001    0.0007
   4661.74    0.0000    0.0000    0.0006
   4662.77    0.0000   -0.0000    0.0004
   4663.80    0.0000   -0.0000    0.0003
   4664.83    0.0000   -0.0001    0.0002
   4665.87    0.0000   -0.0001    0.0000
   4666.90    0.0000   -0.0001   -0.0001
   4667.93    0.0000   -0.0001   -0.0002
   4668.96    0.0000   -0.0001   -0.0002
   4670.00    0.0000   -0.0001   -0.0003
   4671.03    0.0000   -0.0001   -0.0003
   4672.06    0.0000   -0.0001   -0.0003
   4673.09    0.0000   -0.0001   -0.0003
   4674.13    0.0000   -0.0001   -0.0002
   4675.16    0.0000   -0.0001   -0.0001
   4676.19    0.0000   -0.0001   -0.0001
   4677.22    0.0000   -0.0001    0.0000
   4678.26    0.0000   -0.0001    0.0001
   4679.29    0.0000   -0.0001    0.0001
   4680.32    0.0000   -0.0002    0.0002
   4681.35    0.0000   -0.0002    0.0002
   4682.39    0.0000   -0.0003    0.0002
   4683.42    0.0000   -0.0003    0.0002
   4684.45    0.0000   -0.0004    0.0002
   4685.48    0.0000   -0.0005    0.0001
   4686.52    0.0000   -0.0005    0.0001
   4687.55    0.0000   -0.0005    0.0001
   4688.58    0.0000   -0.0004    0.0002
   4689.61    0.0000   -0.0004    0.0002
   4690.65    0.0000   -0.0003    0.0003
   4691.68    0.0000   -0.0003    0.0003
   4692.71    0.0000   -0.0002    0.0004
   4693.74    0.0000   -0.0002    0.0005
   4694.78    0.0000   -0.0001    0.0006
   4695.81    0.0000   -0.0001    0.0007
   4696.84    0.0000   -0.0001    0.0007
   4697.87    0.0000   -0.0001    0.0008
   4698.91    0.0000   -0.0002    0.0007
   4699.94    0.0000   -0.0002    0.0007
   4700.97    0.0000   -0.0002    0.0006
   4702.00    0.0000   -0.0003    0.0004
   4703.04    0.0000   -0.0003    0.0003
   4704.07    0.0000   -0.0003    0.0001
   4705.10    0.0000   -0.0004   -0.0000
   4706.13    0.0000   -0.0004   -0.0001
   4707.17    0.0000   -0.0004   -0.0002
   4708.20    0.0000   -0.0004   -0.0002
   4709.23    0.0000   -0.0003   -0.0001
   4710.26    0.0000   -0.0002    0.0000
   4711.30    0.0000   -0.0002    0.0002
   4712.33    0.0000   -0.0001    0.0003
   4713.36    0.0000    0.0000    0.0005
   4714.39    0.0000    0.0001    0.0007
   4715.43    0.0000    0.0001    0.0008
   4716.46    0.0000    0.0000    0.0008
   4717.49    0.0000   -0.0001    0.0008
   4718.52    0.0000   -0.0002    0.0007
   4719.56    0.0000   -0.0003    0.0005
   4720.59    0.0000   -0.0004    0.0003
   4721.62    0.0000   -0.0004    0.0000
   4722.65    0.0000   -0.0004   -0.0002
   4723.69    0.0000   -0.0003   -0.0003
   4724.72    0.0000   -0.0001   -0.0003
   4725.75    0.0000    0.0000   -0.0002
   4726.78    0.0000    0.0001    0.0000
   4727.82    0.0000    0.0002    0.0003
   4728.85    0.0000    0.0002    0.0006
   4729.88    0.0000    0.0001    0.0008
   4730.91    0.0000   -0.0001    0.0008
   4731.95    0.0000   -0.0002    0.0008
   4732.98    0.0000   -0.0002    0.0008
   4734.01    0.0000   -0.0001    0.0008
   4735.04    0.0000   -0.0001    0.0008
   4736.08    0.0000   -0.0000    0.0007
   4737.11    0.0000    0.0000    0.0007
   4738.14    0.0000    0.0001    0.0006
   4739.17    0.0000    0.0002    0.0005
   4740.21    0.0000    0.0002    0.0004
   4741.24    0.0000    0.0002    0.0004
   4742.27    0.0000    0.0001    0.0004
   4743.30    0.0000    0.0001    0.0004
   4744.34    0.0000    0.0000    0.0003
   4745.37    0.0000    0.0000    0.0003
   4746.40    0.0000    0.0001    0.0002
   4747.43    0.0000    0.0001    0.0001
   4748.47    0.0000    0.0001   -0.0000
   4749.50    0.0000    0.0002   -0.0000
   4750.53    0.0000    0.0002   -0.0000
   4751.56    0.0000    0.0001    0.0000
   4752.60    0.0000    0.0000    0.0000
   4753.63    0.0000   -0.0000    0.0001
   4754.66    0.0000   -0.0000    0.0000
   4755.69    0.0000   -0.0001   -0.0000
   4756.73    0.0000   -0.0001   -0.0001
   4757.76    0.0000   -0.0001   -0.0001
   4758.79    0.0000   -0.0001   -0.0000
   4759.82    0.0000   -0.0000    0.0001
   4760.86    0.0000    0.0000    0.0002
   4761.89    0.0000    0.0001    0.0003
   4762.92    0.0000    0.0000    0.0004
   4763.95    0.0000    0.0000    0.0004
   4764.99    0.0000   -0.0000    0.0003
   4766.02    0.0000   -0.0001    0.0002
   4767.05    0.0000   -0.0001    0.0001
   4768.08    0.0000   -0.0001    0.0000
   4769.12    0.0000   -0.0001   -0.0001
   4770.15    0.0000   -0.0001   -0.0001
   4771.18    0.0000   -0.0000   -0.0001
   4772.21    0.0000    0.0000   -0.0001
   4773.25    0.0000    0.0000   -0.0000
   4774.28    0.0000    0.0000   -0.0000
   4775.31    0.0000   -0.0000   -0.0000
   4776.34    0.0000   -0.0000   -0.0000
   4777.38    0.0000   -0.0001   -0.0001
   4778.41    0.0000   -0.0001   -0.0001
   4779.44    0.0000   -0.0001   -0.0002
   4780.47    0.0000   -0.0001   -0.0003
   4781.51    0.0000   -0.0001   -0.0003
   4782.54    0.0000   -0.0002   -0.0003
   4783.57    0.0000   -0.0002   -0.0003
   4784.60    0.0000   -0.0002   -0.0002
   4785.64    0.0000   -0.0002   -0.0002
   4786.67    0.0000   -0.0003   -0.0002
   4787.70    0.0000   -0.0003   -0.0001
   4788.73    0.0000   -0.0004   -0.0001
   4789.77    0.0000   -0.0005   -0.0001
   4790.80    0.0000   -0.0005   -0.0001
   4791.83    0.0000   -0.0006   -0.0001
   4792.86    0.0000   -0.0007   -0.0001
   4793.90    0.0000   -0.0007   -0.0002
   4794.93    0.0000   -0.0007   -0.0002
   4795.96    0.0000   -0.0007   -0.0002
   4796.99    0.0000   -0.0006   -0.0002
   4798.03    0.0000   -0.0006   -0.0002
   4799.06    0.0000   -0.0006   -0.0001
   4800.09    0.0000   -0.0006   -0.0001
   4801.12    0.0000   -0.0006   -0.0000
   4802.16    0.0000   -0.0006    0.0000
   4803.19    0.0000   -0.0007    0.0000
   4804.22    0.0000   -0.0005    0.0001
   4805.25    0.0000   -0.0002    0.0003
   4806.29    0.0000    0.0002    0.0003
   4807.32    0.0000    0.0005    0.0003
   4808.35    0.0000    0.0007    0.0002
   4809.38    0.0000    0.0008    0.0000
   4810.42    0.0000    0.0008   -0.0001
   4811.45    0.0000    0.0007   -0.0002
   4812.48    0.0000    0.0005   -0.0002
   4813.51    0.0000    0.0002   -0.0002
   4814.55    0.0000   -0.0001   -0.0001
   4815.58    0.0000   -0.0004   -0.0001
   4816.61    0.0000   -0.0006    0.0000
   4817.64    0.0000   -0.0007    0.0001
   4818.68    0.0000   -0.0007    0.0001
   4819.71    0.0000   -0.0005    0.0001
   4820.74    0.0000   -0.0003    0.0001
   4821.77    0.0000   -0.0000    0.0000
   4822.81    0.0000    0.0002   -0.0000
   4823.84    0.0000    0.0004   -0.0000
   4824.87    0.0000    0.0005   -0.0000
   4825.90    0.0000    0.0005   -0.0000
   4826.94    0.0000    0.0006    0.0000
   4827.97    0.0000    0.0006    0.0001
   4829.00    0.0000    0.0006    0.0002
   4830.03    0.0000    0.0004    0.0002
   4831.07    0.0000    0.0002    0.0002
   4832.10    0.0000   -0.0002    0.0001
   4833.13    0.0000   -0.0006   -0.0000
   4834.16    0.0000   -0.0009   -0.0001
   4835.20    0.0000   -0.0011   -0.0001
   4836.23    0.0000   -0.0010   -0.0001
   4837.26    0.0000   -0.0007   -0.0001
   4838.29    0.0000   -0.0003   -0.0001
   4839.33    0.0000    0.0000   -0.0000
   4840.36    0.0000    0.0004   -0.0000
   4841.39    0.0000    0.0006    0.0000
   4842.42    0.0000    0.0007    0.0000
   4843.46    0.0000    0.0007    0.0001
   4844.49    0.0000    0.0006    0.0002
   4845.52    0.0000    0.0005    0.0003
   4846.55    0.0000    0.0003    0.0002
   4847.59    0.0000    0.0001    0.0001
   4848.62    0.0000   -0.0001   -0.0002
   4849.65    0.0000   -0.0004   -0.0004
   4850.68    0.0000   -0.0006   -0.0006
   4851.72    0.0000   -0.0007   -0.0005
   4852.75    0.0000   -0.0008   -0.0004
   4853.78    0.0000   -0.0007   -0.0003
   4854.81    0.0000   -0.0005   -0.0001
   4855.85    0.0000   -0.0003    0.0000
   4856.88    0.0000   -0.0001    0.0001
   4857.91    0.0000    0.0002    0.0002
   4858.94    0.0000    0.0003    0.0003
   4859.98    0.0000    0.0005    0.0004
   4861.01    0.0000    0.0006    0.0005
   4862.04    0.0000    0.0007    0.0006
   4863.07    0.0000    0.0007    0.0005
   4864.11    0.0000    0.0006    0.0004
   4865.14    0.0000    0.0005    0.0002
   4866.17    0.0000    0.0003    0.0001
   4867.20    0.0000    0.0001   -0.0000
   4868.24    0.0000   -0.0002   -0.0001
   4869.27    0.0000   -0.0004   -0.0001
   4870.30    0.0000   -0.0005   -0.0001
   4871.33    0.0000   -0.0006   -0.0001
   4872.37    0.0000   -0.0006   -0.0001
   4873.40    0.0000   -0.0004   -0.0001
   4874.43    0.0000   -0.0002   -0.0001
   4875.46    0.0000    0.0001   -0.0001
   4876.50    0.0000    0.0004   -0.0001
   4877.53    0.0000    0.0007   -0.0002
   4878.56    0.0000    0.0008   -0.0002
   4879.59    0.0000    0.0008   -0.0002
   4880.63    0.0000    0.0005   -0.0002
   4881.66    0.0000   -0.0000   -0.0001
   4882.69    0.0000   -0.0006    0.0001
   4883.72    0.0000   -0.0009    0.0002
   4884.76    0.0000   -0.0010    0.0003
   4885.79    0.0000   -0.0008    0.0004
   4886.82    0.0000   -0.0004    0.0004
   4887.85    0.0000    0.0001    0.0002
   4888.89    0.0000    0.0006    0.0000
   4889.92    0.0000    0.0008   -0.0002
   4890.95    0.0000    0.0009   -0.0005
   4891.98    0.0000    0.0006   -0.0006
   4893.02    0.0000    0.0002   -0.0006
   4894.05    0.0000   -0.0002   -0.0005
   4895.08    0.0000   -0.0006   -0.0002
   4896.11    0.0000   -0.0008    0.0001
   4897.15    0.0000   -0.0008    0.0003
   4898.18    0.0000   -0.0007    0.0005
   4899.21    0.0000   -0.0004    0.0006
   4900.24    0.0000   -0.0000    0.0006
   4901.28    0.0000    0.0003    0.0005
   4902.31    0.0000    0.0005    0.0003
   4903.34    0.0000    0.0006    0.0000
   4904.37    0.0000    0.0006   -0.0003
   4905.41    0.0000    0.0004   -0.0005
   4906.44    0.0000    0.0002   -0.0006
   4907.47    0.0000    0.0000   -0.0006
   4908.50    0.0000   -0.0001   -0.0006
   4909.54    0.0000   -0.0002   -0.0004
   4910.57    0.0000   -0.0002   -0.0002
   4911.60    0.0000   -0.0002   -0.0000
   4912.63    0.0000   -0.0001    0.0002
   4913.67    0.0000   -0.0000    0.0003
   4914.70    0.0000    0.0000    0.0004
   4915.73    0.0000   -0.0000    0.0004
   4916.76    0.0000   -0.0001    0.0004
   4917.80    0.0000   -0.0002    0.0004
   4918.83    0.0000   -0.0001    0.0003
   4919.86    0.0000   -0.0001    0.0002
   4920.89    0.0000    0.0001    0.0001
   4921.93    0.0000    0.0004   -0.0001
   4922.96    0.0000    0.0006   -0.0003
   4923.99    0.0000    0.0008   -0.0005
   4925.02    0.0000    0.0008   -0.0006
   4926.06    0.0000    0.0006   -0.0007
   4927.09    0.0000    0.0003   -0.0008
   4928.12    0.0000   -0.0001   -0.0007
   4929.15    0.0000   -0.0005   -0.0005
   4930.19    0.0000   -0.0007   -0.0002
   4931.22    0.0000   -0.0008    0.0001
   4932.25    0.0000   -0.0008    0.0004
   4933.28    0.0000   -0.0005    0.0006
   4934.32    0.0000   -0.0002    0.0007
   4935.35    0.0000    0.0002    0.0007
   4936.38    0.0000    0.0005    0.0005
   4937.41    0.0000    0.0007    0.0001
   4938.45    0.0000    0.0007   -0.0002
   4939.48    0.0000    0.0006   -0.0006
   4940.51    0.0000    0.0004   -0.0007
   4941.54    0.0000    0.0003   -0.0007
   4942.58    0.0000    0.0003   -0.0007
   4943.61    0.0000    0.0002   -0.0006
   4944.64    0.0000    0.0002   -0.0005
   4945.67    0.0000    0.0001   -0.0004
   4946.71    0.0000    0.0000   -0.0003
   4947.74    0.0000   -0.0001   -0.0001
   4948.77    0.0000   -0.0002    0.0000
   4949.80    0.0000   -0.0002    0.0002
   4950.84    0.0000   -0.0003    0.0003
   4951.87    0.0000   -0.0004    0.0004
   4952.90    0.0000   -0.0004    0.0005
   4953.93    0.0000   -0.0004    0.0006
   4954.97    0.0000   -0.0004    0.0006
   4956.00    0.0000   -0.0003    0.0006
   4957.03    0.0000   -0.0002    0.0006
   4958.06    0.0000   -0.0002    0.0006
   4959.10    0.0000   -0.0001    0.0006
   4960.13    0.0000   -0.0000    0.0006
   4961.16    0.0000    0.0000    0.0005
   4962.19    0.0000    0.0001    0.0005
   4963.23    0.0000    0.0001    0.0004
   4964.26    0.0000    0.0002    0.0004
   4965.29    0.0000    0.0002    0.0003
   4966.32    0.0000    0.0002    0.0002
   4967.36    0.0000    0.0003    0.0001
   4968.39    0.0000    0.0003   -0.0000
   4969.42    0.0000    0.0003   -0.0001
   4970.45    0.0000    0.0003   -0.0002
   4971.49    0.0000    0.0003   -0.0003
   4972.52    0.0000    0.0003   -0.0004
   4973.55    0.0000    0.0002   -0.0004
   4974.58    0.0000    0.0002   -0.0005
   4975.62    0.0000    0.0002   -0.0005
   4976.65    0.0000    0.0001   -0.0006
   4977.68    0.0000    0.0001   -0.0006
   4978.71    0.0000    0.0000   -0.0006
   4979.75    0.0000   -0.0000   -0.0006
   4980.78    0.0000   -0.0000   -0.0006
   4981.81    0.0000   -0.0001   -0.0006
   4982.84    0.0000   -0.0002   -0.0006
   4983.88    0.0000   -0.0002   -0.0005
   4984.91    0.0000   -0.0002   -0.0005
   4985.94    0.0000   -0.0003   -0.0004
   4986.97    0.0000   -0.0003   -0.0004
   4988.01    0.0000   -0.0003   -0.0004
   4989.04    0.0000   -0.0003   -0.0004
   4990.07    0.0000   -0.0003   -0.0004
   4991.10    0.0000   -0.0003   -0.0004
   4992.14    0.0000   -0.0003   -0.0004
   4993.17    0.0000   -0.0003   -0.0005
   4994.20    0.0000   -0.0003   -0.0005
   4995.23    0.0000   -0.0003   -0.0005
   4996.27    0.0000   -0.0003   -0.0005
   4997.30    0.0000   -0.0003   -0.0004
   4998.33    0.0000   -0.0004   -0.0003
   4999.36    0.0000   -0.0004   -0.0003
   5000.40    0.0000   -0.0004   -0.0003
   5001.43    0.0000   -0.0004   -0.0003
   5002.46    0.0000   -0.0003   -0.0004
   5003.49    0.0000   -0.0003   -0.0005
   5004.53    0.0000   -0.0002   -0.0006
   5005.56    0.0000   -0.0002   -0.0006
   5006.59    0.0000   -0.0001   -0.0005
   5007.62    0.0000   -0.0002   -0.0005
   5008.66    0.0000   -0.0002   -0.0004
   5009.69    0.0000   -0.0003   -0.0003
   5010.72    0.0000   -0.0003   -0.0003
   5011.75    0.0000   -0.0003   -0.0003
   5012.79    0.0000   -0.0003   -0.0004
   5013.82    0.0000   -0.0003   -0.0004
   5014.85    0.0000   -0.0002   -0.0005
   5015.88    0.0000   -0.0001   -0.0005
   5016.92    0.0000   -0.0001   -0.0005
   5017.95    0.0000   -0.0001   -0.0004
   5018.98    0.0000   -0.0001   -0.0003
   5020.01    0.0000   -0.0002   -0.0002
   5021.05    0.0000   -0.0003   -0.0002
   5022.08    0.0000   -0.0003   -0.0002
   5023.11    0.0000   -0.0004   -0.0002
   5024.14    0.0000   -0.0004   -0.0002
   5025.18    0.0000   -0.0004   -0.0003
   5026.21    0.0000   -0.0004   -0.0003
   5027.24    0.0000   -0.0003   -0.0003
   5028.27    0.0000   -0.0003   -0.0004
   5029.31    0.0000   -0.0003   -0.0003
   5030.34    0.0000   -0.0003   -0.0003
   5031.37    0.0000   -0.0003   -0.0003
   5032.40    0.0000   -0.0004   -0.0002
   5033.44    0.0000   -0.0004   -0.0002
   5034.47    0.0000   -0.0005   -0.0002
   5035.50    0.0000   -0.0005   -0.0002
   5036.53    0.0000   -0.0005   -0.0002
   5037.57    0.0000   -0.0005   -0.0002
   5038.60    0.0000   -0.0005   -0.0002
   5039.63    0.0000   -0.0004   -0.0002
   5040.66    0.0000   -0.0004   -0.0002
   5041.70    0.0000   -0.0004   -0.0003
   5042.73    0.0000   -0.0004   -0.0003
   5043.76    0.0000   -0.0004   -0.0003
   5044.79    0.0000   -0.0005   -0.0003
   5045.83    0.0000   -0.0005   -0.0003
   5046.86    0.0000   -0.0005   -0.0003
   5047.89    0.0000   -0.0005   -0.0003
   5048.92    0.0000   -0.0005   -0.0002
   5049.96    0.0000   -0.0005   -0.0002
   5050.99    0.0000   -0.0005   -0.0002
   5052.02    0.0000   -0.0005   -0.0001
   5053.05    0.0000   -0.0005   -0.0001
   5054.09    0.0000   -0.0005   -0.0001
   5055.12    0.0000   -0.0005   -0.0001
   5056.15    0.0000   -0.0005   -0.0002
   5057.18    0.0000   -0.0005   -0.0002
   5058.22    0.0000   -0.0005   -0.0003
   5059.25    0.0000   -0.0005   -0.0003
   5060.28    0.0000   -0.0005   -0.0003
   5061.31    0.0000   -0.0005   -0.0003
   5062.35    0.0000   -0.0005   -0.0003
   5063.38    0.0000   -0.0005   -0.0003
   5064.41    0.0000   -0.0004   -0.0002
   5065.44    0.0000   -0.0004   -0.0002
   5066.48    0.0000   -0.0004   -0.0002
   5067.51    0.0000   -0.0004   -0.0002
   5068.54    0.0000   -0.0004   -0.0003
   5069.57    0.0000   -0.0004   -0.0003
   5070.61    0.0000   -0.0004   -0.0003
   5071.64    0.0000   -0.0004   -0.0004
   5072.67    0.0000   -0.0004   -0.0004
   5073.70    0.0000   -0.0004   -0.0004
   5074.74    0.0000   -0.0003   -0.0004
   5075.77    0.0000   -0.0003   -0.0004
   5076.80    0.0000   -0.0003   -0.0003
   5077.83    0.0000   -0.0002   -0.0003
   5078.87    0.0000   -0.0002   -0.0003
   5079.90    0.0000   -0.0002   -0.0003
   5080.93    0.0000   -0.0002   -0.0003
   5081.96    0.0000   -0.0002   -0.0003
   5083.00    0.0000   -0.0002   -0.0003
   5084.03    0.0000   -0.0003   -0.0004
   5085.06    0.0000   -0.0003   -0.0004
   5086.09    0.0000   -0.0002   -0.0004
   5087.13    0.0000   -0.0002   -0.0004
   5088.16    0.0000   -0.0002   -0.0004
   5089.19    0.0000   -0.0002   -0.0004
   5090.22    0.0000   -0.0002   -0.0003
   5091.26    0.0000   -0.0001   -0.0003
   5092.29    0.0000   -0.0001   -0.0003
   5093.32    0.0000   -0.0001   -0.0003
   5094.35    0.0000   -0.0002   -0.0003
   5095.39    0.0000   -0.0002   -0.0003
   5096.42    0.0000   -0.0002   -0.0003
   5097.45    0.0000   -0.0002   -0.0003
   5098.48    0.0000   -0.0002   -0.0003
   5099.52    0.0000   -0.0002   -0.0004
   5100.55    0.0000   -0.0002   -0.0004
   5101.58    0.0000   -0.0002   -0.0004
   5102.61    0.0000   -0.0002   -0.0004
   5103.65    0.0000   -0.0002   -0.0004
   5104.68    0.0000   -0.0002   -0.0004
   5105.71    0.0000   -0.0001   -0.0004
   5106.74    0.0000   -0.0001   -0.0004
   5107.78    0.0000   -0.0001   -0.0003
   5108.81    0.0000   -0.0001   -0.0003
   5109.84    0.0000   -0.0001   -0.0003
   5110.87    0.0000   -0.0001   -0.0003
   5111.91    0.0000   -0.0001   -0.0003
   5112.94    0.0000   -0.0002   -0.0003
   5113.97    0.0000   -0.0002   -0.0004
   5115.00    0.0000   -0.0002   -0.0004
   5116.04    0.0000   -0.0002   -0.0004
   5117.07    0.0000   -0.0001   -0.0004
   5118.10    0.0000   -0.0001   -0.0004
   5119.13    0.0000   -0.0001   -0.0004
   5120.17    0.0000   -0.0001   -0.0004
   5121.20    0.0000   -0.0001   -0.0004
   5122.23    0.0000   -0.0001   -0.0004
   5123.26    0.0000   -0.0001   -0.0004
   5124.30    0.0000   -0.0001   -0.0004
   5125.33    0.0000   -0.0001   -0.0004
   5126.36    0.0000   -0.0001   -0.0004
   5127.39    0.0000   -0.0001   -0.0004
   5128.43    0.0000   -0.0000   -0.0004
   5129.46    0.0000   -0.0001   -0.0003
   5130.49    0.0000   -0.0001   -0.0003
   5131.52    0.0000   -0.0001   -0.0003
   5132.56    0.0000   -0.0001   -0.0003
   5133.59    0.0000   -0.0001   -0.0003
   5134.62    0.0000   -0.0001   -0.0003
   5135.65    0.0000   -0.0001   -0.0003
   5136.69    0.0000   -0.0001   -0.0004
   5137.72    0.0000   -0.0001   -0.0004
   5138.75    0.0000   -0.0001   -0.0004
   5139.78    0.0000   -0.0001   -0.0004
   5140.82    0.0000   -0.0001   -0.0004
   5141.85    0.0000   -0.0000   -0.0004
   5142.88    0.0000   -0.0000   -0.0004
   5143.91    0.0000   -0.0000   -0.0004
   5144.95    0.0000   -0.0000   -0.0003
   5145.98    0.0000   -0.0000   -0.0003
   5147.01    0.0000   -0.0001   -0.0003
   5148.04    0.0000   -0.0001   -0.0003
   5149.08    0.0000   -0.0001   -0.0003
   5150.11    0.0000   -0.0001   -0.0003
   5151.14    0.0000   -0.0001   -0.0003
   5152.17    0.0000   -0.0001   -0.0003
   5153.21    0.0000   -0.0001   -0.0004
   5154.24    0.0000   -0.0001   -0.0004
   5155.27    0.0000   -0.0001   -0.0004
   5156.30    0.0000   -0.0001   -0.0004
   5157.34    0.0000   -0.0001   -0.0004
   5158.37    0.0000   -0.0001   -0.0004
   5159.40    0.0000   -0.0001   -0.0003
   5160.43    0.0000   -0.0001   -0.0003
   5161.47    0.0000   -0.0001   -0.0003
   5162.50    0.0000   -0.0001   -0.0003
   5163.53    0.0000   -0.0001   -0.0003
   5164.56    0.0000   -0.0001   -0.0003
   5165.60    0.0000   -0.0001   -0.0003
   5166.63    0.0000   -0.0001   -0.0004
   5167.66    0.0000   -0.0001   -0.0004
   5168.69    0.0000   -0.0001   -0.0004
   5169.73    0.0000   -0.0001   -0.0004
   5170.76    0.0000   -0.0001   -0.0004
   5171.79    0.0000   -0.0001   -0.0004
   5172.82    0.0000   -0.0001   -0.0004
   5173.86    0.0000   -0.0001   -0.0004
   5174.89    0.0000   -0.0001   -0.0003
   5175.92    0.0000   -0.0001   -0.0003
   5176.95    0.0000   -0.0001   -0.0003
   5177.99    0.0000   -0.0001   -0.0003
   5179.02    0.0000   -0.0001   -0.0003
   5180.05    0.0000   -0.0001   -0.0003
   5181.08    0.0000   -0.0001   -0.0003
   5182.12    0.0000   -0.0001   -0.0003
   5183.15    0.0000   -0.0001   -0.0003
   5184.18    0.0000   -0.0001   -0.0004
   5185.21    0.0000   -0.0001   -0.0004
   5186.25    0.0000   -0.0001   -0.0004
   5187.28    0.0000   -0.0001   -0.0004
   5188.31    0.0000   -0.0000   -0.0004
   5189.34    0.0000   -0.0000   -0.0003
   5190.38    0.0000   -0.0000   -0.0003
   5191.41    0.0000   -0.0000   -0.0003
   5192.44    0.0000    0.0000   -0.0003
   5193.47    0.0000    0.0000   -0.0003
   5194.51    0.0000    0.0001   -0.0003
   5195.54    0.0000    0.0001   -0.0002
   5196.57    0.0000    0.0001   -0.0002
   5197.60    0.0000    0.0001   -0.0002
   5198.64    0.0000    0.0001   -0.0001
   5199.67    0.0000   -0.0000   -0.0001
   5200.70    0.0000   -0.0001   -0.0001
   5201.73    0.0000   -0.0001   -0.0001
   5202.77    0.0000   -0.0002   -0.0001
   5203.80    0.0000   -0.0002   -0.0001
   5204.83    0.0000   -0.0002   -0.0001
   5205.86    0.0000   -0.0002   -0.0001
   5206.90    0.0000   -0.0002   -0.0001
   5207.93    0.0000   -0.0002   -0.0001
   5208.96    0.0000   -0.0002   -0.0002
   5209.99    0.0000   -0.0001   -0.0002
   5211.03    0.0000   -0.0001   -0.0003
   5212.06    0.0000   -0.0000   -0.0004
   5213.09    0.0000    0.0001   -0.0004
   5214.12    0.0000    0.0002   -0.0005
   5215.16    0.0000    0.0003   -0.0005
   5216.19    0.0000    0.0004   -0.0005
   5217.22    0.0000    0.0005   -0.0004
   5218.25    0.0000    0.0005   -0.0003
   5219.29    0.0000    0.0005   -0.0002
   5220.32    0.0000    0.0005   -0.0001
   5221.35    0.0000    0.0004   -0.0001
   5222.38    0.0000    0.0003    0.0000
   5223.42    0.0000    0.0002    0.0001
   5224.45    0.0000    0.0002    0.0002
   5225.48    0.0000    0.0002    0.0003
   5226.51    0.0000    0.0002    0.0005
   5227.55    0.0000    0.0003    0.0005
   5228.58    0.0000    0.0003    0.0006
   5229.61    0.0000    0.0004    0.0006
   5230.64    0.0000    0.0004    0.0006
   5231.68    0.0000    0.0004    0.0005
   5232.71    0.0000    0.0003    0.0004
   5233.74    0.0000    0.0002    0.0002
   5234.77    0.0000    0.0001    0.0001
   5235.81    0.0000    0.0000   -0.0001
   5236.84    0.0000   -0.0000   -0.0002
   5237.87    0.0000   -0.0001   -0.0002
   5238.90    0.0000   -0.0001   -0.0003
   5239.94    0.0000   -0.0000   -0.0002
