     #Time      Norm      Real      Imag
   3379.37    0.0000   -0.0001   -0.0002
   3379.37    0.0000   -0.0003   -0.0006
   3380.40    0.0000   -0.0006   -0.0009
   3381.44    0.0000   -0.0007   -0.0012
   3382.47    0.0000   -0.0009   -0.0015
   3383.50    0.0000   -0.0010   -0.0017
   3384.53    0.0000   -0.0011   -0.0018
   3385.57    0.0000   -0.0012   -0.0019
   3386.60    0.0000   -0.0012   -0.0019
   3387.63    0.0000   -0.0012   -0.0019
   3388.66    0.0000   -0.0011   -0.0018
   3389.70    0.0000   -0.0011   -0.0017
   3390.73    0.0000   -0.0010   -0.0016
   3391.76    0.0000   -0.0009   -0.0014
   3392.79    0.0000   -0.0007   -0.0012
   3393.83    0.0000   -0.0006   -0.0009
   3394.86    0.0000   -0.0004   -0.0007
   3395.89    0.0000   -0.0003   -0.0004
   3396.92    0.0000   -0.0001   -0.0002
   3397.96    0.0000    0.0000    0.0001
   3398.99    0.0000    0.0002    0.0003
   3400.02    0.0000    0.0003    0.0005
   3401.05    0.0000    0.0005    0.0008
   3402.09    0.0000    0.0006    0.0010
   3403.12    0.0000    0.0007    0.0012
   3404.15    0.0000    0.0008    0.0013
   3405.18    0.0000    0.0009    0.0015
   3406.22    0.0000    0.0010    0.0016
   3407.25    0.0000    0.0011    0.0017
   3408.28    0.0000    0.0011    0.0018
   3409.31    0.0000    0.0012    0.0018
   3410.35    0.0000    0.0012    0.0019
   3411.38    0.0000    0.0012    0.0019
   3412.41    0.0000    0.0012    0.0019
   3413.44    0.0000    0.0012    0.0019
   3414.48    0.0000    0.0012    0.0019
   3415.51    0.0000    0.0012    0.0018
   3416.54    0.0000    0.0011    0.0018
   3417.57    0.0000    0.0011    0.0017
   3418.61    0.0000    0.0011    0.0017
   3419.64    0.0000    0.0010    0.0016
   3420.67    0.0000    0.0010    0.0015
   3421.70    0.0000    0.0009    0.0014
   3422.74    0.0000    0.0008    0.0013
   3423.77    0.0000    0.0008    0.0012
   3424.80    0.0000    0.0007    0.0011
   3425.83    0.0000    0.0007    0.0010
   3426.87    0.0000    0.0006    0.0009
   3427.90    0.0000    0.0005    0.0008
   3428.93    0.0000    0.0005    0.0007
   3429.96    0.0000    0.0004    0.0006
   3431.00    0.0000    0.0003    0.0005
   3432.03    0.0000    0.0002    0.0004
   3433.06    0.0000    0.0002    0.0003
   3434.09    0.0000    0.0001    0.0002
   3435.13    0.0000    0.0001    0.0001
   3436.16    0.0000   -0.0000    0.0000
   3437.19    0.0000   -0.0001   -0.0000
   3438.22    0.0000   -0.0001   -0.0001
   3439.26    0.0000   -0.0002   -0.0002
   3440.29    0.0000   -0.0002   -0.0003
   3441.32    0.0000   -0.0003   -0.0004
   3442.35    0.0000   -0.0003   -0.0004
   3443.39    0.0000   -0.0004   -0.0005
   3444.42    0.0000   -0.0004   -0.0006
   3445.45    0.0000   -0.0005   -0.0006
   3446.48    0.0000   -0.0005   -0.0007
   3447.52    0.0000   -0.0006   -0.0008
   3448.55    0.0000   -0.0006   -0.0008
   3449.58    0.0000   -0.0006   -0.0009
   3450.61    0.0000   -0.0007   -0.0009
   3451.65    0.0000   -0.0007   -0.0010
   3452.68    0.0000   -0.0007   -0.0010
   3453.71    0.0000   -0.0008   -0.0010
   3454.74    0.0000   -0.0008   -0.0011
   3455.78    0.0000   -0.0008   -0.0011
   3456.81    0.0000   -0.0009   -0.0011
   3457.84    0.0000   -0.0009   -0.0012
   3458.87    0.0000   -0.0009   -0.0012
   3459.91    0.0000   -0.0009   -0.0012
   3460.94    0.0000   -0.0010   -0.0013
   3461.97    0.0000   -0.0010   -0.0013
   3463.00    0.0000   -0.0010   -0.0013
   3464.04    0.0000   -0.0010   -0.0013
   3465.07    0.0000   -0.0010   -0.0014
   3466.10    0.0000   -0.0010   -0.0014
   3467.13    0.0000   -0.0011   -0.0014
   3468.17    0.0000   -0.0011   -0.0014
   3469.20    0.0000   -0.0011   -0.0014
   3470.23    0.0000   -0.0011   -0.0014
   3471.26    0.0000   -0.0011   -0.0015
   3472.30    0.0000   -0.0011   -0.0015
   3473.33    0.0000   -0.0011   -0.0015
   3474.36    0.0000   -0.0012   -0.0015
   3475.39    0.0000   -0.0012   -0.0015
   3476.43    0.0000   -0.0012   -0.0015
   3477.46    0.0000   -0.0012   -0.0015
   3478.49    0.0000   -0.0012   -0.0015
   3479.52    0.0000   -0.0012   -0.0016
   3480.56    0.0000   -0.0012   -0.0016
   3481.59    0.0000   -0.0012   -0.0016
   3482.62    0.0000   -0.0012   -0.0016
   3483.65    0.0000   -0.0012   -0.0016
   3484.69    0.0000   -0.0012   -0.0016
   3485.72    0.0000   -0.0012   -0.0016
   3486.75    0.0000   -0.0012   -0.0016
   3487.78    0.0000   -0.0013   -0.0016
   3488.82    0.0000   -0.0013   -0.0016
   3489.85    0.0000   -0.0013   -0.0016
   3490.88    0.0000   -0.0013   -0.0016
   3491.91    0.0000   -0.0013   -0.0016
   3492.95    0.0000   -0.0013   -0.0016
   3493.98    0.0000   -0.0013   -0.0016
   3495.01    0.0000   -0.0013   -0.0016
   3496.04    0.0000   -0.0013   -0.0016
   3497.08    0.0000   -0.0013   -0.0016
   3498.11    0.0000   -0.0013   -0.0016
   3499.14    0.0000   -0.0013   -0.0016
   3500.17    0.0000   -0.0013   -0.0016
   3501.21    0.0000   -0.0013   -0.0016
   3502.24    0.0000   -0.0013   -0.0016
   3503.27    0.0000   -0.0013   -0.0016
   3504.30    0.0000   -0.0013   -0.0017
   3505.34    0.0000   -0.0013   -0.0017
   3506.37    0.0000   -0.0013   -0.0017
   3507.40    0.0000   -0.0013   -0.0017
   3508.43    0.0000   -0.0013   -0.0017
   3509.47    0.0000   -0.0013   -0.0017
   3510.50    0.0000   -0.0013   -0.0017
   3511.53    0.0000   -0.0013   -0.0017
   3512.56    0.0000   -0.0013   -0.0017
   3513.60    0.0000   -0.0013   -0.0017
   3514.63    0.0000   -0.0013   -0.0017
   3515.66    0.0000   -0.0013   -0.0017
   3516.69    0.0000   -0.0013   -0.0017
   3517.73    0.0000   -0.0013   -0.0017
   3518.76    0.0000   -0.0013   -0.0017
   3519.79    0.0000   -0.0013   -0.0017
   3520.82    0.0000   -0.0013   -0.0017
   3521.86    0.0000   -0.0013   -0.0017
   3522.89    0.0000   -0.0013   -0.0017
   3523.92    0.0000   -0.0013   -0.0017
   3524.95    0.0000   -0.0013   -0.0017
   3525.99    0.0000   -0.0013   -0.0017
   3527.02    0.0000   -0.0013   -0.0017
   3528.05    0.0000   -0.0013   -0.0017
   3529.08    0.0000   -0.0013   -0.0017
   3530.12    0.0000   -0.0013   -0.0017
   3531.15    0.0000   -0.0013   -0.0017
   3532.18    0.0000   -0.0013   -0.0017
   3533.21    0.0000   -0.0013   -0.0017
   3534.25    0.0000   -0.0013   -0.0017
   3535.28    0.0000   -0.0013   -0.0017
   3536.31    0.0000   -0.0013   -0.0017
   3537.34    0.0000   -0.0013   -0.0017
   3538.38    0.0000   -0.0013   -0.0017
   3539.41    0.0000   -0.0013   -0.0017
   3540.44    0.0000   -0.0013   -0.0017
   3541.47    0.0000   -0.0013   -0.0017
   3542.51    0.0000   -0.0013   -0.0017
   3543.54    0.0000   -0.0013   -0.0017
   3544.57    0.0000   -0.0013   -0.0017
   3545.60    0.0000   -0.0013   -0.0017
   3546.64    0.0000   -0.0013   -0.0017
   3547.67    0.0000   -0.0013   -0.0017
   3548.70    0.0000   -0.0013   -0.0017
   3549.73    0.0000   -0.0013   -0.0017
   3550.77    0.0000   -0.0013   -0.0017
   3551.80    0.0000   -0.0013   -0.0017
   3552.83    0.0000   -0.0013   -0.0017
   3553.86    0.0000   -0.0013   -0.0017
   3554.90    0.0000   -0.0013   -0.0017
   3555.93    0.0000   -0.0013   -0.0017
   3556.96    0.0000   -0.0013   -0.0017
   3557.99    0.0000   -0.0013   -0.0017
   3559.03    0.0000   -0.0013   -0.0017
   3560.06    0.0000   -0.0013   -0.0017
   3561.09    0.0000   -0.0013   -0.0017
   3562.12    0.0000   -0.0013   -0.0017
   3563.16    0.0000   -0.0013   -0.0017
   3564.19    0.0000   -0.0013   -0.0017
   3565.22    0.0000   -0.0013   -0.0017
   3566.25    0.0000   -0.0013   -0.0017
   3567.29    0.0000   -0.0013   -0.0017
   3568.32    0.0000   -0.0013   -0.0017
   3569.35    0.0000   -0.0013   -0.0017
   3570.38    0.0000   -0.0013   -0.0017
   3571.42    0.0000   -0.0013   -0.0017
   3572.45    0.0000   -0.0013   -0.0017
   3573.48    0.0000   -0.0013   -0.0017
   3574.51    0.0000   -0.0013   -0.0017
   3575.55    0.0000   -0.0013   -0.0017
   3576.58    0.0000   -0.0013   -0.0017
   3577.61    0.0000   -0.0013   -0.0017
   3578.64    0.0000   -0.0013   -0.0017
   3579.68    0.0000   -0.0013   -0.0017
   3580.71    0.0000   -0.0013   -0.0017
   3581.74    0.0000   -0.0013   -0.0017
   3582.77    0.0000   -0.0013   -0.0017
   3583.81    0.0000   -0.0013   -0.0017
   3584.84    0.0000   -0.0013   -0.0017
   3585.87    0.0000   -0.0013   -0.0017
   3586.90    0.0000   -0.0013   -0.0017
   3587.94    0.0000   -0.0013   -0.0017
   3588.97    0.0000   -0.0013   -0.0017
   3590.00    0.0000   -0.0013   -0.0017
   3591.03    0.0000   -0.0013   -0.0017
   3592.07    0.0000   -0.0013   -0.0017
   3593.10    0.0000   -0.0013   -0.0017
   3594.13    0.0000   -0.0013   -0.0017
   3595.16    0.0000   -0.0014   -0.0017
   3596.20    0.0000   -0.0014   -0.0017
   3597.23    0.0000   -0.0014   -0.0017
   3598.26    0.0000   -0.0014   -0.0017
   3599.29    0.0000   -0.0014   -0.0017
   3600.33    0.0000   -0.0014   -0.0017
   3601.36    0.0000   -0.0014   -0.0017
   3602.39    0.0000   -0.0014   -0.0017
   3603.42    0.0000   -0.0014   -0.0017
   3604.46    0.0000   -0.0014   -0.0017
   3605.49    0.0000   -0.0014   -0.0017
   3606.52    0.0000   -0.0014   -0.0017
   3607.55    0.0000   -0.0014   -0.0017
   3608.59    0.0000   -0.0014   -0.0017
   3609.62    0.0000   -0.0014   -0.0017
   3610.65    0.0000   -0.0014   -0.0017
   3611.68    0.0000   -0.0014   -0.0017
   3612.72    0.0000   -0.0014   -0.0017
   3613.75    0.0000   -0.0014   -0.0017
   3614.78    0.0000   -0.0014   -0.0017
   3615.81    0.0000   -0.0014   -0.0017
   3616.85    0.0000   -0.0014   -0.0017
   3617.88    0.0000   -0.0014   -0.0017
   3618.91    0.0000   -0.0014   -0.0017
   3619.94    0.0000   -0.0014   -0.0017
   3620.98    0.0000   -0.0014   -0.0017
   3622.01    0.0000   -0.0014   -0.0017
   3623.04    0.0000   -0.0014   -0.0017
   3624.07    0.0000   -0.0014   -0.0017
   3625.11    0.0000   -0.0014   -0.0017
   3626.14    0.0000   -0.0014   -0.0017
   3627.17    0.0000   -0.0014   -0.0017
   3628.20    0.0000   -0.0014   -0.0017
   3629.24    0.0000   -0.0014   -0.0017
   3630.27    0.0000   -0.0014   -0.0017
   3631.30    0.0000   -0.0014   -0.0017
   3632.33    0.0000   -0.0014   -0.0017
   3633.37    0.0000   -0.0014   -0.0017
   3634.40    0.0000   -0.0014   -0.0017
   3635.43    0.0000   -0.0014   -0.0017
   3636.46    0.0000   -0.0014   -0.0017
   3637.50    0.0000   -0.0014   -0.0017
   3638.53    0.0000   -0.0014   -0.0017
   3639.56    0.0000   -0.0014   -0.0017
   3640.59    0.0000   -0.0013   -0.0017
   3641.63    0.0000   -0.0013   -0.0017
   3642.66    0.0000   -0.0013   -0.0017
   3643.69    0.0000   -0.0013   -0.0017
   3644.72    0.0000   -0.0013   -0.0017
   3645.76    0.0000   -0.0013   -0.0017
   3646.79    0.0000   -0.0013   -0.0017
   3647.82    0.0000   -0.0013   -0.0017
   3648.85    0.0000   -0.0013   -0.0017
   3649.89    0.0000   -0.0013   -0.0017
   3650.92    0.0000   -0.0013   -0.0017
   3651.95    0.0000   -0.0013   -0.0017
   3652.98    0.0000   -0.0013   -0.0017
   3654.02    0.0000   -0.0013   -0.0017
   3655.05    0.0000   -0.0013   -0.0017
   3656.08    0.0000   -0.0013   -0.0017
   3657.11    0.0000   -0.0013   -0.0017
   3658.15    0.0000   -0.0013   -0.0017
   3659.18    0.0000   -0.0013   -0.0017
   3660.21    0.0000   -0.0013   -0.0017
   3661.24    0.0000   -0.0013   -0.0017
   3662.28    0.0000   -0.0013   -0.0017
   3663.31    0.0000   -0.0013   -0.0017
   3664.34    0.0000   -0.0013   -0.0017
   3665.37    0.0000   -0.0013   -0.0017
   3666.41    0.0000   -0.0013   -0.0017
   3667.44    0.0000   -0.0013   -0.0017
   3668.47    0.0000   -0.0013   -0.0017
   3669.50    0.0000   -0.0013   -0.0017
   3670.54    0.0000   -0.0013   -0.0017
   3671.57    0.0000   -0.0013   -0.0017
   3672.60    0.0000   -0.0013   -0.0017
   3673.63    0.0000   -0.0013   -0.0017
   3674.67    0.0000   -0.0013   -0.0017
   3675.70    0.0000   -0.0013   -0.0017
   3676.73    0.0000   -0.0013   -0.0017
   3677.76    0.0000   -0.0013   -0.0017
   3678.80    0.0000   -0.0013   -0.0017
   3679.83    0.0000   -0.0013   -0.0017
   3680.86    0.0000   -0.0013   -0.0017
   3681.89    0.0000   -0.0013   -0.0017
   3682.93    0.0000   -0.0013   -0.0017
   3683.96    0.0000   -0.0013   -0.0017
   3684.99    0.0000   -0.0013   -0.0017
   3686.02    0.0000   -0.0013   -0.0017
   3687.06    0.0000   -0.0013   -0.0017
   3688.09    0.0000   -0.0013   -0.0017
   3689.12    0.0000   -0.0013   -0.0017
   3690.15    0.0000   -0.0013   -0.0017
   3691.19    0.0000   -0.0013   -0.0017
   3692.22    0.0000   -0.0013   -0.0017
   3693.25    0.0000   -0.0013   -0.0017
   3694.28    0.0000   -0.0013   -0.0017
   3695.32    0.0000   -0.0013   -0.0017
   3696.35    0.0000   -0.0013   -0.0017
   3697.38    0.0000   -0.0013   -0.0017
   3698.41    0.0000   -0.0013   -0.0017
   3699.45    0.0000   -0.0013   -0.0017
   3700.48    0.0000   -0.0013   -0.0017
   3701.51    0.0000   -0.0013   -0.0017
   3702.54    0.0000   -0.0013   -0.0017
   3703.58    0.0000   -0.0013   -0.0017
   3704.61    0.0000   -0.0013   -0.0017
   3705.64    0.0000   -0.0013   -0.0017
   3706.67    0.0000   -0.0013   -0.0017
   3707.71    0.0000   -0.0013   -0.0017
   3708.74    0.0000   -0.0013   -0.0017
   3709.77    0.0000   -0.0013   -0.0017
   3710.80    0.0000   -0.0013   -0.0017
   3711.84    0.0000   -0.0013   -0.0017
   3712.87    0.0000   -0.0013   -0.0017
   3713.90    0.0000   -0.0013   -0.0017
   3714.93    0.0000   -0.0013   -0.0017
   3715.97    0.0000   -0.0013   -0.0017
   3717.00    0.0000   -0.0013   -0.0017
   3718.03    0.0000   -0.0013   -0.0017
   3719.06    0.0000   -0.0013   -0.0017
   3720.10    0.0000   -0.0013   -0.0017
   3721.13    0.0000   -0.0013   -0.0017
   3722.16    0.0000   -0.0013   -0.0017
   3723.19    0.0000   -0.0013   -0.0017
   3724.23    0.0000   -0.0013   -0.0017
   3725.26    0.0000   -0.0013   -0.0017
   3726.29    0.0000   -0.0013   -0.0017
   3727.32    0.0000   -0.0013   -0.0017
   3728.36    0.0000   -0.0013   -0.0017
   3729.39    0.0000   -0.0013   -0.0017
   3730.42    0.0000   -0.0013   -0.0017
   3731.45    0.0000   -0.0013   -0.0017
   3732.49    0.0000   -0.0013   -0.0017
   3733.52    0.0000   -0.0013   -0.0017
   3734.55    0.0000   -0.0013   -0.0017
   3735.58    0.0000   -0.0013   -0.0017
   3736.62    0.0000   -0.0013   -0.0017
   3737.65    0.0000   -0.0013   -0.0017
   3738.68    0.0000   -0.0013   -0.0017
   3739.71    0.0000   -0.0013   -0.0017
   3740.75    0.0000   -0.0013   -0.0017
   3741.78    0.0000   -0.0013   -0.0017
   3742.81    0.0000   -0.0013   -0.0017
   3743.84    0.0000   -0.0013   -0.0017
   3744.88    0.0000   -0.0013   -0.0017
   3745.91    0.0000   -0.0013   -0.0017
   3746.94    0.0000   -0.0013   -0.0017
   3747.97    0.0000   -0.0013   -0.0017
   3749.01    0.0000   -0.0013   -0.0017
   3750.04    0.0000   -0.0013   -0.0017
   3751.07    0.0000   -0.0013   -0.0017
   3752.10    0.0000   -0.0013   -0.0017
   3753.14    0.0000   -0.0013   -0.0017
   3754.17    0.0000   -0.0013   -0.0017
   3755.20    0.0000   -0.0013   -0.0017
   3756.23    0.0000   -0.0013   -0.0017
   3757.27    0.0000   -0.0013   -0.0017
   3758.30    0.0000   -0.0013   -0.0017
   3759.33    0.0000   -0.0013   -0.0017
   3760.36    0.0000   -0.0013   -0.0017
   3761.40    0.0000   -0.0013   -0.0017
   3762.43    0.0000   -0.0013   -0.0017
   3763.46    0.0000   -0.0013   -0.0017
   3764.49    0.0000   -0.0013   -0.0017
   3765.53    0.0000   -0.0013   -0.0017
   3766.56    0.0000   -0.0013   -0.0017
   3767.59    0.0000   -0.0013   -0.0017
   3768.62    0.0000   -0.0013   -0.0017
   3769.66    0.0000   -0.0013   -0.0017
   3770.69    0.0000   -0.0013   -0.0017
   3771.72    0.0000   -0.0013   -0.0017
   3772.75    0.0000   -0.0013   -0.0017
   3773.79    0.0000   -0.0013   -0.0017
   3774.82    0.0000   -0.0013   -0.0017
   3775.85    0.0000   -0.0013   -0.0017
   3776.88    0.0000   -0.0013   -0.0017
   3777.92    0.0000   -0.0013   -0.0017
   3778.95    0.0000   -0.0013   -0.0017
   3779.98    0.0000   -0.0013   -0.0017
   3781.01    0.0000   -0.0013   -0.0017
   3782.05    0.0000   -0.0013   -0.0017
   3783.08    0.0000   -0.0013   -0.0017
   3784.11    0.0000   -0.0013   -0.0017
   3785.14    0.0000   -0.0013   -0.0017
   3786.18    0.0000   -0.0013   -0.0017
   3787.21    0.0000   -0.0013   -0.0017
   3788.24    0.0000   -0.0013   -0.0017
   3789.27    0.0000   -0.0013   -0.0017
   3790.31    0.0000   -0.0013   -0.0017
   3791.34    0.0000   -0.0013   -0.0017
   3792.37    0.0000   -0.0013   -0.0017
   3793.40    0.0000   -0.0013   -0.0017
   3794.44    0.0000   -0.0013   -0.0017
   3795.47    0.0000   -0.0013   -0.0017
   3796.50    0.0000   -0.0013   -0.0017
   3797.53    0.0000   -0.0013   -0.0017
   3798.57    0.0000   -0.0013   -0.0017
   3799.60    0.0000   -0.0013   -0.0017
   3800.63    0.0000   -0.0013   -0.0017
   3801.66    0.0000   -0.0013   -0.0017
   3802.70    0.0000   -0.0013   -0.0017
   3803.73    0.0000   -0.0013   -0.0017
   3804.76    0.0000   -0.0013   -0.0017
   3805.79    0.0000   -0.0013   -0.0017
   3806.83    0.0000   -0.0013   -0.0017
   3807.86    0.0000   -0.0013   -0.0017
   3808.89    0.0000   -0.0013   -0.0017
   3809.92    0.0000   -0.0013   -0.0017
   3810.96    0.0000   -0.0013   -0.0017
   3811.99    0.0000   -0.0013   -0.0017
   3813.02    0.0000   -0.0013   -0.0017
   3814.05    0.0000   -0.0013   -0.0017
   3815.09    0.0000   -0.0013   -0.0017
   3816.12    0.0000   -0.0013   -0.0017
   3817.15    0.0000   -0.0013   -0.0017
   3818.18    0.0000   -0.0013   -0.0017
   3819.22    0.0000   -0.0013   -0.0017
   3820.25    0.0000   -0.0013   -0.0017
   3821.28    0.0000   -0.0013   -0.0017
   3822.31    0.0000   -0.0013   -0.0017
   3823.35    0.0000   -0.0013   -0.0017
   3824.38    0.0000   -0.0013   -0.0017
   3825.41    0.0000   -0.0013   -0.0017
   3826.44    0.0000   -0.0014   -0.0017
   3827.48    0.0000   -0.0014   -0.0017
   3828.51    0.0000   -0.0014   -0.0017
   3829.54    0.0000   -0.0014   -0.0017
   3830.57    0.0000   -0.0014   -0.0017
   3831.61    0.0000   -0.0014   -0.0017
   3832.64    0.0000   -0.0014   -0.0017
   3833.67    0.0000   -0.0014   -0.0017
   3834.70    0.0000   -0.0014   -0.0017
   3835.74    0.0000   -0.0014   -0.0017
   3836.77    0.0000   -0.0014   -0.0017
   3837.80    0.0000   -0.0014   -0.0017
   3838.83    0.0000   -0.0014   -0.0017
   3839.87    0.0000   -0.0014   -0.0017
   3840.90    0.0000   -0.0014   -0.0017
   3841.93    0.0000   -0.0014   -0.0017
   3842.96    0.0000   -0.0014   -0.0017
   3844.00    0.0000   -0.0014   -0.0017
   3845.03    0.0000   -0.0014   -0.0017
   3846.06    0.0000   -0.0014   -0.0017
   3847.09    0.0000   -0.0014   -0.0017
   3848.13    0.0000   -0.0014   -0.0017
   3849.16    0.0000   -0.0014   -0.0017
   3850.19    0.0000   -0.0014   -0.0017
   3851.22    0.0000   -0.0014   -0.0017
   3852.26    0.0000   -0.0014   -0.0017
   3853.29    0.0000   -0.0014   -0.0017
   3854.32    0.0000   -0.0014   -0.0017
   3855.35    0.0000   -0.0014   -0.0017
   3856.39    0.0000   -0.0014   -0.0017
   3857.42    0.0000   -0.0014   -0.0017
   3858.45    0.0000   -0.0014   -0.0017
   3859.48    0.0000   -0.0014   -0.0017
   3860.52    0.0000   -0.0014   -0.0017
   3861.55    0.0000   -0.0014   -0.0017
   3862.58    0.0000   -0.0014   -0.0017
   3863.61    0.0000   -0.0014   -0.0017
   3864.65    0.0000   -0.0014   -0.0017
   3865.68    0.0000   -0.0014   -0.0017
   3866.71    0.0000   -0.0014   -0.0017
   3867.74    0.0000   -0.0014   -0.0017
   3868.78    0.0000   -0.0014   -0.0017
   3869.81    0.0000   -0.0014   -0.0017
   3870.84    0.0000   -0.0014   -0.0017
   3871.87    0.0000   -0.0014   -0.0017
   3872.91    0.0000   -0.0014   -0.0017
   3873.94    0.0000   -0.0014   -0.0017
   3874.97    0.0000   -0.0014   -0.0017
   3876.00    0.0000   -0.0014   -0.0017
   3877.04    0.0000   -0.0014   -0.0017
   3878.07    0.0000   -0.0014   -0.0017
   3879.10    0.0000   -0.0014   -0.0017
   3880.13    0.0000   -0.0014   -0.0017
   3881.17    0.0000   -0.0014   -0.0017
   3882.20    0.0000   -0.0014   -0.0017
   3883.23    0.0000   -0.0014   -0.0017
   3884.26    0.0000   -0.0014   -0.0017
   3885.30    0.0000   -0.0014   -0.0016
   3886.33    0.0000   -0.0014   -0.0016
   3887.36    0.0000   -0.0014   -0.0016
   3888.39    0.0000   -0.0014   -0.0016
   3889.43    0.0000   -0.0015   -0.0016
   3890.46    0.0000   -0.0015   -0.0016
   3891.49    0.0000   -0.0015   -0.0016
   3892.52    0.0000   -0.0015   -0.0016
   3893.56    0.0000   -0.0015   -0.0016
   3894.59    0.0000   -0.0015   -0.0016
   3895.62    0.0000   -0.0015   -0.0016
   3896.65    0.0000   -0.0015   -0.0016
   3897.69    0.0000   -0.0015   -0.0016
   3898.72    0.0000   -0.0015   -0.0016
   3899.75    0.0000   -0.0015   -0.0016
   3900.78    0.0000   -0.0015   -0.0016
   3901.82    0.0000   -0.0015   -0.0016
   3902.85    0.0000   -0.0015   -0.0016
   3903.88    0.0000   -0.0015   -0.0016
   3904.91    0.0000   -0.0015   -0.0016
   3905.95    0.0000   -0.0015   -0.0016
   3906.98    0.0000   -0.0015   -0.0016
   3908.01    0.0000   -0.0015   -0.0016
   3909.04    0.0000   -0.0015   -0.0016
   3910.08    0.0000   -0.0015   -0.0016
   3911.11    0.0000   -0.0015   -0.0016
   3912.14    0.0000   -0.0015   -0.0016
   3913.17    0.0000   -0.0015   -0.0015
   3914.21    0.0000   -0.0015   -0.0015
   3915.24    0.0000   -0.0015   -0.0015
   3916.27    0.0000   -0.0015   -0.0015
   3917.30    0.0000   -0.0015   -0.0015
   3918.34    0.0000   -0.0015   -0.0015
   3919.37    0.0000   -0.0015   -0.0015
   3920.40    0.0000   -0.0015   -0.0015
   3921.43    0.0000   -0.0015   -0.0015
   3922.47    0.0000   -0.0015   -0.0015
   3923.50    0.0000   -0.0015   -0.0015
   3924.53    0.0000   -0.0015   -0.0015
   3925.56    0.0000   -0.0015   -0.0015
   3926.60    0.0000   -0.0015   -0.0015
   3927.63    0.0000   -0.0015   -0.0015
   3928.66    0.0000   -0.0015   -0.0015
   3929.69    0.0000   -0.0015   -0.0015
   3930.73    0.0000   -0.0015   -0.0015
   3931.76    0.0000   -0.0015   -0.0015
   3932.79    0.0000   -0.0015   -0.0014
   3933.82    0.0000   -0.0015   -0.0014
   3934.86    0.0000   -0.0015   -0.0014
   3935.89    0.0000   -0.0015   -0.0014
   3936.92    0.0000   -0.0015   -0.0014
   3937.95    0.0000   -0.0015   -0.0014
   3938.99    0.0000   -0.0015   -0.0014
   3940.02    0.0000   -0.0015   -0.0014
   3941.05    0.0000   -0.0015   -0.0014
   3942.08    0.0000   -0.0015   -0.0014
   3943.12    0.0000   -0.0015   -0.0014
   3944.15    0.0000   -0.0015   -0.0014
   3945.18    0.0000   -0.0015   -0.0014
   3946.21    0.0000   -0.0015   -0.0014
   3947.25    0.0000   -0.0015   -0.0014
   3948.28    0.0000   -0.0015   -0.0014
   3949.31    0.0000   -0.0015   -0.0013
   3950.34    0.0000   -0.0015   -0.0013
   3951.38    0.0000   -0.0015   -0.0013
   3952.41    0.0000   -0.0015   -0.0013
   3953.44    0.0000   -0.0015   -0.0013
   3954.47    0.0000   -0.0015   -0.0013
   3955.51    0.0000   -0.0015   -0.0013
   3956.54    0.0000   -0.0015   -0.0013
   3957.57    0.0000   -0.0015   -0.0013
   3958.60    0.0000   -0.0015   -0.0013
   3959.64    0.0000   -0.0015   -0.0013
   3960.67    0.0000   -0.0015   -0.0013
   3961.70    0.0000   -0.0015   -0.0012
   3962.73    0.0000   -0.0015   -0.0012
   3963.77    0.0000   -0.0015   -0.0012
   3964.80    0.0000   -0.0015   -0.0012
   3965.83    0.0000   -0.0015   -0.0012
   3966.86    0.0000   -0.0015   -0.0012
   3967.90    0.0000   -0.0015   -0.0012
   3968.93    0.0000   -0.0015   -0.0012
   3969.96    0.0000   -0.0015   -0.0012
   3970.99    0.0000   -0.0015   -0.0012
   3972.03    0.0000   -0.0015   -0.0012
   3973.06    0.0000   -0.0015   -0.0012
   3974.09    0.0000   -0.0015   -0.0011
   3975.12    0.0000   -0.0015   -0.0011
   3976.16    0.0000   -0.0015   -0.0011
   3977.19    0.0000   -0.0015   -0.0011
   3978.22    0.0000   -0.0015   -0.0011
   3979.25    0.0000   -0.0015   -0.0011
   3980.29    0.0000   -0.0015   -0.0011
   3981.32    0.0000   -0.0014   -0.0011
   3982.35    0.0000   -0.0014   -0.0011
   3983.38    0.0000   -0.0014   -0.0011
   3984.42    0.0000   -0.0014   -0.0010
   3985.45    0.0000   -0.0014   -0.0010
   3986.48    0.0000   -0.0014   -0.0010
   3987.51    0.0000   -0.0014   -0.0010
   3988.55    0.0000   -0.0014   -0.0010
   3989.58    0.0000   -0.0014   -0.0010
   3990.61    0.0000   -0.0014   -0.0010
   3991.64    0.0000   -0.0014   -0.0010
   3992.68    0.0000   -0.0014   -0.0010
   3993.71    0.0000   -0.0014   -0.0010
   3994.74    0.0000   -0.0014   -0.0009
   3995.77    0.0000   -0.0014   -0.0009
   3996.81    0.0000   -0.0014   -0.0009
   3997.84    0.0000   -0.0014   -0.0009
   3998.87    0.0000   -0.0014   -0.0009
   3999.90    0.0000   -0.0014   -0.0009
   4000.94    0.0000   -0.0013   -0.0009
   4001.97    0.0000   -0.0013   -0.0009
   4003.00    0.0000   -0.0013   -0.0009
   4004.03    0.0000   -0.0013   -0.0009
   4005.07    0.0000   -0.0013   -0.0008
   4006.10    0.0000   -0.0013   -0.0008
   4007.13    0.0000   -0.0013   -0.0008
   4008.16    0.0000   -0.0013   -0.0008
   4009.20    0.0000   -0.0013   -0.0008
   4010.23    0.0000   -0.0013   -0.0008
   4011.26    0.0000   -0.0013   -0.0008
   4012.29    0.0000   -0.0013   -0.0008
   4013.33    0.0000   -0.0013   -0.0008
   4014.36    0.0000   -0.0012   -0.0007
   4015.39    0.0000   -0.0012   -0.0007
   4016.42    0.0000   -0.0012   -0.0007
   4017.46    0.0000   -0.0012   -0.0007
   4018.49    0.0000   -0.0012   -0.0007
   4019.52    0.0000   -0.0012   -0.0007
   4020.55    0.0000   -0.0012   -0.0007
   4021.59    0.0000   -0.0012   -0.0007
   4022.62    0.0000   -0.0012   -0.0007
   4023.65    0.0000   -0.0012   -0.0007
   4024.68    0.0000   -0.0012   -0.0006
   4025.72    0.0000   -0.0011   -0.0006
   4026.75    0.0000   -0.0011   -0.0006
   4027.78    0.0000   -0.0011   -0.0006
   4028.81    0.0000   -0.0011   -0.0006
   4029.85    0.0000   -0.0011   -0.0006
   4030.88    0.0000   -0.0011   -0.0006
   4031.91    0.0000   -0.0011   -0.0006
   4032.94    0.0000   -0.0011   -0.0006
   4033.98    0.0000   -0.0011   -0.0005
   4035.01    0.0000   -0.0011   -0.0005
   4036.04    0.0000   -0.0010   -0.0005
   4037.07    0.0000   -0.0010   -0.0005
   4038.11    0.0000   -0.0010   -0.0005
   4039.14    0.0000   -0.0010   -0.0005
   4040.17    0.0000   -0.0010   -0.0005
   4041.20    0.0000   -0.0010   -0.0005
   4042.24    0.0000   -0.0010   -0.0005
   4043.27    0.0000   -0.0010   -0.0005
   4044.30    0.0000   -0.0009   -0.0004
   4045.33    0.0000   -0.0009   -0.0004
   4046.37    0.0000   -0.0009   -0.0004
   4047.40    0.0000   -0.0009   -0.0004
   4048.43    0.0000   -0.0009   -0.0004
   4049.46    0.0000   -0.0009   -0.0004
   4050.50    0.0000   -0.0009   -0.0004
   4051.53    0.0000   -0.0009   -0.0004
   4052.56    0.0000   -0.0008   -0.0004
   4053.59    0.0000   -0.0008   -0.0004
   4054.63    0.0000   -0.0008   -0.0003
   4055.66    0.0000   -0.0008   -0.0003
   4056.69    0.0000   -0.0008   -0.0003
   4057.72    0.0000   -0.0008   -0.0003
   4058.76    0.0000   -0.0008   -0.0003
   4059.79    0.0000   -0.0008   -0.0003
   4060.82    0.0000   -0.0007   -0.0003
   4061.85    0.0000   -0.0007   -0.0003
   4062.89    0.0000   -0.0007   -0.0003
   4063.92    0.0000   -0.0007   -0.0003
   4064.95    0.0000   -0.0007   -0.0002
   4065.98    0.0000   -0.0007   -0.0002
   4067.02    0.0000   -0.0007   -0.0002
   4068.05    0.0000   -0.0006   -0.0002
   4069.08    0.0000   -0.0006   -0.0002
   4070.11    0.0000   -0.0006   -0.0002
   4071.15    0.0000   -0.0006   -0.0002
   4072.18    0.0000   -0.0006   -0.0002
   4073.21    0.0000   -0.0006   -0.0002
   4074.24    0.0000   -0.0006   -0.0002
   4075.28    0.0000   -0.0005   -0.0002
   4076.31    0.0000   -0.0005   -0.0001
   4077.34    0.0000   -0.0005   -0.0001
   4078.37    0.0000   -0.0005   -0.0001
   4079.41    0.0000   -0.0005   -0.0001
   4080.44    0.0000   -0.0005   -0.0001
   4081.47    0.0000   -0.0004   -0.0001
   4082.50    0.0000   -0.0004   -0.0001
   4083.54    0.0000   -0.0004   -0.0001
   4084.57    0.0000   -0.0004   -0.0001
   4085.60    0.0000   -0.0004   -0.0001
   4086.63    0.0000   -0.0004   -0.0001
   4087.67    0.0000   -0.0003   -0.0001
   4088.70    0.0000   -0.0003   -0.0001
   4089.73    0.0000   -0.0003   -0.0000
   4090.76    0.0000   -0.0003   -0.0000
   4091.80    0.0000   -0.0003   -0.0000
   4092.83    0.0000   -0.0003   -0.0000
   4093.86    0.0000   -0.0002   -0.0000
   4094.89    0.0000   -0.0002   -0.0000
   4095.93    0.0000   -0.0002   -0.0000
   4096.96    0.0000   -0.0002    0.0000
   4097.99    0.0000   -0.0002    0.0000
   4099.02    0.0000   -0.0002    0.0000
   4100.06    0.0000   -0.0001    0.0000
   4101.09    0.0000   -0.0001    0.0000
   4102.12    0.0000   -0.0001    0.0000
   4103.15    0.0000   -0.0001    0.0000
   4104.19    0.0000   -0.0001    0.0001
   4105.22    0.0000   -0.0001    0.0001
   4106.25    0.0000   -0.0000    0.0001
   4107.28    0.0000   -0.0000    0.0001
   4108.32    0.0000   -0.0000    0.0001
   4109.35    0.0000    0.0000    0.0001
   4110.38    0.0000    0.0000    0.0001
   4111.41    0.0000    0.0000    0.0001
   4112.45    0.0000    0.0001    0.0001
   4113.48    0.0000    0.0001    0.0001
   4114.51    0.0000    0.0001    0.0001
   4115.54    0.0000    0.0001    0.0001
   4116.58    0.0000    0.0001    0.0001
   4117.61    0.0000    0.0001    0.0001
   4118.64    0.0000    0.0002    0.0001
   4119.67    0.0000    0.0002    0.0001
   4120.71    0.0000    0.0002    0.0001
   4121.74    0.0000    0.0002    0.0002
   4122.77    0.0000    0.0002    0.0002
   4123.80    0.0000    0.0002    0.0002
   4124.84    0.0000    0.0003    0.0002
   4125.87    0.0000    0.0003    0.0002
   4126.90    0.0000    0.0003    0.0002
   4127.93    0.0000    0.0003    0.0002
   4128.97    0.0000    0.0003    0.0002
   4130.00    0.0000    0.0004    0.0002
   4131.03    0.0000    0.0004    0.0002
   4132.06    0.0000    0.0004    0.0002
   4133.10    0.0000    0.0004    0.0002
   4134.13    0.0000    0.0004    0.0002
   4135.16    0.0000    0.0004    0.0002
   4136.19    0.0000    0.0005    0.0002
   4137.23    0.0000    0.0005    0.0002
   4138.26    0.0000    0.0005    0.0002
   4139.29    0.0000    0.0005    0.0002
   4140.32    0.0000    0.0005    0.0002
   4141.36    0.0000    0.0005    0.0002
   4142.39    0.0000    0.0006    0.0002
   4143.42    0.0000    0.0006    0.0002
   4144.45    0.0000    0.0006    0.0002
   4145.49    0.0000    0.0006    0.0002
   4146.52    0.0000    0.0006    0.0002
   4147.55    0.0000    0.0007    0.0003
   4148.58    0.0000    0.0007    0.0003
   4149.62    0.0000    0.0007    0.0003
   4150.65    0.0000    0.0007    0.0003
   4151.68    0.0000    0.0007    0.0003
   4152.71    0.0000    0.0007    0.0003
   4153.75    0.0000    0.0008    0.0003
   4154.78    0.0000    0.0008    0.0003
   4155.81    0.0000    0.0008    0.0003
   4156.84    0.0000    0.0008    0.0003
   4157.88    0.0000    0.0008    0.0003
   4158.91    0.0000    0.0008    0.0003
   4159.94    0.0000    0.0009    0.0003
   4160.97    0.0000    0.0009    0.0003
   4162.01    0.0000    0.0009    0.0003
   4163.04    0.0000    0.0009    0.0003
   4164.07    0.0000    0.0009    0.0003
   4165.10    0.0000    0.0009    0.0003
   4166.14    0.0000    0.0010    0.0003
   4167.17    0.0000    0.0010    0.0003
   4168.20    0.0000    0.0010    0.0003
   4169.23    0.0000    0.0010    0.0003
   4170.27    0.0000    0.0010    0.0003
   4171.30    0.0000    0.0010    0.0003
   4172.33    0.0000    0.0011    0.0003
   4173.36    0.0000    0.0011    0.0003
   4174.40    0.0000    0.0011    0.0003
   4175.43    0.0000    0.0011    0.0003
   4176.46    0.0000    0.0011    0.0003
   4177.49    0.0000    0.0011    0.0003
   4178.53    0.0000    0.0012    0.0003
   4179.56    0.0000    0.0012    0.0003
   4180.59    0.0000    0.0012    0.0003
   4181.62    0.0000    0.0012    0.0003
   4182.66    0.0000    0.0012    0.0003
   4183.69    0.0000    0.0012    0.0003
   4184.72    0.0000    0.0013    0.0003
   4185.75    0.0000    0.0013    0.0003
   4186.79    0.0000    0.0013    0.0003
   4187.82    0.0000    0.0013    0.0003
   4188.85    0.0000    0.0013    0.0003
   4189.88    0.0000    0.0013    0.0003
   4190.92    0.0000    0.0014    0.0003
   4191.95    0.0000    0.0014    0.0003
   4192.98    0.0000    0.0014    0.0003
   4194.01    0.0000    0.0014    0.0003
   4195.05    0.0000    0.0014    0.0003
   4196.08    0.0000    0.0014    0.0003
   4197.11    0.0000    0.0014    0.0003
   4198.14    0.0000    0.0015    0.0003
   4199.18    0.0000    0.0015    0.0003
   4200.21    0.0000    0.0015    0.0003
   4201.24    0.0000    0.0015    0.0003
   4202.27    0.0000    0.0015    0.0003
   4203.31    0.0000    0.0015    0.0003
   4204.34    0.0000    0.0015    0.0003
   4205.37    0.0000    0.0016    0.0003
   4206.40    0.0000    0.0016    0.0003
   4207.44    0.0000    0.0016    0.0003
   4208.47    0.0000    0.0016    0.0003
   4209.50    0.0000    0.0016    0.0003
   4210.53    0.0000    0.0016    0.0003
   4211.57    0.0000    0.0016    0.0003
   4212.60    0.0000    0.0017    0.0003
   4213.63    0.0000    0.0017    0.0003
   4214.66    0.0000    0.0017    0.0003
   4215.70    0.0000    0.0017    0.0003
   4216.73    0.0000    0.0017    0.0003
   4217.76    0.0000    0.0017    0.0003
   4218.79    0.0000    0.0017    0.0003
   4219.83    0.0000    0.0018    0.0003
   4220.86    0.0000    0.0018    0.0003
   4221.89    0.0000    0.0018    0.0003
   4222.92    0.0000    0.0018    0.0003
   4223.96    0.0000    0.0018    0.0003
   4224.99    0.0000    0.0018    0.0003
   4226.02    0.0000    0.0018    0.0003
   4227.05    0.0000    0.0018    0.0003
   4228.09    0.0000    0.0019    0.0003
   4229.12    0.0000    0.0019    0.0003
   4230.15    0.0000    0.0019    0.0003
   4231.18    0.0000    0.0019    0.0003
   4232.22    0.0000    0.0019    0.0003
   4233.25    0.0000    0.0019    0.0003
   4234.28    0.0000    0.0019    0.0003
   4235.31    0.0000    0.0019    0.0003
   4236.35    0.0000    0.0020    0.0003
   4237.38    0.0000    0.0020    0.0003
   4238.41    0.0000    0.0020    0.0003
   4239.44    0.0000    0.0020    0.0003
   4240.48    0.0000    0.0020    0.0003
   4241.51    0.0000    0.0020    0.0002
   4242.54    0.0000    0.0020    0.0002
   4243.57    0.0000    0.0020    0.0002
   4244.61    0.0000    0.0020    0.0002
   4245.64    0.0000    0.0021    0.0002
   4246.67    0.0000    0.0021    0.0002
   4247.70    0.0000    0.0021    0.0002
   4248.74    0.0000    0.0021    0.0002
   4249.77    0.0000    0.0021    0.0002
   4250.80    0.0000    0.0021    0.0002
   4251.83    0.0000    0.0021    0.0002
   4252.87    0.0000    0.0021    0.0002
   4253.90    0.0000    0.0021    0.0002
   4254.93    0.0000    0.0021    0.0002
   4255.96    0.0000    0.0022    0.0002
   4257.00    0.0000    0.0022    0.0002
   4258.03    0.0000    0.0022    0.0002
   4259.06    0.0000    0.0022    0.0002
   4260.09    0.0000    0.0022    0.0002
   4261.13    0.0000    0.0022    0.0002
   4262.16    0.0000    0.0022    0.0002
   4263.19    0.0000    0.0022    0.0002
   4264.22    0.0000    0.0022    0.0002
   4265.26    0.0000    0.0022    0.0002
   4266.29    0.0000    0.0022    0.0002
   4267.32    0.0000    0.0023    0.0002
   4268.35    0.0000    0.0023    0.0002
   4269.39    0.0000    0.0023    0.0002
   4270.42    0.0000    0.0023    0.0002
   4271.45    0.0000    0.0023    0.0002
   4272.48    0.0000    0.0023    0.0002
   4273.52    0.0000    0.0023    0.0001
   4274.55    0.0000    0.0023    0.0001
   4275.58    0.0000    0.0023    0.0001
   4276.61    0.0000    0.0023    0.0001
   4277.65    0.0000    0.0023    0.0001
   4278.68    0.0000    0.0023    0.0001
   4279.71    0.0000    0.0023    0.0001
   4280.74    0.0000    0.0023    0.0001
   4281.78    0.0000    0.0024    0.0001
   4282.81    0.0000    0.0024    0.0001
   4283.84    0.0000    0.0024    0.0001
   4284.87    0.0000    0.0024    0.0001
   4285.91    0.0000    0.0024    0.0001
   4286.94    0.0000    0.0024    0.0001
   4287.97    0.0000    0.0024    0.0001
   4289.00    0.0000    0.0024    0.0001
   4290.04    0.0000    0.0024    0.0001
   4291.07    0.0000    0.0024    0.0001
   4292.10    0.0000    0.0024    0.0001
   4293.13    0.0000    0.0024    0.0001
   4294.17    0.0000    0.0024    0.0001
   4295.20    0.0000    0.0024    0.0001
   4296.23    0.0000    0.0024    0.0001
   4297.26    0.0000    0.0024    0.0001
   4298.30    0.0000    0.0024    0.0001
   4299.33    0.0000    0.0024    0.0001
   4300.36    0.0000    0.0025    0.0001
   4301.39    0.0000    0.0025    0.0000
   4302.43    0.0000    0.0025    0.0000
   4303.46    0.0000    0.0025    0.0000
   4304.49    0.0000    0.0025    0.0000
   4305.52    0.0000    0.0025    0.0000
   4306.56    0.0000    0.0025    0.0000
   4307.59    0.0000    0.0025    0.0000
   4308.62    0.0000    0.0025    0.0000
   4309.65    0.0000    0.0025    0.0000
   4310.69    0.0000    0.0025    0.0000
   4311.72    0.0000    0.0025    0.0000
   4312.75    0.0000    0.0025    0.0000
   4313.78    0.0000    0.0025    0.0000
   4314.82    0.0000    0.0025    0.0000
   4315.85    0.0000    0.0025   -0.0000
   4316.88    0.0000    0.0025   -0.0000
   4317.91    0.0000    0.0025   -0.0000
   4318.95    0.0000    0.0025   -0.0000
   4319.98    0.0000    0.0025   -0.0000
   4321.01    0.0000    0.0025   -0.0000
   4322.04    0.0000    0.0025   -0.0000
   4323.08    0.0000    0.0025   -0.0000
   4324.11    0.0000    0.0025   -0.0000
   4325.14    0.0000    0.0025   -0.0000
   4326.17    0.0000    0.0025   -0.0000
   4327.21    0.0000    0.0025   -0.0000
   4328.24    0.0000    0.0025   -0.0000
   4329.27    0.0000    0.0025   -0.0000
   4330.30    0.0000    0.0025   -0.0000
   4331.34    0.0000    0.0025   -0.0000
   4332.37    0.0000    0.0025   -0.0001
   4333.40    0.0000    0.0026   -0.0001
   4334.43    0.0000    0.0026   -0.0001
   4335.47    0.0000    0.0026   -0.0001
   4336.50    0.0000    0.0026   -0.0001
   4337.53    0.0000    0.0026   -0.0001
   4338.56    0.0000    0.0026   -0.0001
   4339.60    0.0000    0.0026   -0.0001
   4340.63    0.0000    0.0026   -0.0001
   4341.66    0.0000    0.0026   -0.0001
   4342.69    0.0000    0.0026   -0.0001
   4343.73    0.0000    0.0026   -0.0001
   4344.76    0.0000    0.0026   -0.0001
   4345.79    0.0000    0.0026   -0.0001
   4346.82    0.0000    0.0026   -0.0001
   4347.86    0.0000    0.0026   -0.0001
   4348.89    0.0000    0.0026   -0.0001
   4349.92    0.0000    0.0026   -0.0001
   4350.95    0.0000    0.0026   -0.0001
   4351.99    0.0000    0.0026   -0.0001
   4353.02    0.0000    0.0026   -0.0001
   4354.05    0.0000    0.0026   -0.0001
   4355.08    0.0000    0.0026   -0.0001
   4356.12    0.0000    0.0026   -0.0001
   4357.15    0.0000    0.0026   -0.0001
   4358.18    0.0000    0.0026   -0.0001
   4359.21    0.0000    0.0026   -0.0001
   4360.25    0.0000    0.0026   -0.0001
   4361.28    0.0000    0.0026   -0.0001
   4362.31    0.0000    0.0026   -0.0001
   4363.34    0.0000    0.0026   -0.0001
   4364.38    0.0000    0.0026   -0.0001
   4365.41    0.0000    0.0026   -0.0001
   4366.44    0.0000    0.0026   -0.0001
   4367.47    0.0000    0.0026   -0.0001
   4368.51    0.0000    0.0026   -0.0001
   4369.54    0.0000    0.0026   -0.0001
   4370.57    0.0000    0.0026   -0.0001
   4371.60    0.0000    0.0026   -0.0002
   4372.64    0.0000    0.0026   -0.0002
   4373.67    0.0000    0.0026   -0.0002
   4374.70    0.0000    0.0026   -0.0002
   4375.73    0.0000    0.0026   -0.0002
   4376.77    0.0000    0.0026   -0.0002
   4377.80    0.0000    0.0026   -0.0002
   4378.83    0.0000    0.0026   -0.0002
   4379.86    0.0000    0.0026   -0.0002
   4380.90    0.0000    0.0026   -0.0002
   4381.93    0.0000    0.0026   -0.0002
   4382.96    0.0000    0.0026   -0.0002
   4383.99    0.0000    0.0026   -0.0002
   4385.03    0.0000    0.0026   -0.0002
   4386.06    0.0000    0.0026   -0.0002
   4387.09    0.0000    0.0026   -0.0002
   4388.12    0.0000    0.0026   -0.0002
   4389.16    0.0000    0.0026   -0.0002
   4390.19    0.0000    0.0025   -0.0002
   4391.22    0.0000    0.0025   -0.0002
   4392.25    0.0000    0.0025   -0.0002
   4393.29    0.0000    0.0025   -0.0002
   4394.32    0.0000    0.0025   -0.0002
   4395.35    0.0000    0.0025   -0.0002
   4396.38    0.0000    0.0025   -0.0002
   4397.42    0.0000    0.0025   -0.0002
   4398.45    0.0000    0.0025   -0.0002
   4399.48    0.0000    0.0025   -0.0002
   4400.51    0.0000    0.0025   -0.0002
   4401.55    0.0000    0.0025   -0.0002
   4402.58    0.0000    0.0025   -0.0002
   4403.61    0.0000    0.0025   -0.0002
   4404.64    0.0000    0.0025   -0.0002
   4405.68    0.0000    0.0025   -0.0002
   4406.71    0.0000    0.0025   -0.0002
   4407.74    0.0000    0.0025   -0.0002
   4408.77    0.0000    0.0025   -0.0002
   4409.81    0.0000    0.0025   -0.0002
   4410.84    0.0000    0.0025   -0.0002
   4411.87    0.0000    0.0025   -0.0002
   4412.90    0.0000    0.0025   -0.0002
   4413.94    0.0000    0.0025   -0.0002
   4414.97    0.0000    0.0025   -0.0002
   4416.00    0.0000    0.0025   -0.0002
   4417.03    0.0000    0.0025   -0.0002
   4418.07    0.0000    0.0025   -0.0002
   4419.10    0.0000    0.0025   -0.0002
   4420.13    0.0000    0.0025   -0.0002
   4421.16    0.0000    0.0025   -0.0002
   4422.20    0.0000    0.0025   -0.0002
   4423.23    0.0000    0.0025   -0.0002
   4424.26    0.0000    0.0025   -0.0002
   4425.29    0.0000    0.0025   -0.0002
   4426.33    0.0000    0.0025   -0.0002
   4427.36    0.0000    0.0025   -0.0002
   4428.39    0.0000    0.0025   -0.0002
   4429.42    0.0000    0.0025   -0.0002
   4430.46    0.0000    0.0025   -0.0002
   4431.49    0.0000    0.0025   -0.0002
   4432.52    0.0000    0.0025   -0.0002
   4433.55    0.0000    0.0025   -0.0002
   4434.59    0.0000    0.0025   -0.0002
   4435.62    0.0000    0.0025   -0.0002
   4436.65    0.0000    0.0025   -0.0002
   4437.68    0.0000    0.0025   -0.0002
   4438.72    0.0000    0.0025   -0.0002
   4439.75    0.0000    0.0025   -0.0003
   4440.78    0.0000    0.0025   -0.0003
   4441.81    0.0000    0.0025   -0.0003
   4442.85    0.0000    0.0025   -0.0003
   4443.88    0.0000    0.0025   -0.0003
   4444.91    0.0000    0.0025   -0.0003
   4445.94    0.0000    0.0025   -0.0003
   4446.98    0.0000    0.0025   -0.0003
   4448.01    0.0000    0.0024   -0.0003
   4449.04    0.0000    0.0024   -0.0003
   4450.07    0.0000    0.0024   -0.0003
   4451.11    0.0000    0.0024   -0.0003
   4452.14    0.0000    0.0024   -0.0003
   4453.17    0.0000    0.0024   -0.0003
   4454.20    0.0000    0.0024   -0.0003
   4455.24    0.0000    0.0024   -0.0003
   4456.27    0.0000    0.0024   -0.0003
   4457.30    0.0000    0.0024   -0.0003
   4458.33    0.0000    0.0024   -0.0003
   4459.37    0.0000    0.0024   -0.0003
   4460.40    0.0000    0.0024   -0.0003
   4461.43    0.0000    0.0024   -0.0003
   4462.46    0.0000    0.0024   -0.0003
   4463.50    0.0000    0.0024   -0.0003
   4464.53    0.0000    0.0024   -0.0003
   4465.56    0.0000    0.0024   -0.0003
   4466.59    0.0000    0.0024   -0.0003
   4467.63    0.0000    0.0024   -0.0003
   4468.66    0.0000    0.0024   -0.0003
   4469.69    0.0000    0.0024   -0.0003
   4470.72    0.0000    0.0024   -0.0003
   4471.76    0.0000    0.0024   -0.0003
   4472.79    0.0000    0.0024   -0.0003
   4473.82    0.0000    0.0024   -0.0003
   4474.85    0.0000    0.0024   -0.0003
   4475.89    0.0000    0.0024   -0.0003
   4476.92    0.0000    0.0024   -0.0003
   4477.95    0.0000    0.0024   -0.0003
   4478.98    0.0000    0.0024   -0.0003
   4480.02    0.0000    0.0024   -0.0003
   4481.05    0.0000    0.0024   -0.0003
   4482.08    0.0000    0.0024   -0.0003
   4483.11    0.0000    0.0024   -0.0003
   4484.15    0.0000    0.0024   -0.0003
   4485.18    0.0000    0.0024   -0.0003
   4486.21    0.0000    0.0024   -0.0003
   4487.24    0.0000    0.0024   -0.0003
   4488.28    0.0000    0.0024   -0.0003
   4489.31    0.0000    0.0024   -0.0003
   4490.34    0.0000    0.0024   -0.0003
   4491.37    0.0000    0.0024   -0.0003
   4492.41    0.0000    0.0024   -0.0003
   4493.44    0.0000    0.0024   -0.0003
   4494.47    0.0000    0.0023   -0.0003
   4495.50    0.0000    0.0023   -0.0003
   4496.54    0.0000    0.0023   -0.0003
   4497.57    0.0000    0.0023   -0.0003
   4498.60    0.0000    0.0023   -0.0003
   4499.63    0.0000    0.0023   -0.0003
   4500.67    0.0000    0.0023   -0.0003
   4501.70    0.0000    0.0023   -0.0003
   4502.73    0.0000    0.0023   -0.0003
   4503.76    0.0000    0.0023   -0.0003
   4504.80    0.0000    0.0023   -0.0003
   4505.83    0.0000    0.0023   -0.0003
   4506.86    0.0000    0.0023   -0.0003
   4507.89    0.0000    0.0023   -0.0003
   4508.93    0.0000    0.0023   -0.0003
   4509.96    0.0000    0.0023   -0.0003
   4510.99    0.0000    0.0023   -0.0003
   4512.02    0.0000    0.0023   -0.0003
   4513.06    0.0000    0.0023   -0.0003
   4514.09    0.0000    0.0023   -0.0003
   4515.12    0.0000    0.0023   -0.0003
   4516.15    0.0000    0.0023   -0.0003
   4517.19    0.0000    0.0023   -0.0003
   4518.22    0.0000    0.0023   -0.0003
   4519.25    0.0000    0.0023   -0.0003
   4520.28    0.0000    0.0023   -0.0003
   4521.32    0.0000    0.0023   -0.0003
   4522.35    0.0000    0.0023   -0.0003
   4523.38    0.0000    0.0023   -0.0003
   4524.41    0.0000    0.0023   -0.0003
   4525.45    0.0000    0.0023   -0.0003
   4526.48    0.0000    0.0023   -0.0003
   4527.51    0.0000    0.0023   -0.0003
   4528.54    0.0000    0.0023   -0.0003
   4529.58    0.0000    0.0023   -0.0003
   4530.61    0.0000    0.0023   -0.0003
   4531.64    0.0000    0.0023   -0.0003
   4532.67    0.0000    0.0023   -0.0003
   4533.71    0.0000    0.0023   -0.0003
   4534.74    0.0000    0.0023   -0.0003
   4535.77    0.0000    0.0023   -0.0003
   4536.80    0.0000    0.0022   -0.0003
   4537.84    0.0000    0.0022   -0.0003
   4538.87    0.0000    0.0022   -0.0003
   4539.90    0.0000    0.0022   -0.0003
   4540.93    0.0000    0.0022   -0.0003
   4541.97    0.0000    0.0022   -0.0003
   4543.00    0.0000    0.0022   -0.0003
   4544.03    0.0000    0.0022   -0.0003
   4545.06    0.0000    0.0022   -0.0003
   4546.10    0.0000    0.0022   -0.0003
   4547.13    0.0000    0.0022   -0.0003
   4548.16    0.0000    0.0022   -0.0003
   4549.19    0.0000    0.0022   -0.0003
   4550.23    0.0000    0.0022   -0.0003
   4551.26    0.0000    0.0022   -0.0003
   4552.29    0.0000    0.0022   -0.0003
   4553.32    0.0000    0.0022   -0.0003
   4554.36    0.0000    0.0022   -0.0003
   4555.39    0.0000    0.0022   -0.0003
   4556.42    0.0000    0.0022   -0.0003
   4557.45    0.0000    0.0022   -0.0003
   4558.49    0.0000    0.0022   -0.0003
   4559.52    0.0000    0.0022   -0.0003
   4560.55    0.0000    0.0022   -0.0003
   4561.58    0.0000    0.0022   -0.0003
   4562.62    0.0000    0.0022   -0.0003
   4563.65    0.0000    0.0021   -0.0003
   4564.68    0.0000    0.0021   -0.0003
   4565.71    0.0000    0.0021   -0.0003
   4566.75    0.0000    0.0021   -0.0003
   4567.78    0.0000    0.0021   -0.0003
   4568.81    0.0000    0.0021   -0.0003
   4569.84    0.0000    0.0021   -0.0003
   4570.88    0.0000    0.0021   -0.0003
   4571.91    0.0000    0.0021   -0.0003
   4572.94    0.0000    0.0021   -0.0003
   4573.97    0.0000    0.0021   -0.0003
   4575.01    0.0000    0.0021   -0.0003
   4576.04    0.0000    0.0021   -0.0003
   4577.07    0.0000    0.0021   -0.0003
   4578.10    0.0000    0.0021   -0.0003
   4579.14    0.0000    0.0021   -0.0003
   4580.17    0.0000    0.0020   -0.0003
   4581.20    0.0000    0.0020   -0.0003
   4582.23    0.0000    0.0020   -0.0003
   4583.27    0.0000    0.0020   -0.0003
   4584.30    0.0000    0.0020   -0.0003
   4585.33    0.0000    0.0020   -0.0003
   4586.36    0.0000    0.0020   -0.0003
   4587.40    0.0000    0.0020   -0.0003
   4588.43    0.0000    0.0020   -0.0003
   4589.46    0.0000    0.0020   -0.0003
   4590.49    0.0000    0.0020   -0.0003
   4591.53    0.0000    0.0020   -0.0003
   4592.56    0.0000    0.0019   -0.0003
   4593.59    0.0000    0.0019   -0.0003
   4594.62    0.0000    0.0019   -0.0003
   4595.66    0.0000    0.0019   -0.0003
   4596.69    0.0000    0.0019   -0.0003
   4597.72    0.0000    0.0019   -0.0003
   4598.75    0.0000    0.0019   -0.0003
   4599.79    0.0000    0.0019   -0.0003
   4600.82    0.0000    0.0019   -0.0003
   4601.85    0.0000    0.0018   -0.0003
   4602.88    0.0000    0.0018   -0.0003
   4603.92    0.0000    0.0018   -0.0003
   4604.95    0.0000    0.0018   -0.0003
   4605.98    0.0000    0.0018   -0.0003
   4607.01    0.0000    0.0018   -0.0003
   4608.05    0.0000    0.0018   -0.0003
   4609.08    0.0000    0.0018   -0.0003
   4610.11    0.0000    0.0017   -0.0003
   4611.14    0.0000    0.0017   -0.0003
   4612.18    0.0000    0.0017   -0.0003
   4613.21    0.0000    0.0017   -0.0003
   4614.24    0.0000    0.0017   -0.0003
   4615.27    0.0000    0.0017   -0.0002
   4616.31    0.0000    0.0016   -0.0002
   4617.34    0.0000    0.0016   -0.0002
   4618.37    0.0000    0.0016   -0.0002
   4619.40    0.0000    0.0016   -0.0002
   4620.44    0.0000    0.0016   -0.0002
   4621.47    0.0000    0.0016   -0.0002
   4622.50    0.0000    0.0015   -0.0002
   4623.53    0.0000    0.0015   -0.0002
   4624.57    0.0000    0.0015   -0.0002
   4625.60    0.0000    0.0015   -0.0002
   4626.63    0.0000    0.0015   -0.0002
   4627.66    0.0000    0.0015   -0.0002
   4628.70    0.0000    0.0014   -0.0002
   4629.73    0.0000    0.0014   -0.0001
   4630.76    0.0000    0.0014   -0.0001
   4631.79    0.0000    0.0014   -0.0001
   4632.83    0.0000    0.0014   -0.0001
   4633.86    0.0000    0.0013   -0.0001
   4634.89    0.0000    0.0013   -0.0001
   4635.92    0.0000    0.0013   -0.0001
   4636.96    0.0000    0.0013   -0.0001
   4637.99    0.0000    0.0013   -0.0001
   4639.02    0.0000    0.0012   -0.0001
   4640.05    0.0000    0.0012   -0.0000
   4641.09    0.0000    0.0012   -0.0000
   4642.12    0.0000    0.0012   -0.0000
   4643.15    0.0000    0.0012   -0.0000
   4644.18    0.0000    0.0012    0.0000
   4645.22    0.0000    0.0011    0.0000
   4646.25    0.0000    0.0011    0.0000
   4647.28    0.0000    0.0011    0.0000
   4648.31    0.0000    0.0011    0.0000
   4649.35    0.0000    0.0011    0.0001
   4650.38    0.0000    0.0011    0.0001
   4651.41    0.0000    0.0010    0.0001
   4652.44    0.0000    0.0010    0.0001
   4653.48    0.0000    0.0010    0.0001
   4654.51    0.0000    0.0010    0.0001
   4655.54    0.0000    0.0010    0.0001
   4656.57    0.0000    0.0010    0.0001
   4657.61    0.0000    0.0010    0.0001
   4658.64    0.0000    0.0010    0.0001
   4659.67    0.0000    0.0010    0.0001
   4660.70    0.0000    0.0009    0.0002
   4661.74    0.0000    0.0009    0.0002
   4662.77    0.0000    0.0009    0.0002
   4663.80    0.0000    0.0009    0.0002
   4664.83    0.0000    0.0009    0.0002
   4665.87    0.0000    0.0009    0.0002
   4666.90    0.0000    0.0009    0.0002
   4667.93    0.0000    0.0009    0.0002
   4668.96    0.0000    0.0009    0.0002
   4670.00    0.0000    0.0009    0.0002
   4671.03    0.0000    0.0009    0.0002
   4672.06    0.0000    0.0009    0.0001
   4673.09    0.0000    0.0009    0.0001
   4674.13    0.0000    0.0010    0.0001
   4675.16    0.0000    0.0010    0.0001
   4676.19    0.0000    0.0010    0.0001
   4677.22    0.0000    0.0010    0.0001
   4678.26    0.0000    0.0010    0.0001
   4679.29    0.0000    0.0010    0.0001
   4680.32    0.0000    0.0010    0.0000
   4681.35    0.0000    0.0010    0.0000
   4682.39    0.0000    0.0011   -0.0000
   4683.42    0.0000    0.0011   -0.0000
   4684.45    0.0000    0.0011   -0.0001
   4685.48    0.0000    0.0011   -0.0001
   4686.52    0.0000    0.0012   -0.0001
   4687.55    0.0000    0.0012   -0.0001
   4688.58    0.0000    0.0012   -0.0002
   4689.61    0.0000    0.0012   -0.0002
   4690.65    0.0000    0.0013   -0.0002
   4691.68    0.0000    0.0013   -0.0003
   4692.71    0.0000    0.0013   -0.0003
   4693.74    0.0000    0.0013   -0.0004
   4694.78    0.0000    0.0014   -0.0004
   4695.81    0.0000    0.0014   -0.0004
   4696.84    0.0000    0.0014   -0.0005
   4697.87    0.0000    0.0015   -0.0005
   4698.91    0.0000    0.0015   -0.0006
   4699.94    0.0000    0.0015   -0.0006
   4700.97    0.0000    0.0015   -0.0006
   4702.00    0.0000    0.0016   -0.0007
   4703.04    0.0000    0.0016   -0.0007
   4704.07    0.0000    0.0016   -0.0007
   4705.10    0.0000    0.0016   -0.0008
   4706.13    0.0000    0.0017   -0.0008
   4707.17    0.0000    0.0017   -0.0008
   4708.20    0.0000    0.0017   -0.0008
   4709.23    0.0000    0.0017   -0.0009
   4710.26    0.0000    0.0017   -0.0009
   4711.30    0.0000    0.0017   -0.0009
   4712.33    0.0000    0.0017   -0.0009
   4713.36    0.0000    0.0017   -0.0009
   4714.39    0.0000    0.0017   -0.0009
   4715.43    0.0000    0.0017   -0.0009
   4716.46    0.0000    0.0017   -0.0009
   4717.49    0.0000    0.0017   -0.0009
   4718.52    0.0000    0.0017   -0.0008
   4719.56    0.0000    0.0017   -0.0008
   4720.59    0.0000    0.0017   -0.0008
   4721.62    0.0000    0.0017   -0.0007
   4722.65    0.0000    0.0017   -0.0007
   4723.69    0.0000    0.0016   -0.0006
   4724.72    0.0000    0.0016   -0.0006
   4725.75    0.0000    0.0016   -0.0005
   4726.78    0.0000    0.0016   -0.0005
   4727.82    0.0000    0.0015   -0.0004
   4728.85    0.0000    0.0015   -0.0003
   4729.88    0.0000    0.0015   -0.0003
   4730.91    0.0000    0.0014   -0.0002
   4731.95    0.0000    0.0014   -0.0001
   4732.98    0.0000    0.0014   -0.0001
   4734.01    0.0000    0.0013   -0.0000
   4735.04    0.0000    0.0013    0.0000
   4736.08    0.0000    0.0013    0.0001
   4737.11    0.0000    0.0013    0.0001
   4738.14    0.0000    0.0012    0.0002
   4739.17    0.0000    0.0012    0.0002
   4740.21    0.0000    0.0012    0.0002
   4741.24    0.0000    0.0012    0.0002
   4742.27    0.0000    0.0012    0.0002
   4743.30    0.0000    0.0012    0.0002
   4744.34    0.0000    0.0012    0.0002
   4745.37    0.0000    0.0012    0.0002
   4746.40    0.0000    0.0012    0.0002
   4747.43    0.0000    0.0012    0.0001
   4748.47    0.0000    0.0012    0.0000
   4749.50    0.0000    0.0013   -0.0000
   4750.53    0.0000    0.0013   -0.0001
   4751.56    0.0000    0.0013   -0.0002
   4752.60    0.0000    0.0014   -0.0003
   4753.63    0.0000    0.0014   -0.0004
   4754.66    0.0000    0.0014   -0.0004
   4755.69    0.0000    0.0015   -0.0005
   4756.73    0.0000    0.0015   -0.0006
   4757.76    0.0000    0.0015   -0.0007
   4758.79    0.0000    0.0016   -0.0008
   4759.82    0.0000    0.0016   -0.0008
   4760.86    0.0000    0.0016   -0.0009
   4761.89    0.0000    0.0016   -0.0009
   4762.92    0.0000    0.0017   -0.0009
   4763.95    0.0000    0.0017   -0.0009
   4764.99    0.0000    0.0017   -0.0009
   4766.02    0.0000    0.0017   -0.0009
   4767.05    0.0000    0.0016   -0.0008
   4768.08    0.0000    0.0016   -0.0007
   4769.12    0.0000    0.0016   -0.0006
   4770.15    0.0000    0.0015   -0.0005
   4771.18    0.0000    0.0015   -0.0004
   4772.21    0.0000    0.0015   -0.0003
   4773.25    0.0000    0.0014   -0.0002
   4774.28    0.0000    0.0014   -0.0001
   4775.31    0.0000    0.0013    0.0000
   4776.34    0.0000    0.0013    0.0001
   4777.38    0.0000    0.0013    0.0002
   4778.41    0.0000    0.0012    0.0002
   4779.44    0.0000    0.0012    0.0002
   4780.47    0.0000    0.0012    0.0002
   4781.51    0.0000    0.0012    0.0002
   4782.54    0.0000    0.0012    0.0001
   4783.57    0.0000    0.0013    0.0000
   4784.60    0.0000    0.0013   -0.0001
   4785.64    0.0000    0.0013   -0.0002
   4786.67    0.0000    0.0014   -0.0003
   4787.70    0.0000    0.0014   -0.0005
   4788.73    0.0000    0.0015   -0.0006
   4789.77    0.0000    0.0015   -0.0007
   4790.80    0.0000    0.0016   -0.0008
   4791.83    0.0000    0.0016   -0.0009
   4792.86    0.0000    0.0017   -0.0009
   4793.90    0.0000    0.0017   -0.0009
   4794.93    0.0000    0.0017   -0.0009
   4795.96    0.0000    0.0016   -0.0008
   4796.99    0.0000    0.0016   -0.0007
   4798.03    0.0000    0.0016   -0.0006
   4799.06    0.0000    0.0015   -0.0004
   4800.09    0.0000    0.0014   -0.0003
   4801.12    0.0000    0.0014   -0.0001
   4802.16    0.0000    0.0013    0.0000
   4803.19    0.0000    0.0012    0.0001
   4804.22    0.0000    0.0012    0.0002
   4805.25    0.0000    0.0012    0.0002
   4806.29    0.0000    0.0012    0.0002
   4807.32    0.0000    0.0012    0.0001
   4808.35    0.0000    0.0012    0.0000
   4809.38    0.0000    0.0013   -0.0001
   4810.42    0.0000    0.0014   -0.0003
   4811.45    0.0000    0.0015   -0.0005
   4812.48    0.0000    0.0015   -0.0007
   4813.51    0.0000    0.0016   -0.0008
   4814.55    0.0000    0.0017   -0.0009
   4815.58    0.0000    0.0017   -0.0009
   4816.61    0.0000    0.0017   -0.0009
   4817.64    0.0000    0.0017   -0.0008
   4818.68    0.0000    0.0016   -0.0007
   4819.71    0.0000    0.0015   -0.0005
   4820.74    0.0000    0.0014   -0.0003
   4821.77    0.0000    0.0013   -0.0001
   4822.81    0.0000    0.0013    0.0001
   4823.84    0.0000    0.0012    0.0002
   4824.87    0.0000    0.0012    0.0002
   4825.90    0.0000    0.0012    0.0002
   4826.94    0.0000    0.0012    0.0001
   4827.97    0.0000    0.0013   -0.0001
   4829.00    0.0000    0.0014   -0.0003
   4830.03    0.0000    0.0015   -0.0005
   4831.07    0.0000    0.0016   -0.0007
   4832.10    0.0000    0.0017   -0.0009
   4833.13    0.0000    0.0017   -0.0009
   4834.16    0.0000    0.0017   -0.0009
   4835.20    0.0000    0.0017   -0.0009
   4836.23    0.0000    0.0016   -0.0007
   4837.26    0.0000    0.0015   -0.0005
   4838.29    0.0000    0.0014   -0.0002
   4839.33    0.0000    0.0013   -0.0000
   4840.36    0.0000    0.0012    0.0002
   4841.39    0.0000    0.0011    0.0002
   4842.42    0.0000    0.0011    0.0002
   4843.46    0.0000    0.0012    0.0001
   4844.49    0.0000    0.0013   -0.0001
   4845.52    0.0000    0.0014   -0.0004
   4846.55    0.0000    0.0015   -0.0006
   4847.59    0.0000    0.0017   -0.0008
   4848.62    0.0000    0.0017   -0.0010
   4849.65    0.0000    0.0018   -0.0010
   4850.68    0.0000    0.0017   -0.0008
   4851.72    0.0000    0.0016   -0.0006
   4852.75    0.0000    0.0015   -0.0004
   4853.78    0.0000    0.0013   -0.0001
   4854.81    0.0000    0.0012    0.0001
   4855.85    0.0000    0.0011    0.0002
   4856.88    0.0000    0.0009    0.0003
   4857.91    0.0000    0.0008    0.0004
   4858.94    0.0000    0.0007    0.0005
   4859.98    0.0000    0.0005    0.0006
   4861.01    0.0000    0.0003    0.0007
   4862.04    0.0000    0.0002    0.0008
   4863.07    0.0000   -0.0000    0.0008
   4864.11    0.0000   -0.0002    0.0009
   4865.14    0.0000   -0.0004    0.0009
   4866.17    0.0000   -0.0005    0.0009
   4867.20    0.0000   -0.0007    0.0010
   4868.24    0.0000   -0.0009    0.0009
   4869.27    0.0000   -0.0010    0.0009
   4870.30    0.0000   -0.0011    0.0009
   4871.33    0.0000   -0.0012    0.0009
   4872.37    0.0000   -0.0013    0.0008
   4873.40    0.0000   -0.0014    0.0007
   4874.43    0.0000   -0.0015    0.0006
   4875.46    0.0000   -0.0015    0.0006
   4876.50    0.0000   -0.0015    0.0005
   4877.53    0.0000   -0.0015    0.0003
   4878.56    0.0000   -0.0015    0.0002
   4879.59    0.0000   -0.0014    0.0001
   4880.63    0.0000   -0.0013   -0.0000
   4881.66    0.0000   -0.0012   -0.0001
   4882.69    0.0000   -0.0011   -0.0003
   4883.72    0.0000   -0.0009   -0.0004
   4884.76    0.0000   -0.0007   -0.0005
   4885.79    0.0000   -0.0005   -0.0006
   4886.82    0.0000   -0.0004   -0.0007
   4887.85    0.0000   -0.0001   -0.0008
   4888.89    0.0000    0.0001   -0.0008
   4889.92    0.0000    0.0003   -0.0009
   4890.95    0.0000    0.0005   -0.0009
   4891.98    0.0000    0.0007   -0.0009
   4893.02    0.0000    0.0008   -0.0009
   4894.05    0.0000    0.0010   -0.0009
   4895.08    0.0000    0.0012   -0.0009
   4896.11    0.0000    0.0013   -0.0008
   4897.15    0.0000    0.0014   -0.0008
   4898.18    0.0000    0.0015   -0.0007
   4899.21    0.0000    0.0015   -0.0006
   4900.24    0.0000    0.0015   -0.0005
   4901.28    0.0000    0.0015   -0.0003
   4902.31    0.0000    0.0015   -0.0002
   4903.34    0.0000    0.0014   -0.0001
   4904.37    0.0000    0.0013    0.0001
   4905.41    0.0000    0.0012    0.0002
   4906.44    0.0000    0.0010    0.0003
   4907.47    0.0000    0.0008    0.0004
   4908.50    0.0000    0.0006    0.0006
   4909.54    0.0000    0.0004    0.0007
   4910.57    0.0000    0.0002    0.0008
   4911.60    0.0000   -0.0000    0.0008
   4912.63    0.0000   -0.0002    0.0009
   4913.67    0.0000   -0.0005    0.0009
   4914.70    0.0000   -0.0007    0.0009
   4915.73    0.0000   -0.0009    0.0009
   4916.76    0.0000   -0.0010    0.0009
   4917.80    0.0000   -0.0012    0.0009
   4918.83    0.0000   -0.0013    0.0008
   4919.86    0.0000   -0.0014    0.0007
   4920.89    0.0000   -0.0014    0.0005
   4921.93    0.0000   -0.0012    0.0001
   4922.96    0.0000   -0.0010   -0.0003
   4923.99    0.0000   -0.0007   -0.0006
   4925.02    0.0000   -0.0004   -0.0009
   4926.06    0.0000   -0.0002   -0.0010
   4927.09    0.0000   -0.0002   -0.0008
   4928.12    0.0000   -0.0002   -0.0006
   4929.15    0.0000   -0.0004   -0.0002
   4930.19    0.0000   -0.0006    0.0002
   4931.22    0.0000   -0.0009    0.0005
   4932.25    0.0000   -0.0012    0.0008
   4933.28    0.0000   -0.0014    0.0009
   4934.32    0.0000   -0.0015    0.0008
   4935.35    0.0000   -0.0014    0.0006
   4936.38    0.0000   -0.0013    0.0002
   4937.41    0.0000   -0.0011   -0.0002
   4938.45    0.0000   -0.0008   -0.0006
   4939.48    0.0000   -0.0005   -0.0009
   4940.51    0.0000   -0.0003   -0.0010
   4941.54    0.0000   -0.0001   -0.0011
   4942.58    0.0000   -0.0001   -0.0009
   4943.61    0.0000   -0.0001   -0.0006
   4944.64    0.0000   -0.0003   -0.0003
   4945.67    0.0000   -0.0005    0.0001
   4946.71    0.0000   -0.0008    0.0005
   4947.74    0.0000   -0.0011    0.0008
   4948.77    0.0000   -0.0013    0.0010
   4949.80    0.0000   -0.0015    0.0010
   4950.84    0.0000   -0.0016    0.0009
   4951.87    0.0000   -0.0015    0.0007
   4952.90    0.0000   -0.0014    0.0003
   4953.93    0.0000   -0.0012   -0.0000
   4954.97    0.0000   -0.0009   -0.0004
   4956.00    0.0000   -0.0007   -0.0008
   4957.03    0.0000   -0.0004   -0.0011
   4958.06    0.0000   -0.0002   -0.0012
   4959.10    0.0000   -0.0000   -0.0012
   4960.13    0.0000    0.0001   -0.0011
   4961.16    0.0000    0.0001   -0.0009
   4962.19    0.0000   -0.0000   -0.0006
   4963.23    0.0000   -0.0002   -0.0002
   4964.26    0.0000   -0.0004    0.0002
   4965.29    0.0000   -0.0007    0.0006
   4966.32    0.0000   -0.0010    0.0009
   4967.36    0.0000   -0.0012    0.0011
   4968.39    0.0000   -0.0014    0.0013
   4969.42    0.0000   -0.0016    0.0013
   4970.45    0.0000   -0.0016    0.0012
   4971.49    0.0000   -0.0016    0.0010
   4972.52    0.0000   -0.0016    0.0007
   4973.55    0.0000   -0.0014    0.0004
   4974.58    0.0000   -0.0013   -0.0000
   4975.62    0.0000   -0.0010   -0.0004
   4976.65    0.0000   -0.0008   -0.0008
   4977.68    0.0000   -0.0005   -0.0011
   4978.71    0.0000   -0.0003   -0.0013
   4979.75    0.0000   -0.0001   -0.0015
   4980.78    0.0000    0.0001   -0.0015
   4981.81    0.0000    0.0002   -0.0015
   4982.84    0.0000    0.0003   -0.0014
   4983.88    0.0000    0.0003   -0.0011
   4984.91    0.0000    0.0002   -0.0009
   4985.94    0.0000    0.0001   -0.0005
   4986.97    0.0000   -0.0001   -0.0002
   4988.01    0.0000   -0.0003    0.0002
   4989.04    0.0000   -0.0005    0.0006
   4990.07    0.0000   -0.0007    0.0009
   4991.10    0.0000   -0.0009    0.0012
   4992.14    0.0000   -0.0011    0.0014
   4993.17    0.0000   -0.0013    0.0016
   4994.20    0.0000   -0.0015    0.0017
   4995.23    0.0000   -0.0016    0.0017
   4996.27    0.0000   -0.0017    0.0017
   4997.30    0.0000   -0.0017    0.0015
   4998.33    0.0000   -0.0017    0.0013
   4999.36    0.0000   -0.0017    0.0011
   5000.40    0.0000   -0.0016    0.0008
   5001.43    0.0000   -0.0015    0.0004
   5002.46    0.0000   -0.0013    0.0001
   5003.49    0.0000   -0.0012   -0.0003
   5004.53    0.0000   -0.0010   -0.0006
   5005.56    0.0000   -0.0008   -0.0009
   5006.59    0.0000   -0.0006   -0.0012
   5007.62    0.0000   -0.0004   -0.0015
   5008.66    0.0000   -0.0002   -0.0017
   5009.69    0.0000   -0.0000   -0.0019
   5010.72    0.0000    0.0002   -0.0020
   5011.75    0.0000    0.0003   -0.0020
   5012.79    0.0000    0.0004   -0.0020
   5013.82    0.0000    0.0005   -0.0019
   5014.85    0.0000    0.0005   -0.0018
   5015.88    0.0000    0.0005   -0.0016
   5016.92    0.0000    0.0005   -0.0014
   5017.95    0.0000    0.0005   -0.0012
   5018.98    0.0000    0.0004   -0.0009
   5020.01    0.0000    0.0003   -0.0006
   5021.05    0.0000    0.0002   -0.0003
   5022.08    0.0000    0.0001    0.0001
   5023.11    0.0000   -0.0000    0.0004
   5024.14    0.0000   -0.0002    0.0007
   5025.18    0.0000   -0.0003    0.0010
   5026.21    0.0000   -0.0005    0.0013
   5027.24    0.0000   -0.0007    0.0016
   5028.27    0.0000   -0.0008    0.0018
   5029.31    0.0000   -0.0010    0.0020
   5030.34    0.0000   -0.0011    0.0021
   5031.37    0.0000   -0.0012    0.0023
   5032.40    0.0000   -0.0013    0.0024
   5033.44    0.0000   -0.0015    0.0024
   5034.47    0.0000   -0.0015    0.0024
   5035.50    0.0000   -0.0016    0.0024
   5036.53    0.0000   -0.0017    0.0023
   5037.57    0.0000   -0.0017    0.0022
   5038.60    0.0000   -0.0017    0.0021
   5039.63    0.0000   -0.0017    0.0019
   5040.66    0.0000   -0.0017    0.0017
   5041.70    0.0000   -0.0017    0.0015
   5042.73    0.0000   -0.0016    0.0012
   5043.76    0.0000   -0.0016    0.0010
   5044.79    0.0000   -0.0015    0.0007
   5045.83    0.0000   -0.0014    0.0005
   5046.86    0.0000   -0.0013    0.0002
   5047.89    0.0000   -0.0012   -0.0001
   5048.92    0.0000   -0.0011   -0.0004
   5049.96    0.0000   -0.0010   -0.0006
   5050.99    0.0000   -0.0009   -0.0009
   5052.02    0.0000   -0.0008   -0.0011
   5053.05    0.0000   -0.0007   -0.0014
   5054.09    0.0000   -0.0005   -0.0016
   5055.12    0.0000   -0.0004   -0.0018
   5056.15    0.0000   -0.0003   -0.0019
   5057.18    0.0000   -0.0002   -0.0021
   5058.22    0.0000   -0.0001   -0.0022
   5059.25    0.0000    0.0000   -0.0024
   5060.28    0.0000    0.0001   -0.0025
   5061.31    0.0000    0.0002   -0.0025
   5062.35    0.0000    0.0003   -0.0026
   5063.38    0.0000    0.0004   -0.0026
   5064.41    0.0000    0.0004   -0.0026
   5065.44    0.0000    0.0005   -0.0026
   5066.48    0.0000    0.0006   -0.0025
   5067.51    0.0000    0.0006   -0.0025
   5068.54    0.0000    0.0006   -0.0024
   5069.57    0.0000    0.0007   -0.0023
   5070.61    0.0000    0.0007   -0.0022
   5071.64    0.0000    0.0007   -0.0021
   5072.67    0.0000    0.0007   -0.0019
   5073.70    0.0000    0.0007   -0.0018
   5074.74    0.0000    0.0007   -0.0016
   5075.77    0.0000    0.0007   -0.0015
   5076.80    0.0000    0.0007   -0.0013
   5077.83    0.0000    0.0007   -0.0011
   5078.87    0.0000    0.0006   -0.0009
   5079.90    0.0000    0.0006   -0.0007
   5080.93    0.0000    0.0006   -0.0005
   5081.96    0.0000    0.0005   -0.0003
   5083.00    0.0000    0.0005   -0.0001
   5084.03    0.0000    0.0004    0.0001
   5085.06    0.0000    0.0004    0.0003
   5086.09    0.0000    0.0003    0.0005
   5087.13    0.0000    0.0002    0.0007
   5088.16    0.0000    0.0002    0.0009
   5089.19    0.0000    0.0001    0.0010
   5090.22    0.0000    0.0001    0.0012
   5091.26    0.0000   -0.0000    0.0014
   5092.29    0.0000   -0.0001    0.0016
   5093.32    0.0000   -0.0001    0.0017
   5094.35    0.0000   -0.0002    0.0019
   5095.39    0.0000   -0.0003    0.0020
   5096.42    0.0000   -0.0003    0.0021
   5097.45    0.0000   -0.0004    0.0022
   5098.48    0.0000   -0.0005    0.0024
   5099.52    0.0000   -0.0005    0.0025
   5100.55    0.0000   -0.0006    0.0025
   5101.58    0.0000   -0.0007    0.0026
   5102.61    0.0000   -0.0007    0.0027
   5103.65    0.0000   -0.0008    0.0028
   5104.68    0.0000   -0.0008    0.0028
   5105.71    0.0000   -0.0009    0.0029
   5106.74    0.0000   -0.0009    0.0029
   5107.78    0.0000   -0.0010    0.0029
   5108.81    0.0000   -0.0010    0.0029
   5109.84    0.0000   -0.0011    0.0029
   5110.87    0.0000   -0.0011    0.0029
   5111.91    0.0000   -0.0011    0.0029
   5112.94    0.0000   -0.0012    0.0029
   5113.97    0.0000   -0.0012    0.0029
   5115.00    0.0000   -0.0012    0.0029
   5116.04    0.0000   -0.0013    0.0028
   5117.07    0.0000   -0.0013    0.0028
   5118.10    0.0000   -0.0013    0.0027
   5119.13    0.0000   -0.0013    0.0027
   5120.17    0.0000   -0.0014    0.0026
   5121.20    0.0000   -0.0014    0.0026
   5122.23    0.0000   -0.0014    0.0025
   5123.26    0.0000   -0.0014    0.0024
   5124.30    0.0000   -0.0014    0.0023
   5125.33    0.0000   -0.0014    0.0022
   5126.36    0.0000   -0.0014    0.0021
   5127.39    0.0000   -0.0014    0.0020
   5128.43    0.0000   -0.0014    0.0019
   5129.46    0.0000   -0.0014    0.0018
   5130.49    0.0000   -0.0014    0.0017
   5131.52    0.0000   -0.0014    0.0016
   5132.56    0.0000   -0.0014    0.0015
   5133.59    0.0000   -0.0014    0.0014
   5134.62    0.0000   -0.0014    0.0013
   5135.65    0.0000   -0.0014    0.0012
   5136.69    0.0000   -0.0013    0.0011
   5137.72    0.0000   -0.0013    0.0010
   5138.75    0.0000   -0.0013    0.0009
   5139.78    0.0000   -0.0013    0.0007
   5140.82    0.0000   -0.0013    0.0006
   5141.85    0.0000   -0.0012    0.0005
   5142.88    0.0000   -0.0012    0.0004
   5143.91    0.0000   -0.0012    0.0003
   5144.95    0.0000   -0.0012    0.0002
   5145.98    0.0000   -0.0011    0.0001
   5147.01    0.0000   -0.0011   -0.0000
   5148.04    0.0000   -0.0011   -0.0001
   5149.08    0.0000   -0.0010   -0.0003
   5150.11    0.0000   -0.0010   -0.0004
   5151.14    0.0000   -0.0010   -0.0005
   5152.17    0.0000   -0.0009   -0.0006
   5153.21    0.0000   -0.0009   -0.0007
   5154.24    0.0000   -0.0009   -0.0008
   5155.27    0.0000   -0.0008   -0.0009
   5156.30    0.0000   -0.0008   -0.0009
   5157.34    0.0000   -0.0008   -0.0010
   5158.37    0.0000   -0.0007   -0.0011
   5159.40    0.0000   -0.0007   -0.0012
   5160.43    0.0000   -0.0007   -0.0013
   5161.47    0.0000   -0.0006   -0.0014
   5162.50    0.0000   -0.0006   -0.0014
   5163.53    0.0000   -0.0005   -0.0015
   5164.56    0.0000   -0.0005   -0.0016
   5165.60    0.0000   -0.0005   -0.0017
   5166.63    0.0000   -0.0004   -0.0017
   5167.66    0.0000   -0.0004   -0.0018
   5168.69    0.0000   -0.0004   -0.0018
   5169.73    0.0000   -0.0003   -0.0019
   5170.76    0.0000   -0.0003   -0.0019
   5171.79    0.0000   -0.0003   -0.0020
   5172.82    0.0000   -0.0002   -0.0020
   5173.86    0.0000   -0.0002   -0.0021
   5174.89    0.0000   -0.0002   -0.0021
   5175.92    0.0000   -0.0001   -0.0021
   5176.95    0.0000   -0.0001   -0.0021
   5177.99    0.0000   -0.0001   -0.0022
   5179.02    0.0000   -0.0000   -0.0022
   5180.05    0.0000   -0.0000   -0.0022
   5181.08    0.0000    0.0000   -0.0022
   5182.12    0.0000    0.0001   -0.0022
   5183.15    0.0000    0.0001   -0.0022
   5184.18    0.0000    0.0001   -0.0022
   5185.21    0.0000    0.0001   -0.0022
   5186.25    0.0000    0.0001   -0.0022
   5187.28    0.0000    0.0002   -0.0022
   5188.31    0.0000    0.0002   -0.0022
   5189.34    0.0000    0.0002   -0.0022
   5190.38    0.0000    0.0002   -0.0022
   5191.41    0.0000    0.0002   -0.0021
   5192.44    0.0000    0.0002   -0.0021
   5193.47    0.0000    0.0002   -0.0021
   5194.51    0.0000    0.0002   -0.0021
   5195.54    0.0000    0.0002   -0.0020
   5196.57    0.0000    0.0002   -0.0020
   5197.60    0.0000    0.0002   -0.0019
   5198.64    0.0000    0.0002   -0.0019
   5199.67    0.0000    0.0002   -0.0018
   5200.70    0.0000    0.0002   -0.0018
   5201.73    0.0000    0.0002   -0.0017
   5202.77    0.0000    0.0002   -0.0017
   5203.80    0.0000    0.0002   -0.0016
   5204.83    0.0000    0.0002   -0.0016
   5205.86    0.0000    0.0002   -0.0015
   5206.90    0.0000    0.0001   -0.0014
   5207.93    0.0000    0.0001   -0.0014
   5208.96    0.0000    0.0001   -0.0013
   5209.99    0.0000    0.0001   -0.0012
   5211.03    0.0000    0.0000   -0.0011
   5212.06    0.0000   -0.0000   -0.0011
   5213.09    0.0000   -0.0000   -0.0010
   5214.12    0.0000   -0.0001   -0.0009
   5215.16    0.0000   -0.0001   -0.0008
   5216.19    0.0000   -0.0002   -0.0008
   5217.22    0.0000   -0.0002   -0.0007
   5218.25    0.0000   -0.0003   -0.0006
   5219.29    0.0000   -0.0003   -0.0005
   5220.32    0.0000   -0.0004   -0.0005
   5221.35    0.0000   -0.0004   -0.0004
   5222.38    0.0000   -0.0005   -0.0003
   5223.42    0.0000   -0.0005   -0.0003
   5224.45    0.0000   -0.0006   -0.0002
   5225.48    0.0000   -0.0006   -0.0001
   5226.51    0.0000   -0.0007   -0.0001
   5227.55    0.0000   -0.0007   -0.0000
   5228.58    0.0000   -0.0008    0.0000
   5229.61    0.0000   -0.0008    0.0001
   5230.64    0.0000   -0.0009    0.0001
   5231.68    0.0000   -0.0010    0.0002
   5232.71    0.0000   -0.0010    0.0002
   5233.74    0.0000   -0.0011    0.0002
   5234.77    0.0000   -0.0011    0.0003
