     #Time      Norm      Real      Imag
   4497.57    0.0000   -0.0000    0.0001
   4498.60    0.0000   -0.0000    0.0003
   4499.63    0.0000   -0.0000    0.0005
   4500.67    0.0000    0.0000    0.0006
   4501.70    0.0000    0.0001    0.0008
   4502.73    0.0000    0.0002    0.0008
   4503.76    0.0000    0.0003    0.0008
   4504.80    0.0000    0.0004    0.0006
   4505.83    0.0000    0.0005    0.0004
   4506.86    0.0000    0.0005    0.0001
   4507.89    0.0000    0.0006   -0.0001
   4508.93    0.0000    0.0006   -0.0003
   4509.96    0.0000    0.0006   -0.0005
   4510.99    0.0000    0.0005   -0.0005
   4512.02    0.0000    0.0004   -0.0004
   4513.06    0.0000    0.0003   -0.0003
   4514.09    0.0000    0.0002   -0.0001
   4515.12    0.0000    0.0001    0.0001
   4516.15    0.0000    0.0000    0.0003
   4517.19    0.0000   -0.0001    0.0004
   4518.22    0.0000   -0.0001    0.0005
   4519.25    0.0000   -0.0001    0.0004
   4520.28    0.0000   -0.0000    0.0003
   4521.32    0.0000    0.0001    0.0001
   4522.35    0.0000    0.0002   -0.0000
   4523.38    0.0000    0.0003   -0.0002
   4524.41    0.0000    0.0003   -0.0002
   4525.45    0.0000    0.0004   -0.0002
   4526.48    0.0000    0.0004   -0.0001
   4527.51    0.0000    0.0003    0.0000
   4528.54    0.0000    0.0002    0.0002
   4529.58    0.0000    0.0001    0.0004
   4530.61    0.0000   -0.0000    0.0005
   4531.64    0.0000   -0.0001    0.0005
   4532.67    0.0000   -0.0002    0.0005
   4533.71    0.0000   -0.0002    0.0005
   4534.74    0.0000   -0.0001    0.0004
   4535.77    0.0000    0.0000    0.0003
   4536.80    0.0000    0.0002    0.0003
   4537.84    0.0000    0.0004    0.0003
   4538.87    0.0000    0.0006    0.0004
   4539.90    0.0000    0.0007    0.0005
   4540.93    0.0000    0.0007    0.0005
   4541.97    0.0000    0.0005    0.0006
   4543.00    0.0000    0.0003    0.0005
   4544.03    0.0000    0.0001    0.0005
   4545.06    0.0000   -0.0002    0.0003
   4546.10    0.0000   -0.0004    0.0002
   4547.13    0.0000   -0.0005    0.0002
   4548.16    0.0000   -0.0005    0.0002
   4549.19    0.0000   -0.0003    0.0003
   4550.23    0.0000   -0.0000    0.0005
   4551.26    0.0000    0.0003    0.0007
   4552.29    0.0000    0.0005    0.0009
   4553.32    0.0000    0.0006    0.0010
   4554.36    0.0000    0.0006    0.0009
   4555.39    0.0000    0.0003    0.0006
   4556.42    0.0000   -0.0000    0.0003
   4557.45    0.0000   -0.0004    0.0000
   4558.49    0.0000   -0.0007   -0.0002
   4559.52    0.0000   -0.0008   -0.0002
   4560.55    0.0000   -0.0007   -0.0001
   4561.58    0.0000   -0.0004    0.0001
   4562.62    0.0000   -0.0001    0.0003
   4563.65    0.0000    0.0002    0.0004
   4564.68    0.0000    0.0003    0.0003
   4565.71    0.0000    0.0003    0.0000
   4566.75    0.0000    0.0001   -0.0004
   4567.78    0.0000   -0.0001   -0.0007
   4568.81    0.0000   -0.0003   -0.0009
   4569.84    0.0000   -0.0003   -0.0007
   4570.88    0.0000   -0.0001   -0.0003
   4571.91    0.0000    0.0001    0.0002
   4572.94    0.0000    0.0003    0.0006
   4573.97    0.0000    0.0005    0.0009
   4575.01    0.0000    0.0004    0.0008
   4576.04    0.0000    0.0002    0.0005
   4577.07    0.0000   -0.0002    0.0001
   4578.10    0.0000   -0.0004   -0.0001
   4579.14    0.0000   -0.0005   -0.0001
   4580.17    0.0000   -0.0004    0.0002
   4581.20    0.0000   -0.0001    0.0006
   4582.23    0.0000    0.0002    0.0010
   4583.27    0.0000    0.0002    0.0010
   4584.30    0.0000    0.0002    0.0011
   4585.33    0.0000    0.0002    0.0012
   4586.36    0.0000    0.0002    0.0012
   4587.40    0.0000    0.0002    0.0013
   4588.43    0.0000    0.0002    0.0013
   4589.46    0.0000    0.0002    0.0013
   4590.49    0.0000    0.0002    0.0012
   4591.53    0.0000    0.0001    0.0012
   4592.56    0.0000    0.0001    0.0011
   4593.59    0.0000    0.0001    0.0011
   4594.62    0.0000    0.0001    0.0011
   4595.66    0.0000    0.0002    0.0011
   4596.69    0.0000    0.0003    0.0012
   4597.72    0.0000    0.0004    0.0012
   4598.75    0.0000    0.0004    0.0012
   4599.79    0.0000    0.0004    0.0012
   4600.82    0.0000    0.0004    0.0012
   4601.85    0.0000    0.0004    0.0013
   4602.88    0.0000    0.0004    0.0013
   4603.92    0.0000    0.0004    0.0013
   4604.95    0.0000    0.0004    0.0013
   4605.98    0.0000    0.0003    0.0013
   4607.01    0.0000    0.0003    0.0013
   4608.05    0.0000    0.0003    0.0013
   4609.08    0.0000    0.0003    0.0012
   4610.11    0.0000    0.0003    0.0012
   4611.14    0.0000    0.0003    0.0012
   4612.18    0.0000    0.0003    0.0011
   4613.21    0.0000    0.0003    0.0011
   4614.24    0.0000    0.0003    0.0011
   4615.27    0.0000    0.0003    0.0011
   4616.31    0.0000    0.0004    0.0011
   4617.34    0.0000    0.0004    0.0011
   4618.37    0.0000    0.0004    0.0011
   4619.40    0.0000    0.0003    0.0011
   4620.44    0.0000    0.0003    0.0011
   4621.47    0.0000    0.0003    0.0011
   4622.50    0.0000    0.0003    0.0011
   4623.53    0.0000    0.0002    0.0011
   4624.57    0.0000    0.0002    0.0011
   4625.60    0.0000    0.0002    0.0011
   4626.63    0.0000    0.0002    0.0011
   4627.66    0.0000    0.0002    0.0011
   4628.70    0.0000    0.0001    0.0011
   4629.73    0.0000    0.0001    0.0011
   4630.76    0.0000    0.0001    0.0010
   4631.79    0.0000    0.0000    0.0010
   4632.83    0.0000    0.0000    0.0009
   4633.86    0.0000    0.0000    0.0009
   4634.89    0.0000   -0.0000    0.0009
   4635.92    0.0000   -0.0000    0.0008
   4636.96    0.0000   -0.0000    0.0008
   4637.99    0.0000   -0.0000    0.0008
   4639.02    0.0000   -0.0000    0.0008
   4640.05    0.0000   -0.0000    0.0008
   4641.09    0.0000   -0.0000    0.0008
   4642.12    0.0000   -0.0000    0.0008
   4643.15    0.0000   -0.0000    0.0008
   4644.18    0.0000   -0.0000    0.0008
   4645.22    0.0000   -0.0000    0.0008
   4646.25    0.0000   -0.0001    0.0008
   4647.28    0.0000   -0.0001    0.0008
   4648.31    0.0000   -0.0001    0.0008
   4649.35    0.0000   -0.0001    0.0007
   4650.38    0.0000   -0.0002    0.0007
   4651.41    0.0000   -0.0002    0.0006
   4652.44    0.0000   -0.0002    0.0006
   4653.48    0.0000   -0.0003    0.0006
   4654.51    0.0000   -0.0003    0.0005
   4655.54    0.0000   -0.0003    0.0005
   4656.57    0.0000   -0.0004    0.0005
   4657.61    0.0000   -0.0004    0.0005
   4658.64    0.0000   -0.0004    0.0005
   4659.67    0.0000   -0.0005    0.0005
   4660.70    0.0000   -0.0005    0.0006
   4661.74    0.0000   -0.0006    0.0006
   4662.77    0.0000   -0.0006    0.0006
   4663.80    0.0000   -0.0006    0.0007
   4664.83    0.0000   -0.0007    0.0007
   4665.87    0.0000   -0.0007    0.0007
   4666.90    0.0000   -0.0008    0.0007
   4667.93    0.0000   -0.0009    0.0007
   4668.96    0.0000   -0.0009    0.0007
   4670.00    0.0000   -0.0010    0.0007
   4671.03    0.0000   -0.0011    0.0007
   4672.06    0.0000   -0.0011    0.0007
   4673.09    0.0000   -0.0012    0.0007
   4674.13    0.0000   -0.0012    0.0007
   4675.16    0.0000   -0.0012    0.0007
   4676.19    0.0000   -0.0012    0.0007
   4677.22    0.0000   -0.0012    0.0008
   4678.26    0.0000   -0.0012    0.0008
   4679.29    0.0000   -0.0012    0.0009
   4680.32    0.0000   -0.0011    0.0009
   4681.35    0.0000   -0.0011    0.0010
   4682.39    0.0000   -0.0011    0.0010
   4683.42    0.0000   -0.0011    0.0010
   4684.45    0.0000   -0.0010    0.0009
   4685.48    0.0000   -0.0010    0.0009
   4686.52    0.0000   -0.0010    0.0009
   4687.55    0.0000   -0.0010    0.0008
   4688.58    0.0000   -0.0010    0.0008
   4689.61    0.0000   -0.0010    0.0008
   4690.65    0.0000   -0.0010    0.0007
   4691.68    0.0000   -0.0010    0.0007
   4692.71    0.0000   -0.0009    0.0006
   4693.74    0.0000   -0.0009    0.0006
   4694.78    0.0000   -0.0009    0.0005
   4695.81    0.0000   -0.0010    0.0005
   4696.84    0.0000   -0.0010    0.0005
   4697.87    0.0000   -0.0010    0.0005
   4698.91    0.0000   -0.0010    0.0005
   4699.94    0.0000   -0.0010    0.0005
   4700.97    0.0000   -0.0010    0.0006
   4702.00    0.0000   -0.0010    0.0007
   4703.04    0.0000   -0.0011    0.0007
   4704.07    0.0000   -0.0011    0.0008
   4705.10    0.0000   -0.0011    0.0008
   4706.13    0.0000   -0.0011    0.0009
   4707.17    0.0000   -0.0012    0.0009
   4708.20    0.0000   -0.0012    0.0008
   4709.23    0.0000   -0.0012    0.0008
   4710.26    0.0000   -0.0012    0.0008
   4711.30    0.0000   -0.0012    0.0007
   4712.33    0.0000   -0.0011    0.0007
   4713.36    0.0000   -0.0011    0.0007
   4714.39    0.0000   -0.0010    0.0006
   4715.43    0.0000   -0.0010    0.0006
   4716.46    0.0000   -0.0009    0.0006
   4717.49    0.0000   -0.0009    0.0006
   4718.52    0.0000   -0.0009    0.0006
   4719.56    0.0000   -0.0009    0.0006
   4720.59    0.0000   -0.0009    0.0006
   4721.62    0.0000   -0.0009    0.0006
   4722.65    0.0000   -0.0010    0.0006
   4723.69    0.0000   -0.0010    0.0006
   4724.72    0.0000   -0.0009    0.0006
   4725.75    0.0000   -0.0009    0.0006
   4726.78    0.0000   -0.0008    0.0006
   4727.82    0.0000   -0.0008    0.0005
   4728.85    0.0000   -0.0008    0.0005
   4729.88    0.0000   -0.0008    0.0004
   4730.91    0.0000   -0.0008    0.0004
   4731.95    0.0000   -0.0009    0.0004
   4732.98    0.0000   -0.0009    0.0005
   4734.01    0.0000   -0.0010    0.0005
   4735.04    0.0000   -0.0009    0.0005
   4736.08    0.0000   -0.0009    0.0006
   4737.11    0.0000   -0.0008    0.0006
   4738.14    0.0000   -0.0008    0.0007
   4739.17    0.0000   -0.0007    0.0006
   4740.21    0.0000   -0.0007    0.0006
   4741.24    0.0000   -0.0007    0.0005
   4742.27    0.0000   -0.0008    0.0003
   4743.30    0.0000   -0.0009    0.0002
   4744.34    0.0000   -0.0009    0.0001
   4745.37    0.0000   -0.0009    0.0001
   4746.40    0.0000   -0.0008    0.0001
   4747.43    0.0000   -0.0007    0.0002
   4748.47    0.0000   -0.0007    0.0003
   4749.50    0.0000   -0.0007    0.0004
   4750.53    0.0000   -0.0007    0.0004
   4751.56    0.0000   -0.0008    0.0004
   4752.60    0.0000   -0.0009    0.0004
   4753.63    0.0000   -0.0010    0.0003
   4754.66    0.0000   -0.0009    0.0003
   4755.69    0.0000   -0.0008    0.0003
   4756.73    0.0000   -0.0007    0.0003
   4757.76    0.0000   -0.0008    0.0002
   4758.79    0.0000   -0.0008    0.0001
   4759.82    0.0000   -0.0005   -0.0000
   4760.86    0.0000   -0.0002   -0.0002
   4761.89    0.0000    0.0001   -0.0003
   4762.92    0.0000    0.0003   -0.0003
   4763.95    0.0000    0.0003   -0.0002
   4764.99    0.0000    0.0002   -0.0001
   4766.02    0.0000   -0.0001    0.0001
   4767.05    0.0000   -0.0004    0.0003
   4768.08    0.0000   -0.0007    0.0005
   4769.12    0.0000   -0.0008    0.0005
   4770.15    0.0000   -0.0008    0.0003
   4771.18    0.0000   -0.0005    0.0001
   4772.21    0.0000   -0.0002   -0.0002
   4773.25    0.0000    0.0002   -0.0005
   4774.28    0.0000    0.0005   -0.0007
   4775.31    0.0000    0.0007   -0.0006
   4776.34    0.0000    0.0007   -0.0005
   4777.38    0.0000    0.0006   -0.0002
   4778.41    0.0000    0.0004    0.0002
   4779.44    0.0000    0.0003    0.0005
   4780.47    0.0000    0.0002    0.0007
   4781.51    0.0000    0.0001    0.0009
   4782.54    0.0000    0.0001    0.0011
   4783.57    0.0000    0.0001    0.0012
   4784.60    0.0000    0.0001    0.0011
   4785.64    0.0000    0.0001    0.0008
   4786.67    0.0000    0.0001    0.0005
   4787.70    0.0000   -0.0000    0.0002
   4788.73    0.0000   -0.0002   -0.0001
   4789.77    0.0000   -0.0003   -0.0003
   4790.80    0.0000   -0.0004   -0.0003
   4791.83    0.0000   -0.0004   -0.0003
   4792.86    0.0000   -0.0003   -0.0002
   4793.90    0.0000   -0.0002   -0.0000
   4794.93    0.0000   -0.0000    0.0000
   4795.96    0.0000    0.0001    0.0000
   4796.99    0.0000    0.0001   -0.0000
   4798.03    0.0000   -0.0000   -0.0001
   4799.06    0.0000   -0.0003   -0.0001
   4800.09    0.0000   -0.0004   -0.0001
   4801.12    0.0000   -0.0005   -0.0000
   4802.16    0.0000   -0.0004    0.0001
   4803.19    0.0000   -0.0003    0.0000
   4804.22    0.0000   -0.0001   -0.0001
   4805.25    0.0000   -0.0000   -0.0003
   4806.29    0.0000    0.0000   -0.0006
   4807.32    0.0000   -0.0000   -0.0008
   4808.35    0.0000   -0.0000   -0.0009
   4809.38    0.0000    0.0000   -0.0009
   4810.42    0.0000    0.0001   -0.0007
   4811.45    0.0000    0.0002   -0.0005
   4812.48    0.0000    0.0003   -0.0003
   4813.51    0.0000    0.0003   -0.0001
   4814.55    0.0000    0.0003   -0.0001
   4815.58    0.0000    0.0002   -0.0001
   4816.61    0.0000    0.0001   -0.0002
   4817.64    0.0000    0.0000   -0.0001
   4818.68    0.0000    0.0000   -0.0000
   4819.71    0.0000    0.0001    0.0001
   4820.74    0.0000    0.0002    0.0003
   4821.77    0.0000    0.0004    0.0004
   4822.81    0.0000    0.0005    0.0004
   4823.84    0.0000    0.0005    0.0003
   4824.87    0.0000    0.0006    0.0001
   4825.90    0.0000    0.0005   -0.0001
   4826.94    0.0000    0.0004   -0.0001
   4827.97    0.0000    0.0003    0.0002
   4829.00    0.0000    0.0002    0.0006
   4830.03    0.0000    0.0002    0.0009
   4831.07    0.0000    0.0003    0.0009
   4832.10    0.0000    0.0003    0.0007
   4833.13    0.0000    0.0004    0.0004
   4834.16    0.0000    0.0003    0.0002
   4835.20    0.0000    0.0002    0.0001
   4836.23    0.0000    0.0001    0.0003
   4837.26    0.0000   -0.0000    0.0006
   4838.29    0.0000    0.0000    0.0009
   4839.33    0.0000    0.0001    0.0011
   4840.36    0.0000    0.0001    0.0010
   4841.39    0.0000    0.0002    0.0007
   4842.42    0.0000    0.0001    0.0003
   4843.46    0.0000   -0.0001    0.0002
   4844.49    0.0000   -0.0003    0.0002
   4845.52    0.0000   -0.0005    0.0004
   4846.55    0.0000   -0.0006    0.0006
   4847.59    0.0000   -0.0005    0.0006
   4848.62    0.0000   -0.0002    0.0005
   4849.65    0.0000   -0.0001    0.0004
   4850.68    0.0000   -0.0000    0.0003
   4851.72    0.0000   -0.0001    0.0003
   4852.75    0.0000   -0.0003    0.0005
   4853.78    0.0000   -0.0004    0.0006
   4854.81    0.0000   -0.0004    0.0007
   4855.85    0.0000   -0.0002    0.0006
   4856.88    0.0000   -0.0001    0.0004
   4857.91    0.0000    0.0000    0.0002
   4858.94    0.0000   -0.0000   -0.0000
   4859.98    0.0000   -0.0002   -0.0001
   4861.01    0.0000   -0.0004   -0.0000
   4862.04    0.0000   -0.0005    0.0001
   4863.07    0.0000   -0.0005    0.0001
   4864.11    0.0000   -0.0004    0.0001
   4865.14    0.0000   -0.0002    0.0001
   4866.17    0.0000   -0.0001   -0.0001
   4867.20    0.0000   -0.0001   -0.0001
   4868.24    0.0000   -0.0002   -0.0001
   4869.27    0.0000   -0.0004   -0.0000
   4870.30    0.0000   -0.0006    0.0001
   4871.33    0.0000   -0.0008    0.0001
   4872.37    0.0000   -0.0009    0.0001
   4873.40    0.0000   -0.0009    0.0000
   4874.43    0.0000   -0.0008   -0.0000
   4875.46    0.0000   -0.0007   -0.0000
   4876.50    0.0000   -0.0006    0.0001
   4877.53    0.0000   -0.0005    0.0002
   4878.56    0.0000   -0.0004    0.0002
   4879.59    0.0000   -0.0004    0.0002
   4880.63    0.0000   -0.0004    0.0000
   4881.66    0.0000   -0.0004   -0.0002
   4882.69    0.0000   -0.0004   -0.0003
   4883.72    0.0000   -0.0004   -0.0004
   4884.76    0.0000   -0.0004   -0.0003
   4885.79    0.0000   -0.0005   -0.0003
   4886.82    0.0000   -0.0006   -0.0002
   4887.85    0.0000   -0.0006   -0.0002
   4888.89    0.0000   -0.0007   -0.0002
   4889.92    0.0000   -0.0007   -0.0002
   4890.95    0.0000   -0.0007   -0.0003
   4891.98    0.0000   -0.0007   -0.0004
   4893.02    0.0000   -0.0006   -0.0005
   4894.05    0.0000   -0.0005   -0.0006
   4895.08    0.0000   -0.0004   -0.0006
   4896.11    0.0000   -0.0003   -0.0006
   4897.15    0.0000   -0.0003   -0.0006
   4898.18    0.0000   -0.0002   -0.0005
   4899.21    0.0000   -0.0002   -0.0004
   4900.24    0.0000   -0.0003   -0.0003
   4901.28    0.0000   -0.0003   -0.0003
   4902.31    0.0000   -0.0003   -0.0004
   4903.34    0.0000   -0.0004   -0.0004
   4904.37    0.0000   -0.0004   -0.0006
   4905.41    0.0000   -0.0004   -0.0007
   4906.44    0.0000   -0.0004   -0.0008
   4907.47    0.0000   -0.0004   -0.0009
   4908.50    0.0000   -0.0004   -0.0008
   4909.54    0.0000   -0.0004   -0.0008
   4910.57    0.0000   -0.0005   -0.0006
   4911.60    0.0000   -0.0005   -0.0005
   4912.63    0.0000   -0.0005   -0.0004
   4913.67    0.0000   -0.0005   -0.0003
   4914.70    0.0000   -0.0005   -0.0003
   4915.73    0.0000   -0.0005   -0.0004
   4916.76    0.0000   -0.0004   -0.0005
   4917.80    0.0000   -0.0004   -0.0006
   4918.83    0.0000   -0.0004   -0.0007
   4919.86    0.0000   -0.0005   -0.0008
   4920.89    0.0000   -0.0006   -0.0009
   4921.93    0.0000   -0.0007   -0.0009
   4922.96    0.0000   -0.0008   -0.0009
   4923.99    0.0000   -0.0009   -0.0009
   4925.02    0.0000   -0.0010   -0.0009
   4926.06    0.0000   -0.0010   -0.0010
   4927.09    0.0000   -0.0010   -0.0010
   4928.12    0.0000   -0.0009   -0.0011
   4929.15    0.0000   -0.0008   -0.0011
   4930.19    0.0000   -0.0008   -0.0011
   4931.22    0.0000   -0.0007   -0.0011
   4932.25    0.0000   -0.0007   -0.0010
   4933.28    0.0000   -0.0008   -0.0010
   4934.32    0.0000   -0.0008   -0.0010
   4935.35    0.0000   -0.0008   -0.0010
   4936.38    0.0000   -0.0009   -0.0011
   4937.41    0.0000   -0.0009   -0.0012
   4938.45    0.0000   -0.0009   -0.0012
   4939.48    0.0000   -0.0009   -0.0013
   4940.51    0.0000   -0.0008   -0.0013
   4941.54    0.0000   -0.0007   -0.0013
   4942.58    0.0000   -0.0007   -0.0012
   4943.61    0.0000   -0.0006   -0.0011
   4944.64    0.0000   -0.0006   -0.0010
   4945.67    0.0000   -0.0005   -0.0009
   4946.71    0.0000   -0.0005   -0.0008
   4947.74    0.0000   -0.0004   -0.0008
   4948.77    0.0000   -0.0004   -0.0008
   4949.80    0.0000   -0.0003   -0.0008
   4950.84    0.0000   -0.0002   -0.0009
   4951.87    0.0000   -0.0001   -0.0009
   4952.90    0.0000    0.0000   -0.0008
   4953.93    0.0000    0.0001   -0.0008
   4954.97    0.0000    0.0001   -0.0007
   4956.00    0.0000    0.0002   -0.0006
   4957.03    0.0000    0.0002   -0.0005
   4958.06    0.0000    0.0002   -0.0004
   4959.10    0.0000    0.0002   -0.0004
   4960.13    0.0000    0.0002   -0.0003
   4961.16    0.0000    0.0002   -0.0003
   4962.19    0.0000    0.0002   -0.0002
   4963.23    0.0000    0.0002   -0.0002
   4964.26    0.0000    0.0003   -0.0002
   4965.29    0.0000    0.0003   -0.0002
   4966.32    0.0000    0.0002   -0.0002
   4967.36    0.0000    0.0002   -0.0001
   4968.39    0.0000    0.0002   -0.0001
   4969.42    0.0000    0.0002   -0.0001
   4970.45    0.0000    0.0002   -0.0001
   4971.49    0.0000    0.0001   -0.0000
   4972.52    0.0000    0.0001   -0.0000
   4973.55    0.0000    0.0001   -0.0000
   4974.58    0.0000    0.0000   -0.0000
   4975.62    0.0000   -0.0000    0.0000
   4976.65    0.0000   -0.0000    0.0000
   4977.68    0.0000   -0.0001    0.0000
   4978.71    0.0000   -0.0001   -0.0000
   4979.75    0.0000   -0.0001   -0.0000
   4980.78    0.0000   -0.0001   -0.0000
   4981.81    0.0000   -0.0002    0.0000
   4982.84    0.0000   -0.0004    0.0002
   4983.88    0.0000   -0.0005    0.0003
   4984.91    0.0000   -0.0005    0.0004
   4985.94    0.0000   -0.0004    0.0004
   4986.97    0.0000   -0.0002    0.0004
   4988.01    0.0000   -0.0001    0.0003
   4989.04    0.0000    0.0001    0.0002
   4990.07    0.0000    0.0001   -0.0000
   4991.10    0.0000    0.0002   -0.0002
   4992.14    0.0000    0.0001   -0.0004
   4993.17    0.0000    0.0001   -0.0005
   4994.20    0.0000   -0.0000   -0.0006
   4995.23    0.0000   -0.0001   -0.0006
   4996.27    0.0000   -0.0001   -0.0005
   4997.30    0.0000    0.0001   -0.0004
   4998.33    0.0000    0.0005   -0.0000
   4999.36    0.0000    0.0008    0.0004
   5000.40    0.0000    0.0008    0.0007
   5001.43    0.0000    0.0005    0.0008
   5002.46    0.0000    0.0000    0.0007
   5003.49    0.0000   -0.0005    0.0004
   5004.53    0.0000   -0.0008   -0.0000
   5005.56    0.0000   -0.0009   -0.0004
   5006.59    0.0000   -0.0007   -0.0006
   5007.62    0.0000   -0.0004   -0.0006
   5008.66    0.0000    0.0000   -0.0004
   5009.69    0.0000    0.0003   -0.0002
   5010.72    0.0000    0.0004    0.0001
   5011.75    0.0000    0.0003    0.0002
   5012.79    0.0000    0.0001    0.0002
   5013.82    0.0000   -0.0003   -0.0000
   5014.85    0.0000   -0.0006   -0.0003
   5015.88    0.0000   -0.0007   -0.0006
   5016.92    0.0000   -0.0006   -0.0008
   5017.95    0.0000   -0.0004   -0.0009
   5018.98    0.0000    0.0000   -0.0008
   5020.01    0.0000    0.0004   -0.0005
   5021.05    0.0000    0.0007   -0.0003
   5022.08    0.0000    0.0009    0.0000
   5023.11    0.0000    0.0009    0.0002
   5024.14    0.0000    0.0008    0.0003
   5025.18    0.0000    0.0005    0.0004
   5026.21    0.0000    0.0002    0.0003
   5027.24    0.0000   -0.0000    0.0002
   5028.27    0.0000   -0.0002    0.0002
   5029.31    0.0000   -0.0003    0.0001
   5030.34    0.0000   -0.0004    0.0002
   5031.37    0.0000   -0.0004    0.0002
   5032.40    0.0000   -0.0003    0.0004
   5033.44    0.0000   -0.0002    0.0005
   5034.47    0.0000   -0.0002    0.0005
   5035.50    0.0000   -0.0001    0.0004
   5036.53    0.0000   -0.0001    0.0003
   5037.57    0.0000   -0.0000    0.0001
   5038.60    0.0000    0.0001   -0.0002
   5039.63    0.0000    0.0001   -0.0004
   5040.66    0.0000    0.0001   -0.0005
   5041.70    0.0000    0.0000   -0.0005
   5042.73    0.0000   -0.0001   -0.0004
   5043.76    0.0000   -0.0003   -0.0002
   5044.79    0.0000   -0.0005   -0.0001
   5045.83    0.0000   -0.0005    0.0000
   5046.86    0.0000   -0.0005    0.0000
   5047.89    0.0000   -0.0003   -0.0000
   5048.92    0.0000   -0.0000   -0.0001
   5049.96    0.0000    0.0003   -0.0002
   5050.99    0.0000    0.0006   -0.0002
   5052.02    0.0000    0.0008   -0.0002
   5053.05    0.0000    0.0009   -0.0001
   5054.09    0.0000    0.0008    0.0001
   5055.12    0.0000    0.0006    0.0002
   5056.15    0.0000    0.0002    0.0003
   5057.18    0.0000   -0.0002    0.0004
   5058.22    0.0000   -0.0005    0.0004
   5059.25    0.0000   -0.0007    0.0003
   5060.28    0.0000   -0.0007    0.0002
   5061.31    0.0000   -0.0006    0.0001
   5062.35    0.0000   -0.0004    0.0001
   5063.38    0.0000   -0.0000    0.0001
   5064.41    0.0000    0.0003    0.0001
   5065.44    0.0000    0.0005    0.0002
   5066.48    0.0000    0.0006    0.0003
   5067.51    0.0000    0.0006    0.0004
   5068.54    0.0000    0.0004    0.0005
   5069.57    0.0000    0.0001    0.0005
   5070.61    0.0000   -0.0002    0.0005
   5071.64    0.0000   -0.0005    0.0003
   5072.67    0.0000   -0.0007    0.0001
   5073.70    0.0000   -0.0007   -0.0000
   5074.74    0.0000   -0.0006   -0.0002
   5075.77    0.0000   -0.0004   -0.0003
   5076.80    0.0000   -0.0001   -0.0003
   5077.83    0.0000    0.0001   -0.0003
   5078.87    0.0000    0.0003   -0.0002
   5079.90    0.0000    0.0004   -0.0001
   5080.93    0.0000    0.0004   -0.0000
   5081.96    0.0000    0.0002    0.0000
   5083.00    0.0000    0.0001    0.0001
   5084.03    0.0000   -0.0001    0.0001
   5085.06    0.0000   -0.0003    0.0000
   5086.09    0.0000   -0.0005   -0.0001
   5087.13    0.0000   -0.0005   -0.0002
   5088.16    0.0000   -0.0004   -0.0004
   5089.19    0.0000   -0.0003   -0.0005
   5090.22    0.0000   -0.0000   -0.0006
   5091.26    0.0000    0.0002   -0.0007
   5092.29    0.0000    0.0005   -0.0007
   5093.32    0.0000    0.0007   -0.0006
   5094.35    0.0000    0.0008   -0.0005
   5095.39    0.0000    0.0008   -0.0003
   5096.42    0.0000    0.0006   -0.0001
   5097.45    0.0000    0.0004    0.0002
   5098.48    0.0000    0.0002    0.0004
   5099.52    0.0000   -0.0000    0.0006
   5100.55    0.0000   -0.0002    0.0007
   5101.58    0.0000   -0.0003    0.0007
   5102.61    0.0000   -0.0004    0.0007
   5103.65    0.0000   -0.0004    0.0005
   5104.68    0.0000   -0.0004    0.0003
   5105.71    0.0000   -0.0003    0.0001
   5106.74    0.0000   -0.0002   -0.0000
   5107.78    0.0000   -0.0001   -0.0001
   5108.81    0.0000   -0.0000   -0.0001
   5109.84    0.0000    0.0001    0.0000
   5110.87    0.0000    0.0002    0.0002
   5111.91    0.0000    0.0003    0.0003
   5112.94    0.0000    0.0003    0.0005
   5113.97    0.0000    0.0002    0.0005
   5115.00    0.0000   -0.0000    0.0005
   5116.04    0.0000   -0.0003    0.0004
   5117.07    0.0000   -0.0006    0.0003
   5118.10    0.0000   -0.0008    0.0001
   5119.13    0.0000   -0.0010   -0.0001
   5120.17    0.0000   -0.0011   -0.0003
   5121.20    0.0000   -0.0010   -0.0004
   5122.23    0.0000   -0.0007   -0.0005
   5123.26    0.0000   -0.0004   -0.0006
   5124.30    0.0000   -0.0000   -0.0006
   5125.33    0.0000    0.0003   -0.0006
   5126.36    0.0000    0.0005   -0.0006
   5127.39    0.0000    0.0006   -0.0006
   5128.43    0.0000    0.0005   -0.0005
   5129.46    0.0000    0.0004   -0.0004
   5130.49    0.0000    0.0003   -0.0003
   5131.52    0.0000    0.0003   -0.0001
   5132.56    0.0000    0.0003    0.0001
   5133.59    0.0000    0.0003    0.0002
   5134.62    0.0000    0.0004    0.0002
   5135.65    0.0000    0.0005    0.0002
   5136.69    0.0000    0.0005    0.0001
   5137.72    0.0000    0.0005    0.0000
   5138.75    0.0000    0.0003   -0.0001
   5139.78    0.0000    0.0001   -0.0003
   5140.82    0.0000   -0.0001   -0.0004
   5141.85    0.0000   -0.0002   -0.0005
   5142.88    0.0000   -0.0003   -0.0006
   5143.91    0.0000   -0.0002   -0.0006
   5144.95    0.0000   -0.0001   -0.0005
   5145.98    0.0000    0.0002   -0.0005
   5147.01    0.0000    0.0005   -0.0004
   5148.04    0.0000    0.0007   -0.0003
   5149.08    0.0000    0.0009   -0.0002
   5150.11    0.0000    0.0009   -0.0001
   5151.14    0.0000    0.0008   -0.0000
   5152.17    0.0000    0.0006    0.0000
   5153.21    0.0000    0.0003    0.0001
   5154.24    0.0000   -0.0000    0.0001
   5155.27    0.0000   -0.0003    0.0001
   5156.30    0.0000   -0.0005    0.0001
   5157.34    0.0000   -0.0006    0.0001
   5158.37    0.0000   -0.0006    0.0001
   5159.40    0.0000   -0.0005   -0.0000
   5160.43    0.0000   -0.0004   -0.0001
   5161.47    0.0000   -0.0002   -0.0001
   5162.50    0.0000   -0.0000   -0.0001
   5163.53    0.0000    0.0001   -0.0001
   5164.56    0.0000    0.0002   -0.0000
   5165.60    0.0000    0.0003    0.0001
   5166.63    0.0000    0.0003    0.0002
   5167.66    0.0000    0.0003    0.0003
   5168.69    0.0000    0.0002    0.0004
   5169.73    0.0000    0.0001    0.0004
   5170.76    0.0000   -0.0001    0.0003
   5171.79    0.0000   -0.0003    0.0002
   5172.82    0.0000   -0.0005    0.0001
   5173.86    0.0000   -0.0006   -0.0000
   5174.89    0.0000   -0.0006   -0.0001
   5175.92    0.0000   -0.0006   -0.0002
   5176.95    0.0000   -0.0004   -0.0003
   5177.99    0.0000   -0.0002   -0.0003
   5179.02    0.0000    0.0001   -0.0003
   5180.05    0.0000    0.0003   -0.0002
   5181.08    0.0000    0.0004   -0.0002
   5182.12    0.0000    0.0004   -0.0002
   5183.15    0.0000    0.0003   -0.0001
   5184.18    0.0000    0.0002   -0.0001
   5185.21    0.0000   -0.0000   -0.0001
   5186.25    0.0000   -0.0002   -0.0001
   5187.28    0.0000   -0.0003   -0.0002
   5188.31    0.0000   -0.0002   -0.0003
   5189.34    0.0000    0.0001   -0.0004
   5190.38    0.0000    0.0005   -0.0004
   5191.41    0.0000    0.0007   -0.0004
   5192.44    0.0000    0.0007   -0.0003
   5193.47    0.0000    0.0005   -0.0002
   5194.51    0.0000    0.0001   -0.0001
   5195.54    0.0000   -0.0003   -0.0000
   5196.57    0.0000   -0.0007    0.0001
   5197.60    0.0000   -0.0008    0.0001
   5198.64    0.0000   -0.0007    0.0002
   5199.67    0.0000   -0.0004    0.0002
   5200.70    0.0000   -0.0000    0.0003
   5201.73    0.0000    0.0003    0.0004
   5202.77    0.0000    0.0005    0.0005
   5203.80    0.0000    0.0006    0.0006
   5204.83    0.0000    0.0004    0.0006
   5205.86    0.0000    0.0002    0.0007
   5206.90    0.0000    0.0000    0.0006
   5207.93    0.0000   -0.0001    0.0005
   5208.96    0.0000   -0.0001    0.0004
   5209.99    0.0000    0.0000    0.0003
   5211.03    0.0000    0.0002    0.0001
   5212.06    0.0000    0.0003    0.0000
   5213.09    0.0000    0.0003   -0.0000
   5214.12    0.0000    0.0002   -0.0000
   5215.16    0.0000    0.0000   -0.0000
   5216.19    0.0000   -0.0003   -0.0000
   5217.22    0.0000   -0.0006   -0.0000
   5218.25    0.0000   -0.0008   -0.0001
