     #Time      Norm      Real      Imag
   3690.15    0.0000    0.0000    0.0000
   3691.19    0.0000    0.0000    0.0000
   3692.22    0.0000    0.0000    0.0000
   3693.25    0.0000    0.0000    0.0000
   3694.28    0.0000    0.0000    0.0000
   3695.32    0.0000    0.0000    0.0000
   3696.35    0.0000    0.0000    0.0000
   3697.38    0.0000    0.0000    0.0000
   3698.41    0.0000    0.0000    0.0000
   3699.45    0.0000    0.0000    0.0000
   3700.48    0.0000    0.0000    0.0000
   3701.51    0.0000    0.0000    0.0000
   3702.54    0.0000    0.0000    0.0000
   3703.58    0.0000    0.0000    0.0000
   3704.61    0.0000    0.0000    0.0000
   3705.64    0.0000    0.0000    0.0000
   3706.67    0.0000    0.0000    0.0000
   3707.71    0.0000    0.0000    0.0000
   3708.74    0.0000    0.0000    0.0000
   3709.77    0.0000    0.0000    0.0000
   3710.80    0.0000    0.0000    0.0000
   3711.84    0.0000    0.0000    0.0000
   3712.87    0.0000    0.0000    0.0000
   3713.90    0.0000    0.0000    0.0000
   3714.93    0.0000    0.0000    0.0000
   3715.97    0.0000    0.0000    0.0000
   3717.00    0.0000    0.0000    0.0000
   3718.03    0.0000    0.0000    0.0000
   3719.06    0.0000    0.0000    0.0000
   3720.10    0.0000    0.0000    0.0000
   3721.13    0.0000    0.0000    0.0000
   3722.16    0.0000    0.0000    0.0000
   3723.19    0.0000    0.0000    0.0000
   3724.23    0.0000    0.0000    0.0000
   3725.26    0.0000    0.0000    0.0000
   3726.29    0.0000    0.0000    0.0000
   3727.32    0.0000    0.0000    0.0000
   3728.36    0.0000    0.0000    0.0000
   3729.39    0.0000    0.0000    0.0000
   3730.42    0.0000    0.0000    0.0000
   3731.45    0.0000    0.0000    0.0000
   3732.49    0.0000    0.0000    0.0000
   3733.52    0.0000    0.0000    0.0000
   3734.55    0.0000    0.0000    0.0000
   3735.58    0.0000    0.0000    0.0000
   3736.62    0.0000    0.0000    0.0000
   3737.65    0.0000    0.0000    0.0000
   3738.68    0.0000    0.0000    0.0000
   3739.71    0.0000    0.0000    0.0000
   3740.75    0.0000    0.0000    0.0000
   3741.78    0.0000    0.0000    0.0000
   3742.81    0.0000    0.0000    0.0000
   3743.84    0.0000    0.0000    0.0000
   3744.88    0.0000    0.0000    0.0000
   3745.91    0.0000    0.0000    0.0000
   3746.94    0.0000    0.0000    0.0000
   3747.97    0.0000    0.0000    0.0000
   3749.01    0.0000    0.0000    0.0000
   3750.04    0.0000    0.0000    0.0000
   3751.07    0.0000    0.0000    0.0000
   3752.10    0.0000    0.0000    0.0000
   3753.14    0.0000    0.0000    0.0000
   3754.17    0.0000    0.0000    0.0000
   3755.20    0.0000    0.0000    0.0000
   3756.23    0.0000    0.0000    0.0000
   3757.27    0.0000    0.0000    0.0000
   3758.30    0.0000    0.0000    0.0000
   3759.33    0.0000    0.0000    0.0000
   3760.36    0.0000    0.0000    0.0000
   3761.40    0.0000    0.0000    0.0000
   3762.43    0.0000    0.0000    0.0000
   3763.46    0.0000    0.0000    0.0000
   3764.49    0.0000    0.0000    0.0000
   3765.53    0.0000    0.0000    0.0000
   3766.56    0.0000    0.0000    0.0000
   3767.59    0.0000    0.0000    0.0000
   3768.62    0.0000    0.0000    0.0000
   3769.66    0.0000    0.0000    0.0000
   3770.69    0.0000    0.0000    0.0000
   3771.72    0.0000    0.0000    0.0000
   3772.75    0.0000    0.0000    0.0000
   3773.79    0.0000    0.0000    0.0000
   3774.82    0.0000    0.0000    0.0000
   3775.85    0.0000    0.0000    0.0000
   3776.88    0.0000    0.0000    0.0000
   3777.92    0.0000    0.0000    0.0000
   3778.95    0.0000    0.0000    0.0000
   3779.98    0.0000    0.0000    0.0000
   3781.01    0.0000    0.0000    0.0000
   3782.05    0.0000    0.0000    0.0000
   3783.08    0.0000    0.0000    0.0000
   3784.11    0.0000    0.0000    0.0000
   3785.14    0.0000    0.0000    0.0000
   3786.18    0.0000    0.0000    0.0000
   3787.21    0.0000    0.0000    0.0000
   3788.24    0.0000    0.0000    0.0000
   3789.27    0.0000    0.0000    0.0000
   3790.31    0.0000    0.0000    0.0000
   3791.34    0.0000    0.0000    0.0000
   3792.37    0.0000    0.0000    0.0000
   3793.40    0.0000    0.0000    0.0000
   3794.44    0.0000    0.0000    0.0000
   3795.47    0.0000    0.0000    0.0000
   3796.50    0.0000    0.0000    0.0000
   3797.53    0.0000    0.0000    0.0000
   3798.57    0.0000    0.0000    0.0000
   3799.60    0.0000    0.0000    0.0000
   3800.63    0.0000    0.0000    0.0000
   3801.66    0.0000    0.0000    0.0000
   3802.70    0.0000    0.0000   -0.0000
   3803.73    0.0000    0.0000   -0.0000
   3804.76    0.0000    0.0000   -0.0000
   3805.79    0.0000    0.0000   -0.0000
   3806.83    0.0000    0.0000   -0.0000
   3807.86    0.0000    0.0000   -0.0000
   3808.89    0.0000    0.0000   -0.0000
   3809.92    0.0000    0.0000   -0.0000
   3810.96    0.0000    0.0000   -0.0000
   3811.99    0.0000    0.0000   -0.0000
   3813.02    0.0000    0.0000   -0.0000
   3814.05    0.0000    0.0000   -0.0000
   3815.09    0.0000    0.0000   -0.0000
   3816.12    0.0000    0.0000   -0.0000
   3817.15    0.0000    0.0000   -0.0000
   3818.18    0.0000    0.0000   -0.0000
   3819.22    0.0000    0.0000    0.0000
   3820.25    0.0000    0.0000    0.0000
   3821.28    0.0000    0.0000    0.0000
   3822.31    0.0000    0.0000    0.0000
   3823.35    0.0000    0.0000    0.0000
   3824.38    0.0000    0.0000    0.0000
   3825.41    0.0000    0.0000    0.0000
   3826.44    0.0000    0.0000    0.0000
   3827.48    0.0000    0.0000    0.0000
   3828.51    0.0000    0.0000    0.0000
   3829.54    0.0000    0.0000    0.0000
   3830.57    0.0000    0.0000    0.0000
   3831.61    0.0000    0.0000    0.0000
   3832.64    0.0000    0.0000    0.0000
   3833.67    0.0000    0.0000    0.0000
   3834.70    0.0000    0.0000    0.0000
   3835.74    0.0000    0.0000    0.0000
   3836.77    0.0000    0.0000    0.0000
   3837.80    0.0000    0.0000    0.0000
   3838.83    0.0000    0.0000    0.0000
   3839.87    0.0000    0.0000   -0.0000
   3840.90    0.0000   -0.0000   -0.0000
   3841.93    0.0000   -0.0000   -0.0000
   3842.96    0.0000   -0.0000   -0.0000
   3844.00    0.0000   -0.0000   -0.0000
   3845.03    0.0000   -0.0000   -0.0000
   3846.06    0.0000   -0.0000   -0.0000
   3847.09    0.0000   -0.0000   -0.0000
   3848.13    0.0000   -0.0000   -0.0000
   3849.16    0.0000   -0.0000   -0.0000
   3850.19    0.0000   -0.0000   -0.0000
   3851.22    0.0000   -0.0000   -0.0000
   3852.26    0.0000   -0.0000   -0.0000
   3853.29    0.0000   -0.0000   -0.0000
   3854.32    0.0000   -0.0000   -0.0000
   3855.35    0.0000   -0.0000   -0.0000
   3856.39    0.0000   -0.0000   -0.0000
   3857.42    0.0000   -0.0000   -0.0000
   3858.45    0.0000   -0.0000   -0.0000
   3859.48    0.0000    0.0000   -0.0000
   3860.52    0.0000    0.0000   -0.0000
   3861.55    0.0000    0.0000   -0.0000
   3862.58    0.0000    0.0000   -0.0000
   3863.61    0.0000    0.0000   -0.0000
   3864.65    0.0000    0.0000    0.0000
   3865.68    0.0000    0.0000    0.0000
   3866.71    0.0000    0.0000    0.0000
   3867.74    0.0000    0.0000    0.0000
   3868.78    0.0000    0.0000    0.0000
   3869.81    0.0000    0.0000    0.0000
   3870.84    0.0000    0.0000    0.0000
   3871.87    0.0000    0.0000    0.0000
   3872.91    0.0000    0.0000    0.0000
   3873.94    0.0000    0.0000    0.0000
   3874.97    0.0000    0.0000    0.0000
   3876.00    0.0000    0.0000    0.0000
   3877.04    0.0000    0.0000    0.0000
   3878.07    0.0000    0.0000    0.0000
   3879.10    0.0000    0.0000    0.0000
   3880.13    0.0000    0.0000    0.0000
   3881.17    0.0000    0.0000    0.0000
   3882.20    0.0000    0.0000    0.0000
   3883.23    0.0000    0.0000   -0.0000
   3884.26    0.0000    0.0000   -0.0000
   3885.30    0.0000    0.0000   -0.0000
   3886.33    0.0000   -0.0000   -0.0000
   3887.36    0.0000   -0.0000   -0.0000
   3888.39    0.0000   -0.0000   -0.0000
   3889.43    0.0000   -0.0000   -0.0000
   3890.46    0.0000   -0.0000   -0.0000
   3891.49    0.0000   -0.0000   -0.0000
   3892.52    0.0000   -0.0000   -0.0000
   3893.56    0.0000   -0.0000   -0.0000
   3894.59    0.0000   -0.0000   -0.0000
   3895.62    0.0000   -0.0000   -0.0000
   3896.65    0.0000   -0.0000   -0.0000
   3897.69    0.0000   -0.0000   -0.0000
   3898.72    0.0000   -0.0000   -0.0000
   3899.75    0.0000   -0.0000   -0.0000
   3900.78    0.0000   -0.0000   -0.0000
   3901.82    0.0000   -0.0000   -0.0000
   3902.85    0.0000   -0.0000   -0.0000
   3903.88    0.0000   -0.0000    0.0000
   3904.91    0.0000   -0.0000    0.0000
   3905.95    0.0000    0.0000    0.0000
   3906.98    0.0000    0.0000    0.0000
   3908.01    0.0000    0.0000    0.0000
   3909.04    0.0000    0.0000    0.0000
   3910.08    0.0000    0.0000    0.0000
   3911.11    0.0000    0.0000    0.0000
   3912.14    0.0000    0.0000    0.0000
   3913.17    0.0000    0.0000    0.0000
   3914.21    0.0000    0.0000    0.0000
   3915.24    0.0000    0.0000    0.0000
   3916.27    0.0000    0.0000    0.0000
   3917.30    0.0000    0.0000    0.0000
   3918.34    0.0000    0.0000    0.0000
   3919.37    0.0000    0.0000    0.0000
   3920.40    0.0000    0.0000    0.0000
   3921.43    0.0000    0.0000    0.0000
   3922.47    0.0000    0.0000    0.0000
   3923.50    0.0000    0.0000    0.0000
   3924.53    0.0000    0.0000    0.0000
   3925.56    0.0000    0.0000    0.0000
   3926.60    0.0000    0.0000    0.0000
   3927.63    0.0000    0.0000    0.0000
   3928.66    0.0000    0.0000    0.0000
   3929.69    0.0000    0.0000   -0.0000
   3930.73    0.0000    0.0000   -0.0000
   3931.76    0.0000    0.0000   -0.0000
   3932.79    0.0000    0.0000   -0.0000
   3933.82    0.0000    0.0000   -0.0000
   3934.86    0.0000    0.0000   -0.0000
   3935.89    0.0000    0.0000   -0.0000
   3936.92    0.0000    0.0000   -0.0000
   3937.95    0.0000    0.0000   -0.0000
   3938.99    0.0000    0.0000   -0.0000
   3940.02    0.0000    0.0000   -0.0000
   3941.05    0.0000    0.0000   -0.0000
   3942.08    0.0000    0.0000   -0.0000
   3943.12    0.0000   -0.0000   -0.0000
   3944.15    0.0000   -0.0000   -0.0000
   3945.18    0.0000   -0.0000   -0.0000
   3946.21    0.0000   -0.0000   -0.0000
   3947.25    0.0000   -0.0000   -0.0000
   3948.28    0.0000   -0.0000   -0.0000
   3949.31    0.0000   -0.0000   -0.0000
   3950.34    0.0000   -0.0000   -0.0000
   3951.38    0.0000   -0.0000   -0.0000
   3952.41    0.0000   -0.0000   -0.0000
   3953.44    0.0000   -0.0000   -0.0000
   3954.47    0.0000   -0.0000   -0.0000
   3955.51    0.0000   -0.0000   -0.0000
   3956.54    0.0000   -0.0000   -0.0000
   3957.57    0.0000   -0.0000   -0.0000
   3958.60    0.0000   -0.0000   -0.0000
   3959.64    0.0000   -0.0000   -0.0000
   3960.67    0.0000   -0.0000   -0.0000
   3961.70    0.0000   -0.0000   -0.0000
   3962.73    0.0000   -0.0000   -0.0000
   3963.77    0.0000   -0.0000   -0.0000
   3964.80    0.0000   -0.0000   -0.0000
   3965.83    0.0000   -0.0000   -0.0000
   3966.86    0.0000   -0.0000   -0.0000
   3967.90    0.0000   -0.0000   -0.0000
   3968.93    0.0000   -0.0000   -0.0000
   3969.96    0.0000   -0.0000   -0.0000
   3970.99    0.0000   -0.0000   -0.0000
   3972.03    0.0000   -0.0000   -0.0000
   3973.06    0.0000   -0.0000   -0.0000
   3974.09    0.0000   -0.0000   -0.0000
   3975.12    0.0000   -0.0000   -0.0000
   3976.16    0.0000   -0.0000   -0.0000
   3977.19    0.0000   -0.0000   -0.0000
   3978.22    0.0000   -0.0000   -0.0000
   3979.25    0.0000   -0.0000   -0.0000
   3980.29    0.0000   -0.0000   -0.0000
   3981.32    0.0000   -0.0000   -0.0000
   3982.35    0.0000   -0.0000   -0.0000
   3983.38    0.0000   -0.0000   -0.0000
   3984.42    0.0000    0.0000   -0.0000
   3985.45    0.0000    0.0000   -0.0000
   3986.48    0.0000    0.0000   -0.0000
   3987.51    0.0000    0.0000   -0.0000
   3988.55    0.0000    0.0000   -0.0000
   3989.58    0.0000    0.0000   -0.0000
   3990.61    0.0000    0.0000   -0.0000
   3991.64    0.0000    0.0000   -0.0000
   3992.68    0.0000    0.0000   -0.0000
   3993.71    0.0000    0.0000   -0.0000
   3994.74    0.0000    0.0000   -0.0000
   3995.77    0.0000    0.0000   -0.0000
   3996.81    0.0000    0.0000   -0.0000
   3997.84    0.0000    0.0000   -0.0000
   3998.87    0.0000    0.0000   -0.0000
   3999.90    0.0000    0.0000   -0.0000
   4000.94    0.0000    0.0000   -0.0000
   4001.97    0.0000    0.0000   -0.0000
   4003.00    0.0000    0.0000   -0.0000
   4004.03    0.0000    0.0000   -0.0000
   4005.07    0.0000    0.0000   -0.0000
   4006.10    0.0000    0.0000   -0.0000
   4007.13    0.0000    0.0000   -0.0000
   4008.16    0.0000    0.0000   -0.0000
   4009.20    0.0000    0.0000   -0.0000
   4010.23    0.0000    0.0000   -0.0000
   4011.26    0.0000    0.0000   -0.0000
   4012.29    0.0000    0.0000   -0.0000
   4013.33    0.0000    0.0000   -0.0000
   4014.36    0.0000    0.0000   -0.0000
   4015.39    0.0000    0.0000   -0.0000
   4016.42    0.0000    0.0000   -0.0000
   4017.46    0.0000    0.0000   -0.0000
   4018.49    0.0000    0.0000   -0.0000
   4019.52    0.0000    0.0000   -0.0000
   4020.55    0.0000    0.0000   -0.0000
   4021.59    0.0000    0.0000   -0.0000
   4022.62    0.0000   -0.0000    0.0000
   4023.65    0.0000   -0.0000    0.0000
   4024.68    0.0000   -0.0000    0.0000
   4025.72    0.0000   -0.0000    0.0000
   4026.75    0.0000   -0.0000    0.0000
   4027.78    0.0000   -0.0000    0.0000
   4028.81    0.0000   -0.0000    0.0000
   4029.85    0.0000   -0.0000    0.0000
   4030.88    0.0000   -0.0000    0.0000
   4031.91    0.0000    0.0000   -0.0000
   4032.94    0.0000    0.0000   -0.0000
   4033.98    0.0000    0.0000   -0.0000
   4035.01    0.0000    0.0000   -0.0000
   4036.04    0.0000    0.0000   -0.0000
   4037.07    0.0000    0.0000   -0.0000
   4038.11    0.0000    0.0000   -0.0000
   4039.14    0.0000    0.0000   -0.0000
   4040.17    0.0000    0.0000   -0.0000
   4041.20    0.0000    0.0000   -0.0000
   4042.24    0.0000   -0.0000   -0.0000
   4043.27    0.0000   -0.0000   -0.0000
   4044.30    0.0000   -0.0000    0.0000
   4045.33    0.0000   -0.0000    0.0000
   4046.37    0.0000   -0.0000    0.0000
   4047.40    0.0000   -0.0000    0.0000
   4048.43    0.0000   -0.0000    0.0000
   4049.46    0.0000   -0.0000    0.0000
   4050.50    0.0000   -0.0000    0.0000
   4051.53    0.0000   -0.0000    0.0000
   4052.56    0.0000   -0.0000    0.0000
   4053.59    0.0000   -0.0000    0.0000
   4054.63    0.0000   -0.0000    0.0000
   4055.66    0.0000    0.0000    0.0000
   4056.69    0.0000    0.0000    0.0000
   4057.72    0.0000    0.0000    0.0000
   4058.76    0.0000    0.0000    0.0000
   4059.79    0.0000    0.0000    0.0000
   4060.82    0.0000    0.0000    0.0000
   4061.85    0.0000    0.0000    0.0000
   4062.89    0.0000    0.0000    0.0000
   4063.92    0.0000    0.0000    0.0000
   4064.95    0.0000    0.0000    0.0000
   4065.98    0.0000    0.0000    0.0000
   4067.02    0.0000    0.0000    0.0000
   4068.05    0.0000    0.0000    0.0000
   4069.08    0.0000    0.0000    0.0000
   4070.11    0.0000    0.0000    0.0000
   4071.15    0.0000    0.0000    0.0000
   4072.18    0.0000    0.0000    0.0000
   4073.21    0.0000    0.0000    0.0000
   4074.24    0.0000   -0.0000    0.0000
   4075.28    0.0000   -0.0000   -0.0000
   4076.31    0.0000   -0.0000   -0.0000
   4077.34    0.0000   -0.0000   -0.0000
   4078.37    0.0000   -0.0000   -0.0000
   4079.41    0.0000   -0.0000   -0.0000
   4080.44    0.0000   -0.0000   -0.0000
   4081.47    0.0000   -0.0000   -0.0000
   4082.50    0.0000   -0.0000   -0.0000
   4083.54    0.0000   -0.0000   -0.0000
   4084.57    0.0000   -0.0000   -0.0000
   4085.60    0.0000   -0.0000   -0.0000
   4086.63    0.0000   -0.0000   -0.0000
   4087.67    0.0000   -0.0000   -0.0000
   4088.70    0.0000   -0.0000   -0.0000
   4089.73    0.0000   -0.0000   -0.0000
   4090.76    0.0000   -0.0000   -0.0000
   4091.80    0.0000   -0.0000   -0.0000
   4092.83    0.0000   -0.0000   -0.0000
   4093.86    0.0000   -0.0000   -0.0000
   4094.89    0.0000   -0.0000   -0.0000
   4095.93    0.0000   -0.0000   -0.0000
   4096.96    0.0000   -0.0000   -0.0000
   4097.99    0.0000   -0.0000   -0.0000
   4099.02    0.0000   -0.0000   -0.0000
   4100.06    0.0000   -0.0000   -0.0000
   4101.09    0.0000   -0.0000   -0.0000
   4102.12    0.0000   -0.0000   -0.0000
   4103.15    0.0000   -0.0000   -0.0000
   4104.19    0.0000   -0.0000   -0.0000
   4105.22    0.0000   -0.0000   -0.0000
   4106.25    0.0000   -0.0000   -0.0000
   4107.28    0.0000   -0.0000   -0.0000
   4108.32    0.0000   -0.0000   -0.0000
   4109.35    0.0000   -0.0000   -0.0000
   4110.38    0.0000   -0.0000   -0.0000
   4111.41    0.0000   -0.0000   -0.0000
   4112.45    0.0000   -0.0000   -0.0000
   4113.48    0.0000   -0.0000   -0.0000
   4114.51    0.0000   -0.0000   -0.0000
   4115.54    0.0000   -0.0000   -0.0000
   4116.58    0.0000   -0.0000   -0.0000
   4117.61    0.0000   -0.0000   -0.0000
   4118.64    0.0000   -0.0000   -0.0000
   4119.67    0.0000   -0.0000   -0.0000
   4120.71    0.0000   -0.0000   -0.0000
   4121.74    0.0000   -0.0000   -0.0000
   4122.77    0.0000   -0.0000   -0.0000
   4123.80    0.0000   -0.0000   -0.0000
   4124.84    0.0000   -0.0000   -0.0000
   4125.87    0.0000   -0.0000   -0.0000
   4126.90    0.0000   -0.0000   -0.0000
   4127.93    0.0000   -0.0000   -0.0000
   4128.97    0.0000   -0.0000    0.0000
   4130.00    0.0000   -0.0000    0.0000
   4131.03    0.0000   -0.0000    0.0000
   4132.06    0.0000   -0.0000    0.0000
   4133.10    0.0000   -0.0000    0.0000
   4134.13    0.0000   -0.0000    0.0000
   4135.16    0.0000   -0.0000    0.0000
   4136.19    0.0000   -0.0000    0.0000
   4137.23    0.0000   -0.0000    0.0000
   4138.26    0.0000   -0.0000    0.0000
   4139.29    0.0000   -0.0000    0.0000
   4140.32    0.0000   -0.0000    0.0000
   4141.36    0.0000   -0.0000    0.0000
   4142.39    0.0000   -0.0000    0.0000
   4143.42    0.0000   -0.0000    0.0000
   4144.45    0.0000   -0.0000    0.0000
   4145.49    0.0000   -0.0000    0.0000
   4146.52    0.0000   -0.0000    0.0000
   4147.55    0.0000   -0.0000    0.0000
   4148.58    0.0000   -0.0000    0.0000
   4149.62    0.0000   -0.0000    0.0000
   4150.65    0.0000   -0.0000    0.0000
   4151.68    0.0000   -0.0000    0.0001
   4152.71    0.0000   -0.0000    0.0001
   4153.75    0.0000   -0.0000    0.0001
   4154.78    0.0000   -0.0000    0.0001
   4155.81    0.0000   -0.0000    0.0001
   4156.84    0.0000   -0.0001    0.0001
   4157.88    0.0000   -0.0001    0.0001
   4158.91    0.0000   -0.0001    0.0001
   4159.94    0.0000   -0.0001    0.0001
   4160.97    0.0000   -0.0001    0.0001
   4162.01    0.0000   -0.0001    0.0001
   4163.04    0.0000   -0.0001    0.0001
   4164.07    0.0000   -0.0001    0.0001
   4165.10    0.0000   -0.0001    0.0001
   4166.14    0.0000   -0.0001    0.0001
   4167.17    0.0000   -0.0001    0.0001
   4168.20    0.0000   -0.0001    0.0001
   4169.23    0.0000   -0.0001    0.0001
   4170.27    0.0000   -0.0001    0.0001
   4171.30    0.0000   -0.0001    0.0001
   4172.33    0.0000   -0.0001    0.0001
   4173.36    0.0000   -0.0000    0.0001
   4174.40    0.0000   -0.0000    0.0001
   4175.43    0.0000   -0.0000    0.0001
   4176.46    0.0000   -0.0000    0.0001
   4177.49    0.0000   -0.0000    0.0001
   4178.53    0.0000   -0.0000    0.0001
   4179.56    0.0000   -0.0000    0.0001
   4180.59    0.0000   -0.0000    0.0001
   4181.62    0.0000   -0.0000    0.0001
   4182.66    0.0000   -0.0000    0.0001
   4183.69    0.0000   -0.0000    0.0001
   4184.72    0.0000   -0.0000    0.0001
   4185.75    0.0000   -0.0000    0.0001
   4186.79    0.0000   -0.0000    0.0001
   4187.82    0.0000   -0.0000    0.0001
   4188.85    0.0000   -0.0000    0.0001
   4189.88    0.0000   -0.0000    0.0001
   4190.92    0.0000   -0.0000    0.0001
   4191.95    0.0000   -0.0000    0.0001
   4192.98    0.0000   -0.0000    0.0001
   4194.01    0.0000   -0.0000    0.0001
   4195.05    0.0000   -0.0000    0.0001
   4196.08    0.0000   -0.0000    0.0001
   4197.11    0.0000   -0.0000    0.0001
   4198.14    0.0000   -0.0000    0.0001
   4199.18    0.0000   -0.0000    0.0001
   4200.21    0.0000   -0.0000    0.0000
   4201.24    0.0000   -0.0000    0.0000
   4202.27    0.0000   -0.0000    0.0000
   4203.31    0.0000   -0.0000    0.0000
   4204.34    0.0000   -0.0000    0.0000
   4205.37    0.0000   -0.0000    0.0000
   4206.40    0.0000   -0.0000    0.0000
   4207.44    0.0000   -0.0000    0.0000
   4208.47    0.0000   -0.0000    0.0000
   4209.50    0.0000   -0.0000   -0.0000
   4210.53    0.0000   -0.0000   -0.0000
   4211.57    0.0000   -0.0000   -0.0000
   4212.60    0.0000   -0.0000   -0.0000
   4213.63    0.0000   -0.0000   -0.0000
   4214.66    0.0000   -0.0000   -0.0000
   4215.70    0.0000   -0.0000   -0.0000
   4216.73    0.0000   -0.0000    0.0000
   4217.76    0.0000   -0.0000    0.0000
   4218.79    0.0000   -0.0000    0.0000
   4219.83    0.0000   -0.0000    0.0000
   4220.86    0.0000   -0.0000    0.0000
   4221.89    0.0000   -0.0000    0.0000
   4222.92    0.0000   -0.0000    0.0000
   4223.96    0.0000   -0.0000    0.0000
   4224.99    0.0000    0.0000    0.0000
   4226.02    0.0000    0.0000    0.0000
   4227.05    0.0000    0.0000   -0.0000
   4228.09    0.0000    0.0000   -0.0000
   4229.12    0.0000    0.0000   -0.0000
   4230.15    0.0000    0.0000   -0.0000
   4231.18    0.0000    0.0000   -0.0001
   4232.22    0.0000    0.0000   -0.0001
   4233.25    0.0000    0.0000   -0.0000
   4234.28    0.0000    0.0000   -0.0000
   4235.31    0.0000    0.0000   -0.0000
   4236.35    0.0000    0.0000   -0.0000
   4237.38    0.0000    0.0000   -0.0000
   4238.41    0.0000   -0.0000    0.0000
   4239.44    0.0000   -0.0000    0.0000
   4240.48    0.0000   -0.0000    0.0000
   4241.51    0.0000   -0.0000    0.0000
   4242.54    0.0000   -0.0000    0.0000
   4243.57    0.0000   -0.0000    0.0000
   4244.61    0.0000   -0.0000    0.0000
   4245.64    0.0000   -0.0000    0.0000
   4246.67    0.0000   -0.0000   -0.0000
   4247.70    0.0000   -0.0000   -0.0000
   4248.74    0.0000   -0.0000   -0.0000
   4249.77    0.0000    0.0000   -0.0000
   4250.80    0.0000    0.0000   -0.0000
   4251.83    0.0000    0.0000   -0.0000
   4252.87    0.0000    0.0000   -0.0000
   4253.90    0.0000    0.0000    0.0000
   4254.93    0.0000    0.0000    0.0000
   4255.96    0.0000    0.0000    0.0000
   4257.00    0.0000    0.0000    0.0000
   4258.03    0.0000    0.0000    0.0000
   4259.06    0.0000   -0.0000    0.0000
   4260.09    0.0000    0.0000    0.0000
   4261.13    0.0000    0.0000    0.0000
   4262.16    0.0000    0.0000    0.0000
   4263.19    0.0000    0.0000    0.0000
   4264.22    0.0000    0.0000   -0.0000
   4265.26    0.0000    0.0000   -0.0000
   4266.29    0.0000    0.0000   -0.0000
   4267.32    0.0000    0.0000   -0.0000
   4268.35    0.0000    0.0000   -0.0001
   4269.39    0.0000    0.0000   -0.0001
   4270.42    0.0000    0.0000   -0.0001
   4271.45    0.0000    0.0000   -0.0001
   4272.48    0.0000   -0.0000   -0.0000
   4273.52    0.0000   -0.0000   -0.0000
   4274.55    0.0000   -0.0000   -0.0000
   4275.58    0.0000   -0.0000    0.0000
   4276.61    0.0000   -0.0000    0.0000
   4277.65    0.0000   -0.0000    0.0001
   4278.68    0.0000   -0.0000    0.0001
   4279.71    0.0000   -0.0000    0.0001
   4280.74    0.0000   -0.0000    0.0001
   4281.78    0.0000    0.0000    0.0001
   4282.81    0.0000    0.0000    0.0001
   4283.84    0.0000    0.0000    0.0001
   4284.87    0.0000    0.0000    0.0000
   4285.91    0.0000    0.0000    0.0000
   4286.94    0.0000    0.0000   -0.0000
   4287.97    0.0000    0.0000   -0.0000
   4289.00    0.0000    0.0000   -0.0001
   4290.04    0.0000    0.0000   -0.0001
   4291.07    0.0000    0.0000   -0.0001
   4292.10    0.0000   -0.0000   -0.0001
   4293.13    0.0000   -0.0000   -0.0001
   4294.17    0.0000   -0.0000   -0.0001
   4295.20    0.0000   -0.0000   -0.0001
   4296.23    0.0000   -0.0000   -0.0000
   4297.26    0.0000   -0.0000   -0.0000
   4298.30    0.0000   -0.0000    0.0000
   4299.33    0.0000   -0.0000    0.0000
   4300.36    0.0000   -0.0000    0.0001
   4301.39    0.0000   -0.0000    0.0001
   4302.43    0.0000   -0.0000    0.0001
   4303.46    0.0000    0.0000    0.0001
   4304.49    0.0000    0.0000    0.0001
   4305.52    0.0000    0.0000    0.0001
   4306.56    0.0000    0.0000    0.0001
   4307.59    0.0000    0.0000    0.0000
   4308.62    0.0000    0.0000    0.0000
   4309.65    0.0000    0.0000   -0.0000
   4310.69    0.0000    0.0000   -0.0000
   4311.72    0.0000    0.0000   -0.0001
   4312.75    0.0000    0.0000   -0.0001
   4313.78    0.0000    0.0000   -0.0001
   4314.82    0.0000    0.0000   -0.0001
   4315.85    0.0000    0.0000   -0.0001
   4316.88    0.0000    0.0000   -0.0001
   4317.91    0.0000    0.0000   -0.0001
   4318.95    0.0000   -0.0000   -0.0001
   4319.98    0.0000   -0.0000   -0.0001
   4321.01    0.0000   -0.0000   -0.0000
   4322.04    0.0000   -0.0000   -0.0000
   4323.08    0.0000   -0.0000   -0.0000
   4324.11    0.0000   -0.0000    0.0000
   4325.14    0.0000   -0.0000    0.0000
   4326.17    0.0000   -0.0000    0.0001
   4327.21    0.0000   -0.0000    0.0001
   4328.24    0.0000   -0.0000    0.0001
   4329.27    0.0000    0.0000    0.0001
   4330.30    0.0000    0.0000    0.0001
   4331.34    0.0000    0.0000    0.0001
   4332.37    0.0000    0.0000    0.0001
   4333.40    0.0000    0.0000    0.0001
   4334.43    0.0000    0.0000    0.0000
   4335.47    0.0000    0.0000    0.0000
   4336.50    0.0000    0.0000   -0.0000
   4337.53    0.0000    0.0000   -0.0000
   4338.56    0.0000    0.0000   -0.0000
   4339.60    0.0000    0.0000   -0.0001
   4340.63    0.0000    0.0000   -0.0001
   4341.66    0.0000    0.0000   -0.0001
   4342.69    0.0000    0.0000   -0.0001
   4343.73    0.0000    0.0000   -0.0001
   4344.76    0.0000    0.0000   -0.0001
   4345.79    0.0000    0.0000   -0.0001
   4346.82    0.0000    0.0000   -0.0001
   4347.86    0.0000   -0.0000   -0.0001
   4348.89    0.0000   -0.0000   -0.0001
   4349.92    0.0000   -0.0000   -0.0000
   4350.95    0.0000   -0.0000   -0.0000
   4351.99    0.0000   -0.0000    0.0000
   4353.02    0.0000   -0.0000    0.0000
   4354.05    0.0000   -0.0000    0.0000
   4355.08    0.0000   -0.0000    0.0001
   4356.12    0.0000   -0.0000    0.0001
   4357.15    0.0000    0.0000    0.0001
   4358.18    0.0000    0.0000    0.0001
   4359.21    0.0000    0.0000    0.0001
   4360.25    0.0000    0.0000    0.0001
   4361.28    0.0000    0.0000    0.0001
   4362.31    0.0000    0.0000    0.0001
   4363.34    0.0000    0.0000    0.0001
   4364.38    0.0000    0.0000    0.0000
   4365.41    0.0000    0.0000    0.0000
   4366.44    0.0000    0.0000    0.0000
   4367.47    0.0000    0.0000   -0.0000
   4368.51    0.0000    0.0000   -0.0000
   4369.54    0.0000    0.0000   -0.0000
   4370.57    0.0000    0.0000   -0.0001
   4371.60    0.0000    0.0000   -0.0001
   4372.64    0.0000    0.0000   -0.0001
   4373.67    0.0000    0.0000   -0.0001
   4374.70    0.0000    0.0000   -0.0001
   4375.73    0.0000    0.0000   -0.0001
   4376.77    0.0000    0.0000   -0.0001
   4377.80    0.0000    0.0000   -0.0001
   4378.83    0.0000    0.0000   -0.0001
   4379.86    0.0000    0.0000   -0.0001
   4380.90    0.0000    0.0000   -0.0001
   4381.93    0.0000   -0.0000   -0.0000
   4382.96    0.0000    0.0000   -0.0000
   4383.99    0.0000    0.0000   -0.0000
   4385.03    0.0000    0.0000    0.0000
   4386.06    0.0000    0.0000    0.0000
   4387.09    0.0000    0.0000    0.0000
   4388.12    0.0000    0.0000    0.0000
   4389.16    0.0000    0.0000    0.0001
   4390.19    0.0000    0.0000    0.0001
   4391.22    0.0000    0.0000    0.0001
   4392.25    0.0000    0.0000    0.0001
   4393.29    0.0000    0.0000    0.0001
   4394.32    0.0000    0.0000    0.0001
   4395.35    0.0000    0.0000    0.0001
   4396.38    0.0000    0.0000    0.0001
   4397.42    0.0000    0.0000    0.0001
   4398.45    0.0000    0.0000    0.0000
   4399.48    0.0000    0.0000    0.0000
   4400.51    0.0000    0.0000    0.0000
   4401.55    0.0000    0.0000    0.0000
   4402.58    0.0000    0.0000   -0.0000
   4403.61    0.0000    0.0000   -0.0000
   4404.64    0.0000    0.0000   -0.0000
   4405.68    0.0000    0.0000   -0.0001
   4406.71    0.0000    0.0000   -0.0001
   4407.74    0.0000    0.0000   -0.0001
   4408.77    0.0000    0.0000   -0.0001
   4409.81    0.0000    0.0000   -0.0001
   4410.84    0.0000    0.0000   -0.0001
   4411.87    0.0000    0.0000   -0.0001
   4412.90    0.0000    0.0000   -0.0001
   4413.94    0.0000    0.0000   -0.0001
   4414.97    0.0000    0.0000   -0.0001
   4416.00    0.0000   -0.0000   -0.0000
   4417.03    0.0000   -0.0000   -0.0000
   4418.07    0.0000   -0.0000   -0.0000
   4419.10    0.0000   -0.0000   -0.0000
   4420.13    0.0000   -0.0000    0.0000
   4421.16    0.0000   -0.0000    0.0000
   4422.20    0.0000   -0.0000    0.0000
   4423.23    0.0000   -0.0000    0.0000
   4424.26    0.0000   -0.0000    0.0001
   4425.29    0.0000   -0.0000    0.0001
   4426.33    0.0000   -0.0000    0.0001
   4427.36    0.0000    0.0000    0.0001
   4428.39    0.0000    0.0000    0.0001
   4429.42    0.0000    0.0000    0.0001
   4430.46    0.0000    0.0000    0.0001
   4431.49    0.0000    0.0000    0.0001
   4432.52    0.0000    0.0000    0.0001
   4433.55    0.0000    0.0000    0.0000
   4434.59    0.0000    0.0000    0.0000
   4435.62    0.0000    0.0000    0.0000
   4436.65    0.0000    0.0000    0.0000
   4437.68    0.0000    0.0000   -0.0000
   4438.72    0.0000    0.0000   -0.0000
   4439.75    0.0000    0.0000   -0.0000
   4440.78    0.0000    0.0000   -0.0000
   4441.81    0.0000    0.0000   -0.0000
   4442.85    0.0000    0.0000   -0.0000
   4443.88    0.0000    0.0000   -0.0001
   4444.91    0.0000    0.0000   -0.0001
   4445.94    0.0000    0.0000   -0.0001
   4446.98    0.0000    0.0000   -0.0001
   4448.01    0.0000    0.0000   -0.0001
   4449.04    0.0000    0.0000   -0.0001
   4450.07    0.0000    0.0000   -0.0001
   4451.11    0.0000   -0.0000   -0.0001
   4452.14    0.0000   -0.0000   -0.0000
   4453.17    0.0000   -0.0000   -0.0000
   4454.20    0.0000   -0.0000   -0.0000
   4455.24    0.0000   -0.0000   -0.0000
   4456.27    0.0000   -0.0000   -0.0000
   4457.30    0.0000   -0.0000    0.0000
   4458.33    0.0000   -0.0000    0.0000
   4459.37    0.0000   -0.0000    0.0000
   4460.40    0.0000   -0.0000    0.0000
   4461.43    0.0000   -0.0000    0.0000
   4462.46    0.0000   -0.0000    0.0001
   4463.50    0.0000   -0.0000    0.0001
   4464.53    0.0000   -0.0000    0.0001
   4465.56    0.0000    0.0000    0.0001
   4466.59    0.0000    0.0000    0.0001
   4467.63    0.0000    0.0000    0.0001
   4468.66    0.0000    0.0000    0.0000
   4469.69    0.0000    0.0000    0.0000
   4470.72    0.0000    0.0000    0.0000
   4471.76    0.0000    0.0000    0.0000
   4472.79    0.0000    0.0000    0.0000
   4473.82    0.0000    0.0000    0.0000
   4474.85    0.0000    0.0000   -0.0000
   4475.89    0.0000    0.0000   -0.0000
   4476.92    0.0000    0.0000   -0.0000
   4477.95    0.0000    0.0000   -0.0000
   4478.98    0.0000    0.0000   -0.0000
   4480.02    0.0000    0.0000   -0.0000
   4481.05    0.0000    0.0000   -0.0000
   4482.08    0.0000    0.0000   -0.0001
   4483.11    0.0000    0.0000   -0.0001
   4484.15    0.0000    0.0000   -0.0001
   4485.18    0.0000   -0.0000   -0.0001
   4486.21    0.0000   -0.0000   -0.0001
   4487.24    0.0000   -0.0000   -0.0000
   4488.28    0.0000   -0.0000   -0.0000
   4489.31    0.0000   -0.0000   -0.0000
   4490.34    0.0000   -0.0000   -0.0000
   4491.37    0.0000   -0.0000   -0.0000
   4492.41    0.0000   -0.0000   -0.0000
   4493.44    0.0000   -0.0000   -0.0000
   4494.47    0.0000   -0.0000    0.0000
   4495.50    0.0000   -0.0000    0.0000
   4496.54    0.0000   -0.0000    0.0000
   4497.57    0.0000   -0.0000    0.0000
   4498.60    0.0000   -0.0000    0.0000
   4499.63    0.0000   -0.0000    0.0000
   4500.67    0.0000   -0.0000    0.0001
   4501.70    0.0000   -0.0000    0.0001
   4502.73    0.0000   -0.0000    0.0001
   4503.76    0.0000   -0.0000    0.0001
   4504.80    0.0000    0.0000    0.0001
   4505.83    0.0000    0.0000    0.0001
   4506.86    0.0000    0.0000    0.0000
   4507.89    0.0000    0.0000    0.0000
   4508.93    0.0000    0.0000    0.0000
   4509.96    0.0000    0.0000    0.0000
   4510.99    0.0000    0.0000    0.0000
   4512.02    0.0000    0.0000   -0.0000
   4513.06    0.0000    0.0000   -0.0000
   4514.09    0.0000    0.0000   -0.0000
   4515.12    0.0000    0.0000   -0.0000
   4516.15    0.0000    0.0000   -0.0000
   4517.19    0.0000    0.0000   -0.0000
   4518.22    0.0000    0.0000   -0.0000
   4519.25    0.0000    0.0000   -0.0001
   4520.28    0.0000    0.0000   -0.0001
   4521.32    0.0000    0.0000   -0.0001
   4522.35    0.0000    0.0000   -0.0001
   4523.38    0.0000   -0.0000   -0.0001
   4524.41    0.0000   -0.0000   -0.0001
   4525.45    0.0000   -0.0000   -0.0000
   4526.48    0.0000   -0.0000   -0.0000
   4527.51    0.0000   -0.0000   -0.0000
   4528.54    0.0000   -0.0000   -0.0000
   4529.58    0.0000   -0.0000   -0.0000
   4530.61    0.0000   -0.0000    0.0000
   4531.64    0.0000   -0.0000    0.0000
   4532.67    0.0000   -0.0000    0.0000
   4533.71    0.0000   -0.0000    0.0000
   4534.74    0.0000   -0.0000    0.0000
   4535.77    0.0000   -0.0000    0.0000
   4536.80    0.0000   -0.0000    0.0001
   4537.84    0.0000   -0.0000    0.0001
   4538.87    0.0000    0.0000    0.0001
   4539.90    0.0000    0.0000    0.0001
   4540.93    0.0000    0.0000    0.0001
   4541.97    0.0000    0.0000    0.0001
   4543.00    0.0000    0.0000    0.0000
   4544.03    0.0000    0.0000    0.0000
   4545.06    0.0000    0.0000    0.0000
   4546.10    0.0000    0.0000    0.0000
   4547.13    0.0000    0.0000    0.0000
   4548.16    0.0000    0.0000    0.0000
   4549.19    0.0000    0.0000   -0.0000
   4550.23    0.0000    0.0000   -0.0000
   4551.26    0.0000    0.0000   -0.0000
   4552.29    0.0000    0.0000   -0.0000
   4553.32    0.0000    0.0000   -0.0000
   4554.36    0.0000    0.0000   -0.0001
   4555.39    0.0000    0.0000   -0.0001
   4556.42    0.0000    0.0000   -0.0001
   4557.45    0.0000   -0.0000   -0.0001
   4558.49    0.0000   -0.0000   -0.0001
   4559.52    0.0000   -0.0000   -0.0001
   4560.55    0.0000   -0.0000   -0.0001
   4561.58    0.0000   -0.0000   -0.0001
   4562.62    0.0000   -0.0000   -0.0000
   4563.65    0.0000   -0.0000   -0.0000
   4564.68    0.0000   -0.0000   -0.0000
   4565.71    0.0000   -0.0000   -0.0000
   4566.75    0.0000   -0.0000   -0.0000
   4567.78    0.0000   -0.0000    0.0000
   4568.81    0.0000   -0.0000    0.0000
   4569.84    0.0000   -0.0000    0.0000
   4570.88    0.0000   -0.0000    0.0000
   4571.91    0.0000   -0.0000    0.0000
   4572.94    0.0000   -0.0000    0.0001
   4573.97    0.0000   -0.0000    0.0001
   4575.01    0.0000   -0.0000    0.0001
   4576.04    0.0000   -0.0000    0.0001
   4577.07    0.0000    0.0000    0.0001
   4578.10    0.0000    0.0000    0.0001
   4579.14    0.0000    0.0000    0.0001
   4580.17    0.0000    0.0000    0.0000
   4581.20    0.0000    0.0000    0.0000
   4582.23    0.0000    0.0000    0.0000
   4583.27    0.0000    0.0000    0.0000
   4584.30    0.0000    0.0000    0.0000
   4585.33    0.0000    0.0000   -0.0000
   4586.36    0.0000    0.0000   -0.0000
   4587.40    0.0000    0.0000   -0.0000
   4588.43    0.0000    0.0000   -0.0000
   4589.46    0.0000    0.0000   -0.0000
   4590.49    0.0000    0.0000   -0.0001
   4591.53    0.0000    0.0000   -0.0001
   4592.56    0.0000    0.0000   -0.0001
   4593.59    0.0000    0.0000   -0.0001
   4594.62    0.0000   -0.0000   -0.0001
   4595.66    0.0000   -0.0000   -0.0001
   4596.69    0.0000   -0.0000   -0.0001
   4597.72    0.0000   -0.0000   -0.0001
   4598.75    0.0000   -0.0000   -0.0000
   4599.79    0.0000   -0.0000   -0.0000
   4600.82    0.0000   -0.0000   -0.0000
   4601.85    0.0000   -0.0000   -0.0000
   4602.88    0.0000   -0.0000   -0.0000
   4603.92    0.0000   -0.0000    0.0000
   4604.95    0.0000   -0.0000    0.0000
   4605.98    0.0000    0.0000    0.0000
   4607.01    0.0000    0.0000    0.0000
   4608.05    0.0000    0.0000    0.0000
   4609.08    0.0000    0.0000    0.0001
   4610.11    0.0000    0.0000    0.0001
   4611.14    0.0000    0.0000    0.0001
   4612.18    0.0000    0.0000    0.0001
   4613.21    0.0000    0.0000    0.0001
   4614.24    0.0000    0.0000    0.0001
   4615.27    0.0000    0.0000    0.0001
   4616.31    0.0000    0.0000    0.0000
   4617.34    0.0000    0.0000    0.0000
   4618.37    0.0000    0.0000    0.0000
   4619.40    0.0000    0.0000    0.0000
   4620.44    0.0000    0.0000   -0.0000
   4621.47    0.0000    0.0000   -0.0000
   4622.50    0.0000    0.0000   -0.0000
   4623.53    0.0000    0.0000   -0.0000
   4624.57    0.0000   -0.0000   -0.0000
   4625.60    0.0000   -0.0000   -0.0000
   4626.63    0.0000   -0.0000   -0.0001
   4627.66    0.0000   -0.0000   -0.0001
   4628.70    0.0000   -0.0000   -0.0001
   4629.73    0.0000   -0.0000   -0.0001
   4630.76    0.0000    0.0000   -0.0001
   4631.79    0.0000    0.0000   -0.0001
   4632.83    0.0000   -0.0000   -0.0000
   4633.86    0.0000   -0.0000   -0.0000
   4634.89    0.0000   -0.0000   -0.0000
   4635.92    0.0000   -0.0000   -0.0000
   4636.96    0.0000   -0.0000    0.0000
   4637.99    0.0000   -0.0000    0.0000
   4639.02    0.0000   -0.0000    0.0000
   4640.05    0.0000   -0.0000    0.0000
   4641.09    0.0000   -0.0000    0.0000
   4642.12    0.0000   -0.0000    0.0001
   4643.15    0.0000   -0.0000    0.0001
   4644.18    0.0000   -0.0000    0.0001
   4645.22    0.0000   -0.0000    0.0001
   4646.25    0.0000   -0.0000    0.0001
   4647.28    0.0000   -0.0000    0.0001
   4648.31    0.0000    0.0000    0.0000
   4649.35    0.0000    0.0000    0.0000
   4650.38    0.0000    0.0000    0.0000
   4651.41    0.0000    0.0000    0.0000
   4652.44    0.0000    0.0000   -0.0000
   4653.48    0.0000    0.0000   -0.0000
   4654.51    0.0000    0.0000   -0.0000
   4655.54    0.0000    0.0000   -0.0000
   4656.57    0.0000    0.0000   -0.0000
   4657.61    0.0000    0.0000   -0.0001
   4658.64    0.0000    0.0000   -0.0001
   4659.67    0.0000    0.0000   -0.0001
   4660.70    0.0000   -0.0000   -0.0001
   4661.74    0.0000   -0.0000   -0.0000
   4662.77    0.0000   -0.0000   -0.0000
   4663.80    0.0000   -0.0000   -0.0000
   4664.83    0.0000   -0.0000   -0.0000
   4665.87    0.0000   -0.0000   -0.0000
   4666.90    0.0000   -0.0000    0.0000
   4667.93    0.0000   -0.0000    0.0000
   4668.96    0.0000   -0.0000    0.0000
   4670.00    0.0000   -0.0000    0.0000
   4671.03    0.0000   -0.0000    0.0000
   4672.06    0.0000    0.0000    0.0000
   4673.09    0.0000    0.0000    0.0000
   4674.13    0.0000    0.0000    0.0000
   4675.16    0.0000    0.0000    0.0000
   4676.19    0.0000    0.0000    0.0000
   4677.22    0.0000    0.0000    0.0000
   4678.26    0.0000    0.0000    0.0000
   4679.29    0.0000    0.0000   -0.0000
   4680.32    0.0000    0.0000   -0.0000
   4681.35    0.0000    0.0000   -0.0000
   4682.39    0.0000    0.0000   -0.0000
   4683.42    0.0000   -0.0000   -0.0000
   4684.45    0.0000   -0.0000   -0.0001
   4685.48    0.0000    0.0000   -0.0001
   4686.52    0.0000    0.0000   -0.0000
   4687.55    0.0000    0.0000   -0.0000
   4688.58    0.0000    0.0000   -0.0000
   4689.61    0.0000    0.0000   -0.0000
   4690.65    0.0000    0.0000   -0.0000
   4691.68    0.0000    0.0000   -0.0000
   4692.71    0.0000    0.0000   -0.0000
   4693.74    0.0000    0.0000   -0.0000
   4694.78    0.0000   -0.0000   -0.0000
   4695.81    0.0000   -0.0000   -0.0001
   4696.84    0.0000   -0.0000   -0.0001
   4697.87    0.0000   -0.0000   -0.0001
   4698.91    0.0000    0.0000   -0.0001
   4699.94    0.0000    0.0000   -0.0001
   4700.97    0.0000    0.0000   -0.0000
   4702.00    0.0000    0.0000   -0.0000
   4703.04    0.0000    0.0000   -0.0000
   4704.07    0.0000    0.0000   -0.0000
   4705.10    0.0000    0.0000    0.0000
   4706.13    0.0000    0.0000    0.0000
   4707.17    0.0000   -0.0000    0.0000
   4708.20    0.0000   -0.0000   -0.0000
   4709.23    0.0000   -0.0000   -0.0000
   4710.26    0.0000   -0.0000   -0.0000
   4711.30    0.0000   -0.0000   -0.0000
   4712.33    0.0000    0.0000   -0.0000
   4713.36    0.0000    0.0000   -0.0000
   4714.39    0.0000    0.0000   -0.0000
   4715.43    0.0000    0.0000   -0.0000
   4716.46    0.0000    0.0000   -0.0000
   4717.49    0.0000    0.0000   -0.0000
   4718.52    0.0000    0.0000   -0.0000
   4719.56    0.0000   -0.0000   -0.0000
   4720.59    0.0000   -0.0000    0.0000
   4721.62    0.0000   -0.0000    0.0000
   4722.65    0.0000   -0.0000    0.0000
   4723.69    0.0000   -0.0000    0.0000
   4724.72    0.0000   -0.0000    0.0000
   4725.75    0.0000   -0.0000   -0.0000
   4726.78    0.0000    0.0000   -0.0000
   4727.82    0.0000    0.0000   -0.0000
   4728.85    0.0000    0.0000   -0.0000
   4729.88    0.0000    0.0001   -0.0000
   4730.91    0.0000    0.0001   -0.0001
   4731.95    0.0000    0.0001   -0.0001
   4732.98    0.0000    0.0000   -0.0000
   4734.01    0.0000    0.0000   -0.0000
   4735.04    0.0000    0.0000   -0.0000
   4736.08    0.0000   -0.0000   -0.0000
   4737.11    0.0000   -0.0000    0.0000
   4738.14    0.0000   -0.0000    0.0000
   4739.17    0.0000   -0.0001    0.0000
   4740.21    0.0000   -0.0001    0.0000
   4741.24    0.0000   -0.0000    0.0000
   4742.27    0.0000   -0.0000    0.0000
   4743.30    0.0000    0.0000    0.0000
   4744.34    0.0000    0.0000    0.0000
   4745.37    0.0000    0.0000   -0.0000
   4746.40    0.0000    0.0001   -0.0000
   4747.43    0.0000    0.0001   -0.0000
   4748.47    0.0000    0.0000   -0.0000
   4749.50    0.0000    0.0000   -0.0000
   4750.53    0.0000    0.0000    0.0000
   4751.56    0.0000   -0.0000    0.0000
   4752.60    0.0000   -0.0000    0.0000
   4753.63    0.0000   -0.0000    0.0000
   4754.66    0.0000   -0.0000    0.0000
   4755.69    0.0000   -0.0000    0.0000
   4756.73    0.0000   -0.0000    0.0000
   4757.76    0.0000   -0.0000    0.0000
   4758.79    0.0000    0.0000    0.0000
   4759.82    0.0000    0.0000    0.0000
   4760.86    0.0000    0.0000    0.0000
   4761.89    0.0000    0.0000    0.0000
   4762.92    0.0000    0.0000    0.0000
   4763.95    0.0000    0.0000    0.0000
   4764.99    0.0000    0.0000    0.0000
   4766.02    0.0000    0.0000    0.0000
   4767.05    0.0000    0.0000    0.0000
   4768.08    0.0000    0.0000    0.0000
   4769.12    0.0000    0.0000    0.0000
   4770.15    0.0000    0.0000    0.0000
   4771.18    0.0000    0.0000    0.0000
   4772.21    0.0000    0.0000    0.0000
   4773.25    0.0000    0.0000    0.0000
   4774.28    0.0000    0.0000    0.0000
   4775.31    0.0000    0.0000    0.0000
   4776.34    0.0000    0.0000    0.0000
   4777.38    0.0000    0.0000    0.0000
   4778.41    0.0000    0.0000    0.0000
   4779.44    0.0000    0.0000    0.0000
   4780.47    0.0000   -0.0000    0.0000
   4781.51    0.0000   -0.0000    0.0000
   4782.54    0.0000   -0.0000    0.0000
   4783.57    0.0000   -0.0000    0.0000
   4784.60    0.0000   -0.0000    0.0001
   4785.64    0.0000   -0.0000    0.0001
   4786.67    0.0000   -0.0000    0.0001
   4787.70    0.0000   -0.0000    0.0001
   4788.73    0.0000   -0.0000    0.0001
   4789.77    0.0000   -0.0000    0.0001
   4790.80    0.0000   -0.0000    0.0001
   4791.83    0.0000   -0.0000    0.0001
   4792.86    0.0000   -0.0000    0.0001
   4793.90    0.0000   -0.0000    0.0001
   4794.93    0.0000   -0.0000    0.0001
   4795.96    0.0000   -0.0000    0.0001
   4796.99    0.0000   -0.0000    0.0001
   4798.03    0.0000   -0.0000    0.0001
   4799.06    0.0000   -0.0000    0.0001
   4800.09    0.0000   -0.0000    0.0001
   4801.12    0.0000   -0.0000    0.0001
   4802.16    0.0000   -0.0000    0.0001
   4803.19    0.0000   -0.0000    0.0001
   4804.22    0.0000   -0.0000    0.0001
   4805.25    0.0000   -0.0000    0.0001
   4806.29    0.0000   -0.0000    0.0001
   4807.32    0.0000   -0.0000    0.0002
   4808.35    0.0000   -0.0000    0.0002
   4809.38    0.0000   -0.0000    0.0002
   4810.42    0.0000   -0.0000    0.0002
   4811.45    0.0000   -0.0000    0.0002
   4812.48    0.0000   -0.0000    0.0002
   4813.51    0.0000   -0.0000    0.0002
   4814.55    0.0000   -0.0000    0.0002
   4815.58    0.0000   -0.0000    0.0002
   4816.61    0.0000   -0.0000    0.0002
   4817.64    0.0000   -0.0000    0.0002
   4818.68    0.0000   -0.0000    0.0002
   4819.71    0.0000   -0.0000    0.0002
   4820.74    0.0000   -0.0000    0.0003
   4821.77    0.0000   -0.0000    0.0003
   4822.81    0.0000   -0.0000    0.0003
   4823.84    0.0000    0.0000    0.0003
   4824.87    0.0000    0.0000    0.0003
   4825.90    0.0000    0.0000    0.0003
   4826.94    0.0000    0.0000    0.0003
   4827.97    0.0000    0.0000    0.0003
   4829.00    0.0000    0.0000    0.0003
   4830.03    0.0000    0.0000    0.0004
   4831.07    0.0000    0.0000    0.0004
   4832.10    0.0000    0.0000    0.0004
   4833.13    0.0000    0.0000    0.0004
   4834.16    0.0000    0.0000    0.0004
   4835.20    0.0000    0.0000    0.0004
   4836.23    0.0000    0.0000    0.0004
   4837.26    0.0000    0.0000    0.0005
   4838.29    0.0000    0.0000    0.0005
   4839.33    0.0000    0.0001    0.0005
   4840.36    0.0000    0.0001    0.0005
   4841.39    0.0000    0.0001    0.0005
   4842.42    0.0000    0.0001    0.0005
   4843.46    0.0000    0.0001    0.0006
   4844.49    0.0000    0.0001    0.0006
   4845.52    0.0000    0.0001    0.0006
   4846.55    0.0000    0.0001    0.0006
   4847.59    0.0000    0.0001    0.0006
   4848.62    0.0000    0.0001    0.0006
   4849.65    0.0000    0.0001    0.0007
   4850.68    0.0000    0.0001    0.0007
   4851.72    0.0000    0.0002    0.0007
   4852.75    0.0000    0.0002    0.0007
   4853.78    0.0000    0.0002    0.0007
   4854.81    0.0000    0.0002    0.0008
   4855.85    0.0000    0.0002    0.0008
   4856.88    0.0000    0.0002    0.0008
   4857.91    0.0000    0.0002    0.0008
   4858.94    0.0000    0.0003    0.0008
   4859.98    0.0000    0.0003    0.0009
   4861.01    0.0000    0.0003    0.0009
   4862.04    0.0000    0.0003    0.0009
   4863.07    0.0000    0.0003    0.0009
   4864.11    0.0000    0.0003    0.0010
   4865.14    0.0000    0.0004    0.0010
   4866.17    0.0000    0.0004    0.0010
   4867.20    0.0000    0.0004    0.0010
   4868.24    0.0000    0.0004    0.0011
   4869.27    0.0000    0.0005    0.0011
   4870.30    0.0000    0.0005    0.0011
   4871.33    0.0000    0.0005    0.0012
   4872.37    0.0000    0.0005    0.0012
   4873.40    0.0000    0.0006    0.0012
   4874.43    0.0000    0.0006    0.0012
   4875.46    0.0000    0.0006    0.0013
   4876.50    0.0000    0.0007    0.0013
   4877.53    0.0000    0.0007    0.0013
   4878.56    0.0000    0.0007    0.0014
   4879.59    0.0000    0.0008    0.0013
   4880.63    0.0000    0.0006    0.0011
   4881.66    0.0000    0.0004    0.0006
   4882.69    0.0000    0.0001    0.0000
   4883.72    0.0000   -0.0003   -0.0006
   4884.76    0.0000   -0.0006   -0.0010
   4885.79    0.0000   -0.0007   -0.0013
   4886.82    0.0000   -0.0008   -0.0013
   4887.85    0.0000   -0.0006   -0.0011
   4888.89    0.0000   -0.0004   -0.0007
   4889.92    0.0000   -0.0001   -0.0001
   4890.95    0.0000    0.0002    0.0005
   4891.98    0.0000    0.0005    0.0010
   4893.02    0.0000    0.0007    0.0013
   4894.05    0.0000    0.0008    0.0014
   4895.08    0.0000    0.0007    0.0012
   4896.11    0.0000    0.0005    0.0008
   4897.15    0.0000    0.0002    0.0003
   4898.18    0.0000   -0.0001   -0.0002
   4899.21    0.0000   -0.0004   -0.0007
   4900.24    0.0000   -0.0006   -0.0011
   4901.28    0.0000   -0.0008   -0.0013
   4902.31    0.0000   -0.0008   -0.0013
   4903.34    0.0000   -0.0006   -0.0011
   4904.37    0.0000   -0.0004   -0.0007
   4905.41    0.0000   -0.0001   -0.0002
   4906.44    0.0000    0.0002    0.0003
   4907.47    0.0000    0.0005    0.0008
   4908.50    0.0000    0.0007    0.0012
   4909.54    0.0000    0.0008    0.0013
   4910.57    0.0000    0.0008    0.0013
   4911.60    0.0000    0.0007    0.0011
   4912.63    0.0000    0.0005    0.0007
   4913.67    0.0000    0.0002    0.0003
   4914.70    0.0000   -0.0001   -0.0002
   4915.73    0.0000   -0.0004   -0.0007
   4916.76    0.0000   -0.0006   -0.0010
   4917.80    0.0000   -0.0007   -0.0012
   4918.83    0.0000   -0.0008   -0.0013
   4919.86    0.0000   -0.0007   -0.0012
   4920.89    0.0000   -0.0006   -0.0009
   4921.93    0.0000   -0.0003   -0.0005
   4922.96    0.0000   -0.0001   -0.0001
   4923.99    0.0000    0.0002    0.0004
   4925.02    0.0000    0.0005    0.0008
   4926.06    0.0000    0.0007    0.0011
   4927.09    0.0000    0.0009    0.0013
   4928.12    0.0000    0.0009    0.0013
   4929.15    0.0000    0.0009    0.0012
   4930.19    0.0000    0.0007    0.0010
   4931.22    0.0000    0.0005    0.0007
   4932.25    0.0000    0.0003    0.0003
   4933.28    0.0000   -0.0000   -0.0001
   4934.32    0.0000   -0.0003   -0.0005
   4935.35    0.0000   -0.0005   -0.0009
   4936.38    0.0000   -0.0007   -0.0011
   4937.41    0.0000   -0.0008   -0.0012
   4938.45    0.0000   -0.0008   -0.0012
   4939.48    0.0000   -0.0007   -0.0011
   4940.51    0.0000   -0.0005   -0.0009
   4941.54    0.0000   -0.0003   -0.0006
   4942.58    0.0000   -0.0001   -0.0002
   4943.61    0.0000    0.0002    0.0002
   4944.64    0.0000    0.0004    0.0005
   4945.67    0.0000    0.0006    0.0008
   4946.71    0.0000    0.0008    0.0011
   4947.74    0.0000    0.0009    0.0012
   4948.77    0.0000    0.0010    0.0013
   4949.80    0.0000    0.0010    0.0012
   4950.84    0.0000    0.0009    0.0011
   4951.87    0.0000    0.0008    0.0009
   4952.90    0.0000    0.0006    0.0006
   4953.93    0.0000    0.0004    0.0003
   4954.97    0.0000    0.0002    0.0000
   4956.00    0.0000   -0.0000   -0.0003
   4957.03    0.0000   -0.0002   -0.0006
   4958.06    0.0000   -0.0004   -0.0008
   4959.10    0.0000   -0.0005   -0.0010
   4960.13    0.0000   -0.0006   -0.0011
   4961.16    0.0000   -0.0007   -0.0011
   4962.19    0.0000   -0.0006   -0.0010
   4963.23    0.0000   -0.0006   -0.0009
   4964.26    0.0000   -0.0004   -0.0007
   4965.29    0.0000   -0.0003   -0.0005
   4966.32    0.0000   -0.0001   -0.0002
   4967.36    0.0000    0.0002    0.0001
   4968.39    0.0000    0.0004    0.0004
   4969.42    0.0000    0.0006    0.0007
   4970.45    0.0000    0.0008    0.0009
   4971.49    0.0000    0.0010    0.0011
   4972.52    0.0000    0.0012    0.0013
   4973.55    0.0000    0.0013    0.0014
   4974.58    0.0000    0.0013    0.0014
   4975.62    0.0000    0.0013    0.0014
   4976.65    0.0000    0.0012    0.0013
   4977.68    0.0000    0.0011    0.0011
   4978.71    0.0000    0.0010    0.0009
   4979.75    0.0000    0.0008    0.0007
   4980.78    0.0000    0.0006    0.0005
   4981.81    0.0000    0.0004    0.0002
   4982.84    0.0000    0.0002   -0.0000
   4983.88    0.0000    0.0000   -0.0003
   4984.91    0.0000   -0.0001   -0.0005
   4985.94    0.0000   -0.0003   -0.0006
   4986.97    0.0000   -0.0004   -0.0007
   4988.01    0.0000   -0.0004   -0.0008
   4989.04    0.0000   -0.0004   -0.0008
   4990.07    0.0000   -0.0004   -0.0008
   4991.10    0.0000   -0.0003   -0.0007
   4992.14    0.0000   -0.0002   -0.0006
   4993.17    0.0000   -0.0001   -0.0004
   4994.20    0.0000    0.0001   -0.0002
   4995.23    0.0000    0.0002   -0.0000
   4996.27    0.0000    0.0004    0.0002
   4997.30    0.0000    0.0006    0.0004
   4998.33    0.0000    0.0008    0.0007
   4999.36    0.0000    0.0010    0.0009
   5000.40    0.0000    0.0012    0.0011
   5001.43    0.0000    0.0013    0.0012
   5002.46    0.0000    0.0015    0.0014
   5003.49    0.0000    0.0016    0.0015
   5004.53    0.0000    0.0016    0.0016
   5005.56    0.0000    0.0017    0.0016
   5006.59    0.0000    0.0017    0.0016
   5007.62    0.0000    0.0017    0.0016
   5008.66    0.0000    0.0016    0.0015
   5009.69    0.0000    0.0015    0.0014
   5010.72    0.0000    0.0014    0.0013
   5011.75    0.0000    0.0013    0.0011
   5012.79    0.0000    0.0012    0.0010
   5013.82    0.0000    0.0010    0.0008
   5014.85    0.0000    0.0009    0.0007
   5015.88    0.0000    0.0007    0.0005
   5016.92    0.0000    0.0006    0.0003
   5017.95    0.0000    0.0004    0.0002
   5018.98    0.0000    0.0003    0.0001
   5020.01    0.0000    0.0002   -0.0001
   5021.05    0.0000    0.0001   -0.0002
   5022.08    0.0000    0.0001   -0.0002
   5023.11    0.0000    0.0000   -0.0003
   5024.14    0.0000    0.0001   -0.0003
   5025.18    0.0000    0.0001   -0.0003
   5026.21    0.0000    0.0001   -0.0002
   5027.24    0.0000    0.0002   -0.0001
   5028.27    0.0000    0.0003   -0.0000
   5029.31    0.0000    0.0005    0.0001
   5030.34    0.0000    0.0006    0.0002
   5031.37    0.0000    0.0008    0.0004
   5032.40    0.0000    0.0010    0.0005
   5033.44    0.0000    0.0012    0.0007
   5034.47    0.0000    0.0014    0.0009
   5035.50    0.0000    0.0016    0.0011
   5036.53    0.0000    0.0017    0.0013
   5037.57    0.0000    0.0019    0.0014
   5038.60    0.0000    0.0021    0.0016
   5039.63    0.0000    0.0022    0.0017
   5040.66    0.0000    0.0023    0.0019
   5041.70    0.0000    0.0024    0.0019
   5042.73    0.0000    0.0024    0.0020
   5043.76    0.0000    0.0025    0.0021
   5044.79    0.0000    0.0025    0.0021
   5045.83    0.0000    0.0024    0.0020
   5046.86    0.0000    0.0024    0.0020
   5047.89    0.0000    0.0023    0.0019
   5048.92    0.0000    0.0022    0.0018
   5049.96    0.0000    0.0021    0.0017
   5050.99    0.0000    0.0020    0.0016
   5052.02    0.0000    0.0019    0.0014
   5053.05    0.0000    0.0018    0.0013
   5054.09    0.0000    0.0017    0.0011
   5055.12    0.0000    0.0015    0.0010
   5056.15    0.0000    0.0014    0.0008
   5057.18    0.0000    0.0013    0.0007
   5058.22    0.0000    0.0012    0.0006
   5059.25    0.0000    0.0011    0.0004
   5060.28    0.0000    0.0011    0.0004
   5061.31    0.0000    0.0011    0.0003
   5062.35    0.0000    0.0010    0.0002
   5063.38    0.0000    0.0011    0.0002
   5064.41    0.0000    0.0011    0.0002
   5065.44    0.0000    0.0012    0.0002
   5066.48    0.0000    0.0013    0.0002
   5067.51    0.0000    0.0014    0.0003
   5068.54    0.0000    0.0015    0.0003
   5069.57    0.0000    0.0016    0.0004
   5070.61    0.0000    0.0018    0.0005
   5071.64    0.0000    0.0020    0.0007
   5072.67    0.0000    0.0022    0.0008
   5073.70    0.0000    0.0023    0.0010
   5074.74    0.0000    0.0025    0.0012
   5075.77    0.0000    0.0027    0.0013
   5076.80    0.0000    0.0028    0.0015
   5077.83    0.0000    0.0030    0.0017
   5078.87    0.0000    0.0031    0.0019
   5079.90    0.0000    0.0032    0.0020
   5080.93    0.0000    0.0033    0.0021
   5081.96    0.0000    0.0034    0.0023
   5083.00    0.0000    0.0035    0.0024
   5084.03    0.0000    0.0035    0.0024
   5085.06    0.0000    0.0035    0.0024
   5086.09    0.0000    0.0035    0.0025
   5087.13    0.0000    0.0035    0.0024
   5088.16    0.0000    0.0035    0.0024
   5089.19    0.0000    0.0034    0.0023
   5090.22    0.0000    0.0034    0.0022
   5091.26    0.0000    0.0033    0.0021
   5092.29    0.0000    0.0032    0.0020
   5093.32    0.0000    0.0031    0.0018
   5094.35    0.0000    0.0030    0.0017
   5095.39    0.0000    0.0030    0.0015
   5096.42    0.0000    0.0029    0.0013
   5097.45    0.0000    0.0028    0.0012
   5098.48    0.0000    0.0028    0.0010
   5099.52    0.0000    0.0027    0.0009
   5100.55    0.0000    0.0027    0.0008
   5101.58    0.0000    0.0027    0.0007
   5102.61    0.0000    0.0028    0.0006
   5103.65    0.0000    0.0028    0.0006
   5104.68    0.0000    0.0029    0.0006
   5105.71    0.0000    0.0030    0.0006
   5106.74    0.0000    0.0031    0.0007
   5107.78    0.0000    0.0032    0.0007
   5108.81    0.0000    0.0034    0.0009
   5109.84    0.0000    0.0035    0.0010
   5110.87    0.0000    0.0037    0.0012
   5111.91    0.0000    0.0038    0.0013
   5112.94    0.0000    0.0040    0.0015
   5113.97    0.0000    0.0041    0.0017
   5115.00    0.0000    0.0043    0.0019
   5116.04    0.0000    0.0044    0.0021
   5117.07    0.0000    0.0045    0.0023
   5118.10    0.0000    0.0046    0.0024
   5119.13    0.0000    0.0047    0.0026
   5120.17    0.0000    0.0047    0.0027
   5121.20    0.0000    0.0047    0.0028
   5122.23    0.0000    0.0047    0.0028
   5123.26    0.0000    0.0047    0.0028
   5124.30    0.0000    0.0047    0.0028
   5125.33    0.0000    0.0046    0.0028
   5126.36    0.0000    0.0045    0.0027
   5127.39    0.0000    0.0044    0.0026
   5128.43    0.0000    0.0043    0.0024
   5129.46    0.0000    0.0042    0.0023
   5130.49    0.0000    0.0041    0.0021
   5131.52    0.0000    0.0040    0.0019
   5132.56    0.0000    0.0039    0.0018
   5133.59    0.0000    0.0038    0.0016
   5134.62    0.0000    0.0037    0.0014
   5135.65    0.0000    0.0037    0.0013
   5136.69    0.0000    0.0036    0.0012
   5137.72    0.0000    0.0037    0.0011
   5138.75    0.0000    0.0037    0.0011
   5139.78    0.0000    0.0037    0.0011
   5140.82    0.0000    0.0038    0.0011
   5141.85    0.0000    0.0039    0.0012
   5142.88    0.0000    0.0040    0.0013
   5143.91    0.0000    0.0041    0.0014
   5144.95    0.0000    0.0043    0.0016
   5145.98    0.0000    0.0044    0.0017
   5147.01    0.0000    0.0045    0.0019
   5148.04    0.0000    0.0046    0.0021
   5149.08    0.0000    0.0047    0.0022
   5150.11    0.0000    0.0048    0.0023
   5151.14    0.0000    0.0048    0.0024
   5152.17    0.0000    0.0047    0.0025
   5153.21    0.0000    0.0046    0.0024
   5154.24    0.0000    0.0044    0.0024
   5155.27    0.0000    0.0042    0.0022
   5156.30    0.0000    0.0040    0.0020
   5157.34    0.0000    0.0037    0.0018
   5158.37    0.0000    0.0034    0.0016
   5159.40    0.0000    0.0031    0.0013
   5160.43    0.0000    0.0028    0.0011
   5161.47    0.0000    0.0026    0.0008
   5162.50    0.0000    0.0024    0.0007
   5163.53    0.0000    0.0023    0.0005
   5164.56    0.0000    0.0022    0.0005
   5165.60    0.0000    0.0022    0.0005
   5166.63    0.0000    0.0022    0.0006
   5167.66    0.0000    0.0024    0.0008
   5168.69    0.0000    0.0025    0.0011
   5169.73    0.0000    0.0027    0.0014
   5170.76    0.0000    0.0029    0.0017
   5171.79    0.0000    0.0032    0.0020
   5172.82    0.0000    0.0034    0.0023
   5173.86    0.0000    0.0036    0.0025
   5174.89    0.0000    0.0037    0.0027
   5175.92    0.0000    0.0038    0.0027
   5176.95    0.0000    0.0039    0.0027
   5177.99    0.0000    0.0038    0.0025
   5179.02    0.0000    0.0037    0.0022
   5180.05    0.0000    0.0035    0.0019
   5181.08    0.0000    0.0032    0.0014
   5182.12    0.0000    0.0029    0.0010
   5183.15    0.0000    0.0025    0.0006
   5184.18    0.0000    0.0020    0.0002
   5185.21    0.0000    0.0016   -0.0001
   5186.25    0.0000    0.0013   -0.0002
   5187.28    0.0000    0.0010   -0.0002
   5188.31    0.0000    0.0009    0.0000
   5189.34    0.0000    0.0008    0.0004
   5190.38    0.0000    0.0010    0.0008
   5191.41    0.0000    0.0012    0.0014
   5192.44    0.0000    0.0015    0.0019
   5193.47    0.0000    0.0019    0.0023
   5194.51    0.0000    0.0022    0.0027
   5195.54    0.0000    0.0025    0.0028
   5196.57    0.0000    0.0027    0.0027
   5197.60    0.0000    0.0027    0.0024
   5198.64    0.0000    0.0026    0.0019
   5199.67    0.0000    0.0024    0.0012
   5200.70    0.0000    0.0020    0.0005
   5201.73    0.0000    0.0015   -0.0001
   5202.77    0.0000    0.0011   -0.0006
   5203.80    0.0000    0.0006   -0.0009
   5204.83    0.0000    0.0003   -0.0008
   5205.86    0.0000    0.0002   -0.0005
   5206.90    0.0000    0.0003    0.0001
   5207.93    0.0000    0.0005    0.0008
   5208.96    0.0000    0.0009    0.0016
   5209.99    0.0000    0.0013    0.0022
   5211.03    0.0000    0.0017    0.0026
   5212.06    0.0000    0.0020    0.0027
   5213.09    0.0000    0.0022    0.0024
   5214.12    0.0000    0.0021    0.0018
   5215.16    0.0000    0.0018    0.0010
   5216.19    0.0000    0.0014    0.0001
   5217.22    0.0000    0.0008   -0.0007
   5218.25    0.0000    0.0003   -0.0012
   5219.29    0.0000   -0.0001   -0.0013
   5220.32    0.0000   -0.0002   -0.0010
   5221.35    0.0000   -0.0001   -0.0003
   5222.38    0.0000    0.0002    0.0006
   5223.42    0.0000    0.0007    0.0015
   5224.45    0.0001   -0.0064   -0.0042
   5225.48    0.0007   -0.0207   -0.0161
   5226.51    0.0019   -0.0340   -0.0273
   5227.55    0.0035   -0.0457   -0.0371
   5228.58    0.0051   -0.0551   -0.0451
   5229.61    0.0061   -0.0602   -0.0497
   5230.64    0.0059   -0.0594   -0.0492
   5231.68    0.0046   -0.0527   -0.0432
   5232.71    0.0029   -0.0424   -0.0333
   5233.74    0.0015   -0.0314   -0.0222
   5234.77    0.0007   -0.0230   -0.0127
   5235.81    0.0004   -0.0192   -0.0071
   5236.84    0.0005   -0.0207   -0.0062
