     #Time      Norm      Real      Imag
   4204.34    0.0000    0.0000   -0.0000
   4205.37    0.0000    0.0000   -0.0000
   4206.40    0.0000    0.0000   -0.0000
   4207.44    0.0000    0.0000   -0.0000
   4208.47    0.0000    0.0000   -0.0000
   4209.50    0.0000    0.0000   -0.0000
   4210.53    0.0000    0.0000   -0.0000
   4211.57    0.0000    0.0000   -0.0000
   4212.60    0.0000    0.0000   -0.0000
   4213.63    0.0000   -0.0000    0.0000
   4214.66    0.0000   -0.0000    0.0000
   4215.70    0.0000   -0.0000    0.0000
   4216.73    0.0000   -0.0000    0.0000
   4217.76    0.0000   -0.0000    0.0000
   4218.79    0.0000   -0.0000    0.0000
   4219.83    0.0000   -0.0000    0.0000
   4220.86    0.0000   -0.0000    0.0000
   4221.89    0.0000    0.0000    0.0000
   4222.92    0.0000    0.0000   -0.0000
   4223.96    0.0000    0.0000   -0.0000
   4224.99    0.0000    0.0000   -0.0000
   4226.02    0.0000    0.0000   -0.0000
   4227.05    0.0000    0.0000   -0.0000
   4228.09    0.0000    0.0000   -0.0000
   4229.12    0.0000    0.0000   -0.0000
   4230.15    0.0000    0.0000   -0.0000
   4231.18    0.0000    0.0000   -0.0000
   4232.22    0.0000   -0.0000    0.0000
   4233.25    0.0000   -0.0000    0.0000
   4234.28    0.0000   -0.0000    0.0000
   4235.31    0.0000   -0.0000    0.0000
   4236.35    0.0000   -0.0000    0.0000
   4237.38    0.0000   -0.0000    0.0000
   4238.41    0.0000   -0.0000    0.0000
   4239.44    0.0000   -0.0000    0.0000
   4240.48    0.0000   -0.0000    0.0000
   4241.51    0.0000   -0.0000    0.0000
   4242.54    0.0000    0.0000    0.0000
   4243.57    0.0000    0.0000   -0.0000
   4244.61    0.0000    0.0000   -0.0000
   4245.64    0.0000    0.0000   -0.0000
   4246.67    0.0000    0.0000   -0.0000
   4247.70    0.0000    0.0000   -0.0000
   4248.74    0.0000    0.0000   -0.0000
   4249.77    0.0000    0.0000   -0.0000
   4250.80    0.0000   -0.0000   -0.0000
   4251.83    0.0000   -0.0000   -0.0000
   4252.87    0.0000   -0.0000    0.0000
   4253.90    0.0000   -0.0000    0.0000
   4254.93    0.0000   -0.0000    0.0000
   4255.96    0.0000   -0.0000    0.0000
   4257.00    0.0000   -0.0000    0.0000
   4258.03    0.0000   -0.0000    0.0000
   4259.06    0.0000   -0.0000    0.0000
   4260.09    0.0000    0.0000   -0.0000
   4261.13    0.0000    0.0000   -0.0000
   4262.16    0.0000    0.0000   -0.0000
   4263.19    0.0000    0.0000   -0.0000
   4264.22    0.0000    0.0000   -0.0000
   4265.26    0.0000    0.0000   -0.0000
   4266.29    0.0000    0.0000   -0.0000
   4267.32    0.0000    0.0000   -0.0000
   4268.35    0.0000    0.0000   -0.0000
   4269.39    0.0000    0.0000    0.0000
   4270.42    0.0000   -0.0000    0.0000
   4271.45    0.0000   -0.0000    0.0000
   4272.48    0.0000   -0.0000    0.0000
   4273.52    0.0000   -0.0000    0.0000
   4274.55    0.0000   -0.0000    0.0000
   4275.58    0.0000   -0.0000    0.0000
   4276.61    0.0000   -0.0000    0.0000
   4277.65    0.0000   -0.0000    0.0000
   4278.68    0.0000   -0.0000    0.0000
   4279.71    0.0000   -0.0000   -0.0000
   4280.74    0.0000   -0.0000   -0.0000
   4281.78    0.0000    0.0000   -0.0000
   4282.81    0.0000    0.0000   -0.0000
   4283.84    0.0000    0.0000   -0.0000
   4284.87    0.0000    0.0000   -0.0000
   4285.91    0.0000    0.0000   -0.0000
   4286.94    0.0000    0.0000   -0.0000
   4287.97    0.0000    0.0000   -0.0000
   4289.00    0.0000    0.0000   -0.0000
   4290.04    0.0000    0.0000   -0.0000
   4291.07    0.0000    0.0000    0.0000
   4292.10    0.0000    0.0000    0.0000
   4293.13    0.0000   -0.0000    0.0000
   4294.17    0.0000   -0.0000    0.0000
   4295.20    0.0000   -0.0000    0.0000
   4296.23    0.0000   -0.0000    0.0000
   4297.26    0.0000   -0.0000    0.0000
   4298.30    0.0000   -0.0000    0.0000
   4299.33    0.0000   -0.0000    0.0000
   4300.36    0.0000   -0.0000    0.0000
   4301.39    0.0000   -0.0000   -0.0000
   4302.43    0.0000   -0.0000   -0.0000
   4303.46    0.0000   -0.0000   -0.0000
   4304.49    0.0000    0.0000   -0.0000
   4305.52    0.0000    0.0000   -0.0000
   4306.56    0.0000    0.0000   -0.0000
   4307.59    0.0000    0.0000   -0.0000
   4308.62    0.0000    0.0000   -0.0000
   4309.65    0.0000    0.0000   -0.0000
   4310.69    0.0000    0.0000   -0.0000
   4311.72    0.0000    0.0000   -0.0000
   4312.75    0.0000    0.0000   -0.0000
   4313.78    0.0000    0.0000    0.0000
   4314.82    0.0000    0.0000    0.0000
   4315.85    0.0000    0.0000    0.0000
   4316.88    0.0000    0.0000    0.0000
   4317.91    0.0000   -0.0000    0.0000
   4318.95    0.0000   -0.0000    0.0000
   4319.98    0.0000   -0.0000    0.0000
   4321.01    0.0000   -0.0000    0.0000
   4322.04    0.0000   -0.0000    0.0000
   4323.08    0.0000   -0.0000    0.0000
   4324.11    0.0000   -0.0000    0.0000
   4325.14    0.0000   -0.0000    0.0000
   4326.17    0.0000   -0.0000    0.0000
   4327.21    0.0000   -0.0000    0.0000
   4328.24    0.0000   -0.0000   -0.0000
   4329.27    0.0000   -0.0000   -0.0000
   4330.30    0.0000   -0.0000   -0.0000
   4331.34    0.0000    0.0000   -0.0000
   4332.37    0.0000    0.0000   -0.0000
   4333.40    0.0000    0.0000   -0.0000
   4334.43    0.0000    0.0000   -0.0000
   4335.47    0.0000    0.0000   -0.0000
   4336.50    0.0000    0.0000   -0.0000
   4337.53    0.0000    0.0000   -0.0000
   4338.56    0.0000    0.0000   -0.0000
   4339.60    0.0000    0.0000   -0.0000
   4340.63    0.0000    0.0000   -0.0000
   4341.66    0.0000    0.0000    0.0000
   4342.69    0.0000    0.0000    0.0000
   4343.73    0.0000    0.0000    0.0000
   4344.76    0.0000    0.0000    0.0000
   4345.79    0.0000   -0.0000    0.0000
   4346.82    0.0000   -0.0000    0.0000
   4347.86    0.0000   -0.0000    0.0000
   4348.89    0.0000   -0.0000    0.0000
   4349.92    0.0000   -0.0000    0.0000
   4350.95    0.0000   -0.0000    0.0000
   4351.99    0.0000   -0.0000    0.0000
   4353.02    0.0000   -0.0000    0.0000
   4354.05    0.0000   -0.0000    0.0000
   4355.08    0.0000   -0.0000    0.0000
   4356.12    0.0000   -0.0000    0.0000
   4357.15    0.0000   -0.0000   -0.0000
   4358.18    0.0000   -0.0000   -0.0000
   4359.21    0.0000   -0.0000   -0.0000
   4360.25    0.0000   -0.0000   -0.0000
   4361.28    0.0000    0.0000   -0.0000
   4362.31    0.0000    0.0000   -0.0000
   4363.34    0.0000    0.0000   -0.0000
   4364.38    0.0000    0.0000   -0.0000
   4365.41    0.0000    0.0000   -0.0000
   4366.44    0.0000    0.0000   -0.0000
   4367.47    0.0000    0.0000   -0.0000
   4368.51    0.0000    0.0000   -0.0000
   4369.54    0.0000    0.0000   -0.0000
   4370.57    0.0000    0.0000   -0.0000
   4371.60    0.0000    0.0000   -0.0000
   4372.64    0.0000    0.0000   -0.0000
   4373.67    0.0000    0.0000    0.0000
   4374.70    0.0000    0.0000    0.0000
   4375.73    0.0000    0.0000    0.0000
   4376.77    0.0000    0.0000    0.0000
   4377.80    0.0000   -0.0000    0.0000
   4378.83    0.0000   -0.0000    0.0000
   4379.86    0.0000   -0.0000    0.0000
   4380.90    0.0000   -0.0000    0.0000
   4381.93    0.0000   -0.0000    0.0000
   4382.96    0.0000   -0.0000    0.0000
   4383.99    0.0000   -0.0000    0.0000
   4385.03    0.0000   -0.0000    0.0000
   4386.06    0.0000   -0.0000    0.0000
   4387.09    0.0000   -0.0000    0.0000
   4388.12    0.0000   -0.0000    0.0000
   4389.16    0.0000   -0.0000    0.0000
   4390.19    0.0000   -0.0000   -0.0000
   4391.22    0.0000   -0.0000   -0.0000
   4392.25    0.0000   -0.0000   -0.0000
   4393.29    0.0000   -0.0000   -0.0000
   4394.32    0.0000   -0.0000   -0.0000
   4395.35    0.0000    0.0000   -0.0000
   4396.38    0.0000    0.0000   -0.0000
   4397.42    0.0000    0.0000   -0.0000
   4398.45    0.0000    0.0000   -0.0000
   4399.48    0.0000    0.0000   -0.0000
   4400.51    0.0000    0.0000   -0.0000
   4401.55    0.0000    0.0000   -0.0000
   4402.58    0.0000    0.0000   -0.0000
   4403.61    0.0000    0.0000   -0.0000
   4404.64    0.0000    0.0000   -0.0000
   4405.68    0.0000    0.0000   -0.0000
   4406.71    0.0000    0.0000   -0.0000
   4407.74    0.0000    0.0000   -0.0000
   4408.77    0.0000    0.0000    0.0000
   4409.81    0.0000    0.0000    0.0000
   4410.84    0.0000    0.0000    0.0000
   4411.87    0.0000    0.0000    0.0000
   4412.90    0.0000   -0.0000    0.0000
   4413.94    0.0000   -0.0000    0.0000
   4414.97    0.0000   -0.0000    0.0000
   4416.00    0.0000   -0.0000    0.0000
   4417.03    0.0000   -0.0000    0.0000
   4418.07    0.0000   -0.0000    0.0000
   4419.10    0.0000   -0.0000    0.0000
   4420.13    0.0000   -0.0000    0.0000
   4421.16    0.0000   -0.0000    0.0000
   4422.20    0.0000   -0.0000    0.0000
   4423.23    0.0000   -0.0000    0.0000
   4424.26    0.0000   -0.0000    0.0000
   4425.29    0.0000   -0.0000    0.0000
   4426.33    0.0000   -0.0000   -0.0000
   4427.36    0.0000   -0.0000   -0.0000
   4428.39    0.0000   -0.0000   -0.0000
   4429.42    0.0000   -0.0000   -0.0000
   4430.46    0.0000   -0.0000   -0.0000
   4431.49    0.0000    0.0000   -0.0000
   4432.52    0.0000    0.0000   -0.0000
   4433.55    0.0000    0.0000   -0.0000
   4434.59    0.0000    0.0000   -0.0000
   4435.62    0.0000    0.0000   -0.0000
   4436.65    0.0000    0.0000   -0.0000
   4437.68    0.0000    0.0000   -0.0000
   4438.72    0.0000    0.0000   -0.0000
   4439.75    0.0000    0.0000   -0.0000
   4440.78    0.0000    0.0000   -0.0000
   4441.81    0.0000    0.0000   -0.0000
   4442.85    0.0000    0.0000   -0.0000
   4443.88    0.0000    0.0000   -0.0000
   4444.91    0.0000    0.0000    0.0000
   4445.94    0.0000    0.0000    0.0000
   4446.98    0.0000    0.0000    0.0000
   4448.01    0.0000    0.0000    0.0000
   4449.04    0.0000    0.0000    0.0000
   4450.07    0.0000   -0.0000    0.0000
   4451.11    0.0000   -0.0000    0.0000
   4452.14    0.0000   -0.0000    0.0000
   4453.17    0.0000   -0.0000    0.0000
   4454.20    0.0000   -0.0000    0.0000
   4455.24    0.0000   -0.0000    0.0000
   4456.27    0.0000   -0.0000    0.0000
   4457.30    0.0000   -0.0000    0.0000
   4458.33    0.0000   -0.0000    0.0000
   4459.37    0.0000   -0.0000    0.0000
   4460.40    0.0000   -0.0000    0.0000
   4461.43    0.0000   -0.0000    0.0000
   4462.46    0.0000   -0.0000    0.0000
   4463.50    0.0000   -0.0000    0.0000
   4464.53    0.0000   -0.0000   -0.0000
   4465.56    0.0000   -0.0000   -0.0000
   4466.59    0.0000   -0.0000   -0.0000
   4467.63    0.0000   -0.0000   -0.0000
   4468.66    0.0000    0.0000   -0.0000
   4469.69    0.0000    0.0000   -0.0000
   4470.72    0.0000    0.0000   -0.0000
   4471.76    0.0000    0.0000   -0.0000
   4472.79    0.0000    0.0000   -0.0000
   4473.82    0.0000    0.0000   -0.0000
   4474.85    0.0000    0.0000   -0.0000
   4475.89    0.0000    0.0000   -0.0000
   4476.92    0.0000    0.0000   -0.0000
   4477.95    0.0000    0.0000   -0.0000
   4478.98    0.0000    0.0000   -0.0000
   4480.02    0.0000    0.0000   -0.0000
   4481.05    0.0000    0.0000   -0.0000
   4482.08    0.0000    0.0000   -0.0000
   4483.11    0.0000    0.0000    0.0000
   4484.15    0.0000    0.0000    0.0000
   4485.18    0.0000    0.0000    0.0000
   4486.21    0.0000    0.0000    0.0000
   4487.24    0.0000    0.0000    0.0000
   4488.28    0.0000   -0.0000    0.0000
   4489.31    0.0000   -0.0000    0.0000
   4490.34    0.0000   -0.0000    0.0000
   4491.37    0.0000   -0.0000    0.0000
   4492.41    0.0000   -0.0000    0.0000
   4493.44    0.0000   -0.0000    0.0000
   4494.47    0.0000   -0.0000    0.0000
   4495.50    0.0000   -0.0000    0.0000
   4496.54    0.0000   -0.0000    0.0000
   4497.57    0.0000   -0.0000    0.0000
   4498.60    0.0000   -0.0000    0.0000
   4499.63    0.0000   -0.0000    0.0000
   4500.67    0.0000   -0.0000   -0.0000
   4501.70    0.0000   -0.0000   -0.0000
   4502.73    0.0000   -0.0000   -0.0000
   4503.76    0.0000   -0.0000   -0.0000
   4504.80    0.0000   -0.0000   -0.0000
   4505.83    0.0000    0.0000   -0.0000
   4506.86    0.0000    0.0000   -0.0000
   4507.89    0.0000    0.0000   -0.0000
   4508.93    0.0000    0.0000   -0.0000
   4509.96    0.0000    0.0000   -0.0000
   4510.99    0.0000    0.0000   -0.0000
   4512.02    0.0000    0.0000   -0.0000
   4513.06    0.0000    0.0000   -0.0000
   4514.09    0.0000    0.0000   -0.0000
   4515.12    0.0000    0.0000   -0.0000
   4516.15    0.0000    0.0000   -0.0000
   4517.19    0.0000    0.0000   -0.0000
   4518.22    0.0000    0.0000   -0.0000
   4519.25    0.0000    0.0000    0.0000
   4520.28    0.0000    0.0000    0.0000
   4521.32    0.0000    0.0000    0.0000
   4522.35    0.0000    0.0000    0.0000
   4523.38    0.0000    0.0000    0.0000
   4524.41    0.0000   -0.0000    0.0000
   4525.45    0.0000   -0.0000    0.0000
   4526.48    0.0000   -0.0000    0.0000
   4527.51    0.0000   -0.0000    0.0000
   4528.54    0.0000   -0.0000    0.0000
   4529.58    0.0000   -0.0000    0.0000
   4530.61    0.0000   -0.0000    0.0000
   4531.64    0.0000   -0.0000    0.0000
   4532.67    0.0000   -0.0000    0.0000
   4533.71    0.0000   -0.0000    0.0000
   4534.74    0.0000   -0.0000    0.0000
   4535.77    0.0000   -0.0000    0.0000
   4536.80    0.0000   -0.0000    0.0000
   4537.84    0.0000   -0.0000   -0.0000
   4538.87    0.0000   -0.0000   -0.0000
   4539.90    0.0000   -0.0000   -0.0000
   4540.93    0.0000   -0.0000   -0.0000
   4541.97    0.0000   -0.0000   -0.0000
   4543.00    0.0000    0.0000   -0.0000
   4544.03    0.0000    0.0000   -0.0000
   4545.06    0.0000    0.0000   -0.0000
   4546.10    0.0000    0.0000   -0.0000
   4547.13    0.0000    0.0000   -0.0000
   4548.16    0.0000    0.0000   -0.0000
   4549.19    0.0000    0.0000   -0.0000
   4550.23    0.0000    0.0000   -0.0000
   4551.26    0.0000    0.0000   -0.0000
   4552.29    0.0000    0.0000   -0.0000
   4553.32    0.0000    0.0000   -0.0000
   4554.36    0.0000    0.0000   -0.0000
   4555.39    0.0000    0.0000    0.0000
   4556.42    0.0000    0.0000    0.0000
   4557.45    0.0000    0.0000    0.0000
   4558.49    0.0000    0.0000    0.0000
   4559.52    0.0000   -0.0000    0.0000
   4560.55    0.0000   -0.0000    0.0000
   4561.58    0.0000   -0.0000    0.0000
   4562.62    0.0000   -0.0000    0.0000
   4563.65    0.0000   -0.0000    0.0000
   4564.68    0.0000   -0.0000    0.0000
   4565.71    0.0000   -0.0000    0.0000
   4566.75    0.0000   -0.0000    0.0000
   4567.78    0.0000   -0.0000    0.0000
   4568.81    0.0000   -0.0000    0.0000
   4569.84    0.0000   -0.0000    0.0000
   4570.88    0.0000   -0.0000    0.0000
   4571.91    0.0000   -0.0000    0.0000
   4572.94    0.0000   -0.0000    0.0000
   4573.97    0.0000   -0.0000   -0.0000
   4575.01    0.0000   -0.0000   -0.0000
   4576.04    0.0000   -0.0000   -0.0000
   4577.07    0.0000   -0.0000   -0.0000
   4578.10    0.0000   -0.0000   -0.0000
   4579.14    0.0000    0.0000   -0.0000
   4580.17    0.0000    0.0000   -0.0000
   4581.20    0.0000    0.0000   -0.0000
   4582.23    0.0000    0.0000   -0.0000
   4583.27    0.0000    0.0000   -0.0000
   4584.30    0.0000    0.0000   -0.0000
   4585.33    0.0000    0.0000   -0.0000
   4586.36    0.0000    0.0000   -0.0000
   4587.40    0.0000    0.0000   -0.0000
   4588.43    0.0000    0.0000   -0.0000
   4589.46    0.0000    0.0000   -0.0000
   4590.49    0.0000    0.0000   -0.0000
   4591.53    0.0000    0.0000   -0.0000
   4592.56    0.0000    0.0000    0.0000
   4593.59    0.0000    0.0000    0.0000
   4594.62    0.0000    0.0000    0.0000
   4595.66    0.0000   -0.0000    0.0000
   4596.69    0.0000   -0.0000    0.0000
   4597.72    0.0000   -0.0000    0.0000
   4598.75    0.0000   -0.0000    0.0000
   4599.79    0.0000   -0.0000    0.0000
   4600.82    0.0000   -0.0000    0.0000
   4601.85    0.0000   -0.0000    0.0000
   4602.88    0.0000   -0.0000    0.0000
   4603.92    0.0000   -0.0000    0.0000
   4604.95    0.0000   -0.0000    0.0000
   4605.98    0.0000   -0.0000    0.0000
   4607.01    0.0000   -0.0000    0.0000
   4608.05    0.0000   -0.0000    0.0000
   4609.08    0.0000   -0.0000    0.0000
   4610.11    0.0000   -0.0000   -0.0000
   4611.14    0.0000   -0.0000   -0.0000
   4612.18    0.0000   -0.0000   -0.0000
   4613.21    0.0000    0.0000   -0.0000
   4614.24    0.0000    0.0000   -0.0000
   4615.27    0.0000    0.0000   -0.0000
   4616.31    0.0000    0.0000   -0.0000
   4617.34    0.0000    0.0000   -0.0000
   4618.37    0.0000    0.0000   -0.0000
   4619.40    0.0000    0.0000   -0.0000
   4620.44    0.0000    0.0000   -0.0000
   4621.47    0.0000    0.0000   -0.0000
   4622.50    0.0000    0.0000   -0.0000
   4623.53    0.0000    0.0000   -0.0000
   4624.57    0.0000    0.0000   -0.0000
   4625.60    0.0000    0.0000   -0.0000
   4626.63    0.0000    0.0000    0.0000
   4627.66    0.0000    0.0000    0.0000
   4628.70    0.0000    0.0000    0.0000
   4629.73    0.0000    0.0000    0.0000
   4630.76    0.0000   -0.0000    0.0000
   4631.79    0.0000   -0.0000    0.0000
   4632.83    0.0000   -0.0000    0.0000
   4633.86    0.0000   -0.0000    0.0000
   4634.89    0.0000   -0.0000    0.0000
   4635.92    0.0000   -0.0000    0.0000
   4636.96    0.0000   -0.0000    0.0000
   4637.99    0.0000   -0.0000    0.0000
   4639.02    0.0000   -0.0000    0.0000
   4640.05    0.0000   -0.0000    0.0000
   4641.09    0.0000   -0.0000    0.0000
   4642.12    0.0000   -0.0000   -0.0000
   4643.15    0.0000   -0.0000   -0.0000
   4644.18    0.0000   -0.0000   -0.0000
   4645.22    0.0000    0.0000   -0.0000
   4646.25    0.0000    0.0000   -0.0000
   4647.28    0.0000    0.0000   -0.0000
   4648.31    0.0000    0.0000   -0.0000
   4649.35    0.0000    0.0000   -0.0000
   4650.38    0.0000    0.0000   -0.0000
   4651.41    0.0000    0.0000   -0.0000
   4652.44    0.0000    0.0000   -0.0000
   4653.48    0.0000    0.0000   -0.0000
   4654.51    0.0000    0.0000   -0.0000
   4655.54    0.0000    0.0000   -0.0000
   4656.57    0.0000    0.0000    0.0000
   4657.61    0.0000    0.0000    0.0000
   4658.64    0.0000    0.0000    0.0000
   4659.67    0.0000   -0.0000    0.0000
   4660.70    0.0000   -0.0000    0.0000
   4661.74    0.0000   -0.0000    0.0000
   4662.77    0.0000   -0.0000    0.0000
   4663.80    0.0000   -0.0000    0.0000
   4664.83    0.0000   -0.0000    0.0000
   4665.87    0.0000   -0.0000    0.0000
   4666.90    0.0000   -0.0000    0.0000
   4667.93    0.0000   -0.0000    0.0000
   4668.96    0.0000   -0.0000    0.0000
   4670.00    0.0000   -0.0000   -0.0000
   4671.03    0.0000   -0.0000   -0.0000
   4672.06    0.0000   -0.0000   -0.0000
   4673.09    0.0000    0.0000   -0.0000
   4674.13    0.0000    0.0000   -0.0000
   4675.16    0.0000    0.0000   -0.0000
   4676.19    0.0000    0.0000   -0.0000
   4677.22    0.0000    0.0000   -0.0000
   4678.26    0.0000    0.0000   -0.0000
   4679.29    0.0000    0.0000   -0.0000
   4680.32    0.0000    0.0000   -0.0000
   4681.35    0.0000    0.0000    0.0000
   4682.39    0.0000    0.0000    0.0000
   4683.42    0.0000    0.0000    0.0000
   4684.45    0.0000    0.0000    0.0000
   4685.48    0.0000   -0.0000    0.0000
   4686.52    0.0000   -0.0000    0.0000
   4687.55    0.0000   -0.0000    0.0000
   4688.58    0.0000   -0.0000    0.0000
   4689.61    0.0000   -0.0000   -0.0000
   4690.65    0.0000    0.0000   -0.0000
   4691.68    0.0000    0.0000   -0.0000
   4692.71    0.0000    0.0000   -0.0000
   4693.74    0.0000    0.0000   -0.0000
   4694.78    0.0000    0.0000   -0.0000
   4695.81    0.0000    0.0000    0.0000
   4696.84    0.0000   -0.0000    0.0000
   4697.87    0.0000   -0.0000    0.0000
   4698.91    0.0000   -0.0000    0.0000
   4699.94    0.0000   -0.0000    0.0000
   4700.97    0.0000   -0.0000    0.0000
   4702.00    0.0000   -0.0000    0.0000
   4703.04    0.0000   -0.0000   -0.0000
   4704.07    0.0000   -0.0000   -0.0000
   4705.10    0.0000    0.0000   -0.0000
   4706.13    0.0000    0.0000   -0.0000
   4707.17    0.0000    0.0000   -0.0000
   4708.20    0.0000    0.0000   -0.0000
   4709.23    0.0000    0.0000    0.0000
   4710.26    0.0000    0.0000    0.0000
   4711.30    0.0000   -0.0000    0.0000
   4712.33    0.0000   -0.0000    0.0000
   4713.36    0.0000   -0.0000   -0.0000
   4714.39    0.0000   -0.0000   -0.0000
   4715.43    0.0000   -0.0000   -0.0000
   4716.46    0.0000   -0.0000   -0.0000
   4717.49    0.0000   -0.0000   -0.0000
   4718.52    0.0000   -0.0000   -0.0000
   4719.56    0.0000   -0.0000    0.0000
   4720.59    0.0000   -0.0000    0.0000
   4721.62    0.0000    0.0000    0.0000
   4722.65    0.0000    0.0000    0.0000
   4723.69    0.0000    0.0000    0.0000
   4724.72    0.0000    0.0000    0.0000
   4725.75    0.0000    0.0000    0.0000
   4726.78    0.0000    0.0000    0.0000
   4727.82    0.0000    0.0000   -0.0000
   4728.85    0.0000    0.0000   -0.0000
   4729.88    0.0000    0.0000   -0.0000
   4730.91    0.0000   -0.0000   -0.0000
   4731.95    0.0000   -0.0000   -0.0000
   4732.98    0.0000   -0.0000   -0.0000
   4734.01    0.0000   -0.0000   -0.0000
   4735.04    0.0000   -0.0000    0.0000
   4736.08    0.0000   -0.0000    0.0000
   4737.11    0.0000   -0.0000    0.0000
   4738.14    0.0000   -0.0000    0.0000
   4739.17    0.0000   -0.0000    0.0000
   4740.21    0.0000   -0.0000    0.0000
   4741.24    0.0000   -0.0000    0.0000
   4742.27    0.0000   -0.0000    0.0000
   4743.30    0.0000   -0.0000   -0.0000
   4744.34    0.0000    0.0000   -0.0000
   4745.37    0.0000    0.0000   -0.0000
   4746.40    0.0000    0.0000   -0.0000
   4747.43    0.0000    0.0000   -0.0000
   4748.47    0.0000    0.0000   -0.0000
   4749.50    0.0000    0.0000   -0.0000
   4750.53    0.0000    0.0000    0.0000
   4751.56    0.0000   -0.0000    0.0000
   4752.60    0.0000   -0.0000    0.0000
   4753.63    0.0000   -0.0000    0.0000
   4754.66    0.0000   -0.0000    0.0000
   4755.69    0.0000   -0.0000    0.0000
   4756.73    0.0000   -0.0000    0.0000
   4757.76    0.0000   -0.0000   -0.0000
   4758.79    0.0000   -0.0000   -0.0000
   4759.82    0.0000   -0.0000   -0.0000
   4760.86    0.0000    0.0000   -0.0000
   4761.89    0.0000    0.0000   -0.0000
   4762.92    0.0000    0.0000   -0.0000
   4763.95    0.0000    0.0000   -0.0000
   4764.99    0.0000    0.0000   -0.0000
   4766.02    0.0000    0.0000   -0.0000
   4767.05    0.0000    0.0000   -0.0000
   4768.08    0.0000    0.0000   -0.0000
   4769.12    0.0000    0.0000   -0.0000
   4770.15    0.0000    0.0000    0.0000
   4771.18    0.0000    0.0000    0.0000
   4772.21    0.0000    0.0000    0.0000
   4773.25    0.0000   -0.0000    0.0000
   4774.28    0.0000   -0.0000    0.0000
   4775.31    0.0000   -0.0000    0.0000
   4776.34    0.0000   -0.0000   -0.0000
   4777.38    0.0000    0.0000   -0.0000
   4778.41    0.0000    0.0000   -0.0000
   4779.44    0.0000    0.0000   -0.0000
   4780.47    0.0000    0.0000   -0.0000
   4781.51    0.0000    0.0000   -0.0000
   4782.54    0.0000    0.0000   -0.0000
   4783.57    0.0000    0.0000   -0.0000
   4784.60    0.0000    0.0000   -0.0000
   4785.64    0.0000    0.0000   -0.0000
   4786.67    0.0000    0.0000   -0.0000
   4787.70    0.0000    0.0000   -0.0000
   4788.73    0.0000    0.0000   -0.0000
   4789.77    0.0000    0.0000   -0.0000
   4790.80    0.0000    0.0000   -0.0000
   4791.83    0.0000    0.0000   -0.0000
   4792.86    0.0000    0.0000   -0.0000
   4793.90    0.0000    0.0000   -0.0000
   4794.93    0.0000    0.0000   -0.0000
   4795.96    0.0000    0.0000   -0.0000
   4796.99    0.0000    0.0000   -0.0000
   4798.03    0.0000    0.0000   -0.0000
   4799.06    0.0000    0.0000   -0.0000
   4800.09    0.0000    0.0000   -0.0000
   4801.12    0.0000    0.0000    0.0000
   4802.16    0.0000    0.0000    0.0000
   4803.19    0.0000    0.0000    0.0000
   4804.22    0.0000    0.0000   -0.0000
   4805.25    0.0000    0.0000   -0.0000
   4806.29    0.0000    0.0000   -0.0000
   4807.32    0.0000    0.0000   -0.0000
   4808.35    0.0000    0.0000   -0.0000
   4809.38    0.0000    0.0000   -0.0000
   4810.42    0.0000    0.0000   -0.0000
   4811.45    0.0000    0.0000   -0.0000
   4812.48    0.0000    0.0000   -0.0000
   4813.51    0.0000    0.0000   -0.0000
   4814.55    0.0000    0.0000   -0.0000
   4815.58    0.0000    0.0000   -0.0000
   4816.61    0.0000    0.0000   -0.0000
   4817.64    0.0000    0.0000   -0.0000
   4818.68    0.0000    0.0000   -0.0000
   4819.71    0.0000    0.0000   -0.0000
   4820.74    0.0000    0.0000   -0.0000
   4821.77    0.0000    0.0000   -0.0000
   4822.81    0.0000    0.0000   -0.0000
   4823.84    0.0000    0.0000   -0.0000
   4824.87    0.0000    0.0000   -0.0000
   4825.90    0.0000    0.0000   -0.0000
   4826.94    0.0000    0.0000   -0.0000
   4827.97    0.0000    0.0000   -0.0000
   4829.00    0.0000    0.0000   -0.0000
   4830.03    0.0000    0.0000   -0.0000
   4831.07    0.0000    0.0000   -0.0000
   4832.10    0.0000    0.0000   -0.0000
   4833.13    0.0000    0.0000   -0.0000
   4834.16    0.0000    0.0000   -0.0000
   4835.20    0.0000    0.0000   -0.0000
   4836.23    0.0000    0.0000   -0.0000
   4837.26    0.0000    0.0000   -0.0000
   4838.29    0.0000    0.0000   -0.0000
   4839.33    0.0000    0.0000   -0.0000
   4840.36    0.0000    0.0000   -0.0000
   4841.39    0.0000    0.0000   -0.0000
   4842.42    0.0000    0.0000   -0.0000
   4843.46    0.0000    0.0000   -0.0000
   4844.49    0.0000    0.0000   -0.0000
   4845.52    0.0000    0.0000   -0.0000
   4846.55    0.0000    0.0000   -0.0000
   4847.59    0.0000    0.0000   -0.0000
   4848.62    0.0000    0.0000   -0.0000
   4849.65    0.0000    0.0000   -0.0000
   4850.68    0.0000    0.0000   -0.0000
   4851.72    0.0000    0.0000   -0.0000
   4852.75    0.0000    0.0000   -0.0000
   4853.78    0.0000    0.0000   -0.0000
   4854.81    0.0000    0.0000   -0.0000
   4855.85    0.0000    0.0000   -0.0000
   4856.88    0.0000    0.0000   -0.0000
   4857.91    0.0000    0.0000   -0.0000
   4858.94    0.0000    0.0000   -0.0000
   4859.98    0.0000    0.0000   -0.0000
   4861.01    0.0000    0.0000   -0.0000
   4862.04    0.0000    0.0000   -0.0000
   4863.07    0.0000    0.0000   -0.0000
   4864.11    0.0000    0.0000   -0.0000
   4865.14    0.0000    0.0000   -0.0000
   4866.17    0.0000    0.0000   -0.0000
   4867.20    0.0000    0.0000   -0.0000
   4868.24    0.0000    0.0000   -0.0000
   4869.27    0.0000    0.0000   -0.0000
   4870.30    0.0000    0.0000   -0.0000
   4871.33    0.0000    0.0000   -0.0000
   4872.37    0.0000    0.0000   -0.0000
   4873.40    0.0000    0.0000   -0.0000
   4874.43    0.0000    0.0000   -0.0000
   4875.46    0.0000    0.0000   -0.0000
   4876.50    0.0000    0.0000   -0.0000
   4877.53    0.0000    0.0000   -0.0000
   4878.56    0.0000    0.0000   -0.0000
   4879.59    0.0000   -0.0000    0.0000
   4880.63    0.0000   -0.0000    0.0000
   4881.66    0.0000   -0.0000    0.0000
   4882.69    0.0000   -0.0000    0.0001
   4883.72    0.0000   -0.0000    0.0001
   4884.76    0.0000   -0.0000    0.0000
   4885.79    0.0000   -0.0000    0.0000
   4886.82    0.0000    0.0000   -0.0000
   4887.85    0.0000    0.0000   -0.0000
   4888.89    0.0000    0.0000   -0.0000
   4889.92    0.0000    0.0000   -0.0000
   4890.95    0.0000    0.0000   -0.0000
   4891.98    0.0000    0.0000   -0.0000
   4893.02    0.0000    0.0000   -0.0000
   4894.05    0.0000    0.0000    0.0000
   4895.08    0.0000   -0.0000    0.0000
   4896.11    0.0000   -0.0000    0.0000
   4897.15    0.0000   -0.0000    0.0001
   4898.18    0.0000   -0.0000    0.0001
   4899.21    0.0000   -0.0000    0.0001
   4900.24    0.0000   -0.0000    0.0000
   4901.28    0.0000   -0.0000    0.0000
   4902.31    0.0000    0.0000    0.0000
   4903.34    0.0000    0.0000   -0.0000
   4904.37    0.0000    0.0000   -0.0000
   4905.41    0.0000    0.0000   -0.0000
   4906.44    0.0000    0.0000   -0.0000
   4907.47    0.0000    0.0000   -0.0000
   4908.50    0.0000    0.0000   -0.0000
   4909.54    0.0000    0.0000   -0.0000
   4910.57    0.0000   -0.0000    0.0000
   4911.60    0.0000   -0.0000    0.0000
   4912.63    0.0000   -0.0000    0.0001
   4913.67    0.0000   -0.0000    0.0001
   4914.70    0.0000   -0.0000    0.0001
   4915.73    0.0000   -0.0000    0.0001
   4916.76    0.0000   -0.0000    0.0000
   4917.80    0.0000   -0.0000    0.0000
   4918.83    0.0000   -0.0000    0.0000
   4919.86    0.0000    0.0000   -0.0000
   4920.89    0.0000    0.0000   -0.0000
   4921.93    0.0000    0.0000   -0.0000
   4922.96    0.0000    0.0000   -0.0000
   4923.99    0.0000    0.0000   -0.0000
   4925.02    0.0000    0.0000   -0.0000
   4926.06    0.0000    0.0000   -0.0000
   4927.09    0.0000    0.0000    0.0000
   4928.12    0.0000    0.0000    0.0000
   4929.15    0.0000   -0.0000    0.0000
   4930.19    0.0000   -0.0000    0.0000
   4931.22    0.0000   -0.0000    0.0001
   4932.25    0.0000   -0.0000    0.0001
   4933.28    0.0000   -0.0000    0.0001
   4934.32    0.0000   -0.0000    0.0001
   4935.35    0.0000   -0.0000    0.0001
   4936.38    0.0000   -0.0000    0.0000
   4937.41    0.0000   -0.0000    0.0000
   4938.45    0.0000   -0.0000    0.0000
   4939.48    0.0000    0.0000    0.0000
   4940.51    0.0000    0.0000   -0.0000
   4941.54    0.0000    0.0000   -0.0000
   4942.58    0.0000    0.0000   -0.0000
   4943.61    0.0000    0.0000   -0.0000
   4944.64    0.0000    0.0000   -0.0000
   4945.67    0.0000    0.0000   -0.0000
   4946.71    0.0000    0.0000    0.0000
   4947.74    0.0000    0.0000    0.0000
   4948.77    0.0000    0.0000    0.0000
   4949.80    0.0000   -0.0000    0.0000
   4950.84    0.0000   -0.0000    0.0001
   4951.87    0.0000   -0.0000    0.0001
   4952.90    0.0000   -0.0000    0.0001
   4953.93    0.0000   -0.0000    0.0001
   4954.97    0.0000   -0.0000    0.0001
   4956.00    0.0000   -0.0000    0.0001
   4957.03    0.0000   -0.0000    0.0001
   4958.06    0.0000   -0.0000    0.0001
   4959.10    0.0000   -0.0000    0.0001
   4960.13    0.0000   -0.0000    0.0001
   4961.16    0.0000   -0.0000    0.0001
   4962.19    0.0000   -0.0000    0.0001
   4963.23    0.0000    0.0000    0.0000
   4964.26    0.0000    0.0000    0.0000
   4965.29    0.0000    0.0000    0.0000
   4966.32    0.0000    0.0000    0.0000
   4967.36    0.0000    0.0000    0.0000
   4968.39    0.0000    0.0000    0.0000
   4969.42    0.0000    0.0000    0.0000
   4970.45    0.0000    0.0000    0.0000
   4971.49    0.0000    0.0000    0.0000
   4972.52    0.0000    0.0000    0.0001
   4973.55    0.0000   -0.0000    0.0001
   4974.58    0.0000   -0.0000    0.0001
   4975.62    0.0000   -0.0000    0.0001
   4976.65    0.0000   -0.0000    0.0001
   4977.68    0.0000   -0.0000    0.0001
   4978.71    0.0000   -0.0000    0.0001
   4979.75    0.0000   -0.0000    0.0001
   4980.78    0.0000   -0.0001    0.0001
   4981.81    0.0000   -0.0001    0.0001
   4982.84    0.0000   -0.0001    0.0001
   4983.88    0.0000   -0.0001    0.0001
   4984.91    0.0000   -0.0001    0.0001
   4985.94    0.0000   -0.0000    0.0001
   4986.97    0.0000   -0.0000    0.0001
   4988.01    0.0000   -0.0000    0.0001
   4989.04    0.0000   -0.0000    0.0001
   4990.07    0.0000   -0.0000    0.0001
   4991.10    0.0000   -0.0000    0.0001
   4992.14    0.0000   -0.0000    0.0001
   4993.17    0.0000   -0.0000    0.0001
   4994.20    0.0000   -0.0000    0.0001
   4995.23    0.0000   -0.0000    0.0001
   4996.27    0.0000   -0.0000    0.0001
   4997.30    0.0000   -0.0000    0.0001
   4998.33    0.0000   -0.0000    0.0001
   4999.36    0.0000   -0.0000    0.0001
   5000.40    0.0000   -0.0000    0.0001
   5001.43    0.0000   -0.0000    0.0001
   5002.46    0.0000   -0.0000    0.0001
   5003.49    0.0000   -0.0000    0.0002
   5004.53    0.0000   -0.0000    0.0002
   5005.56    0.0000   -0.0000    0.0002
   5006.59    0.0000   -0.0001    0.0002
   5007.62    0.0000   -0.0001    0.0002
   5008.66    0.0000   -0.0001    0.0002
   5009.69    0.0000   -0.0001    0.0002
   5010.72    0.0000   -0.0001    0.0002
   5011.75    0.0000   -0.0001    0.0002
   5012.79    0.0000   -0.0001    0.0002
   5013.82    0.0000   -0.0001    0.0003
   5014.85    0.0000   -0.0001    0.0003
   5015.88    0.0000   -0.0001    0.0003
   5016.92    0.0000   -0.0001    0.0003
   5017.95    0.0000   -0.0001    0.0003
   5018.98    0.0000   -0.0001    0.0003
   5020.01    0.0000   -0.0001    0.0003
   5021.05    0.0000   -0.0001    0.0003
   5022.08    0.0000   -0.0001    0.0003
   5023.11    0.0000   -0.0001    0.0003
   5024.14    0.0000   -0.0001    0.0003
   5025.18    0.0000   -0.0001    0.0003
   5026.21    0.0000   -0.0001    0.0003
   5027.24    0.0000   -0.0001    0.0003
   5028.27    0.0000   -0.0001    0.0003
   5029.31    0.0000   -0.0001    0.0003
   5030.34    0.0000   -0.0001    0.0003
   5031.37    0.0000   -0.0001    0.0003
   5032.40    0.0000   -0.0001    0.0003
   5033.44    0.0000   -0.0001    0.0003
   5034.47    0.0000   -0.0001    0.0003
   5035.50    0.0000   -0.0001    0.0003
   5036.53    0.0000   -0.0001    0.0003
   5037.57    0.0000   -0.0001    0.0003
   5038.60    0.0000   -0.0001    0.0003
   5039.63    0.0000   -0.0001    0.0003
   5040.66    0.0000   -0.0001    0.0003
   5041.70    0.0000   -0.0001    0.0004
   5042.73    0.0000   -0.0001    0.0004
   5043.76    0.0000   -0.0001    0.0004
   5044.79    0.0000   -0.0001    0.0004
   5045.83    0.0000   -0.0001    0.0004
   5046.86    0.0000   -0.0002    0.0004
   5047.89    0.0000   -0.0002    0.0004
   5048.92    0.0000   -0.0002    0.0005
   5049.96    0.0000   -0.0002    0.0005
   5050.99    0.0000   -0.0002    0.0005
   5052.02    0.0000   -0.0002    0.0005
   5053.05    0.0000   -0.0002    0.0005
   5054.09    0.0000   -0.0002    0.0005
   5055.12    0.0000   -0.0002    0.0005
   5056.15    0.0000   -0.0002    0.0005
   5057.18    0.0000   -0.0002    0.0005
   5058.22    0.0000   -0.0002    0.0005
   5059.25    0.0000   -0.0002    0.0005
   5060.28    0.0000   -0.0002    0.0005
   5061.31    0.0000   -0.0002    0.0006
   5062.35    0.0000   -0.0002    0.0006
   5063.38    0.0000   -0.0002    0.0006
   5064.41    0.0000   -0.0002    0.0006
   5065.44    0.0000   -0.0002    0.0006
   5066.48    0.0000   -0.0002    0.0006
   5067.51    0.0000   -0.0002    0.0006
   5068.54    0.0000   -0.0002    0.0006
   5069.57    0.0000   -0.0002    0.0006
   5070.61    0.0000   -0.0002    0.0006
   5071.64    0.0000   -0.0002    0.0006
   5072.67    0.0000   -0.0002    0.0006
   5073.70    0.0000   -0.0002    0.0006
   5074.74    0.0000   -0.0002    0.0006
   5075.77    0.0000   -0.0002    0.0006
   5076.80    0.0000   -0.0002    0.0007
   5077.83    0.0000   -0.0002    0.0007
   5078.87    0.0000   -0.0002    0.0007
   5079.90    0.0000   -0.0002    0.0007
   5080.93    0.0000   -0.0002    0.0007
   5081.96    0.0000   -0.0002    0.0007
   5083.00    0.0000   -0.0002    0.0008
   5084.03    0.0000   -0.0002    0.0008
   5085.06    0.0000   -0.0003    0.0008
   5086.09    0.0000   -0.0003    0.0008
   5087.13    0.0000   -0.0003    0.0008
   5088.16    0.0000   -0.0003    0.0008
   5089.19    0.0000   -0.0003    0.0009
   5090.22    0.0000   -0.0003    0.0009
   5091.26    0.0000   -0.0003    0.0009
   5092.29    0.0000   -0.0003    0.0009
   5093.32    0.0000   -0.0003    0.0009
   5094.35    0.0000   -0.0003    0.0010
   5095.39    0.0000   -0.0003    0.0010
   5096.42    0.0000   -0.0003    0.0010
   5097.45    0.0000   -0.0003    0.0010
   5098.48    0.0000   -0.0003    0.0010
   5099.52    0.0000   -0.0003    0.0010
   5100.55    0.0000   -0.0003    0.0010
   5101.58    0.0000   -0.0003    0.0010
   5102.61    0.0000   -0.0003    0.0011
   5103.65    0.0000   -0.0003    0.0011
   5104.68    0.0000   -0.0003    0.0011
   5105.71    0.0000   -0.0003    0.0011
   5106.74    0.0000   -0.0003    0.0011
   5107.78    0.0000   -0.0003    0.0011
   5108.81    0.0000   -0.0003    0.0011
   5109.84    0.0000   -0.0003    0.0011
   5110.87    0.0000   -0.0003    0.0012
   5111.91    0.0000   -0.0003    0.0012
   5112.94    0.0000   -0.0003    0.0012
   5113.97    0.0000   -0.0003    0.0012
   5115.00    0.0000   -0.0003    0.0012
   5116.04    0.0000   -0.0003    0.0012
   5117.07    0.0000   -0.0003    0.0013
   5118.10    0.0000   -0.0003    0.0013
   5119.13    0.0000   -0.0003    0.0013
   5120.17    0.0000   -0.0003    0.0013
   5121.20    0.0000   -0.0003    0.0014
   5122.23    0.0000   -0.0003    0.0014
   5123.26    0.0000   -0.0003    0.0014
   5124.30    0.0000   -0.0003    0.0014
   5125.33    0.0000   -0.0003    0.0015
   5126.36    0.0000   -0.0003    0.0015
   5127.39    0.0000   -0.0003    0.0015
   5128.43    0.0000   -0.0003    0.0015
   5129.46    0.0000   -0.0003    0.0016
   5130.49    0.0000   -0.0003    0.0016
   5131.52    0.0000   -0.0003    0.0016
   5132.56    0.0000   -0.0003    0.0016
   5133.59    0.0000   -0.0003    0.0016
   5134.62    0.0000   -0.0003    0.0017
   5135.65    0.0000   -0.0003    0.0017
   5136.69    0.0000   -0.0003    0.0017
   5137.72    0.0000   -0.0003    0.0017
   5138.75    0.0000   -0.0003    0.0017
   5139.78    0.0000   -0.0003    0.0017
   5140.82    0.0000   -0.0003    0.0018
   5141.85    0.0000   -0.0003    0.0018
   5142.88    0.0000   -0.0003    0.0018
   5143.91    0.0000   -0.0003    0.0018
   5144.95    0.0000   -0.0003    0.0018
   5145.98    0.0000   -0.0003    0.0018
   5147.01    0.0000   -0.0003    0.0019
   5148.04    0.0000   -0.0003    0.0019
   5149.08    0.0000   -0.0003    0.0019
   5150.11    0.0000   -0.0003    0.0019
   5151.14    0.0000   -0.0003    0.0020
   5152.17    0.0000   -0.0003    0.0020
   5153.21    0.0000   -0.0003    0.0020
   5154.24    0.0000   -0.0003    0.0020
   5155.27    0.0000   -0.0004    0.0021
   5156.30    0.0000   -0.0004    0.0021
   5157.34    0.0000   -0.0004    0.0021
   5158.37    0.0000   -0.0004    0.0021
   5159.40    0.0000   -0.0004    0.0022
   5160.43    0.0000   -0.0004    0.0022
   5161.47    0.0000   -0.0004    0.0022
   5162.50    0.0000   -0.0004    0.0022
   5163.53    0.0000   -0.0004    0.0022
   5164.56    0.0000   -0.0004    0.0022
   5165.60    0.0000   -0.0004    0.0023
   5166.63    0.0000   -0.0004    0.0023
   5167.66    0.0000   -0.0004    0.0023
   5168.69    0.0000   -0.0004    0.0023
   5169.73    0.0000   -0.0004    0.0023
   5170.76    0.0000   -0.0003    0.0023
   5171.79    0.0000   -0.0003    0.0023
   5172.82    0.0000   -0.0003    0.0024
   5173.86    0.0000   -0.0003    0.0024
   5174.89    0.0000   -0.0003    0.0024
   5175.92    0.0000   -0.0003    0.0024
   5176.95    0.0000   -0.0003    0.0025
   5177.99    0.0000   -0.0003    0.0025
   5179.02    0.0000   -0.0003    0.0025
   5180.05    0.0000   -0.0004    0.0025
   5181.08    0.0000   -0.0004    0.0026
   5182.12    0.0000   -0.0004    0.0026
   5183.15    0.0000   -0.0004    0.0026
   5184.18    0.0000   -0.0004    0.0026
   5185.21    0.0000   -0.0004    0.0026
   5186.25    0.0000   -0.0004    0.0026
   5187.28    0.0000   -0.0004    0.0026
   5188.31    0.0000   -0.0004    0.0026
   5189.34    0.0000   -0.0004    0.0026
   5190.38    0.0000   -0.0004    0.0026
   5191.41    0.0000   -0.0004    0.0026
   5192.44    0.0000   -0.0003    0.0027
   5193.47    0.0000   -0.0003    0.0027
   5194.51    0.0000   -0.0003    0.0027
   5195.54    0.0000   -0.0003    0.0027
   5196.57    0.0000   -0.0003    0.0027
   5197.60    0.0000   -0.0004    0.0028
   5198.64    0.0000   -0.0004    0.0028
   5199.67    0.0000   -0.0004    0.0028
   5200.70    0.0000   -0.0004    0.0028
   5201.73    0.0000   -0.0004    0.0028
   5202.77    0.0000   -0.0004    0.0028
   5203.80    0.0000   -0.0004    0.0028
   5204.83    0.0000   -0.0004    0.0028
   5205.86    0.0000   -0.0004    0.0028
   5206.90    0.0000   -0.0004    0.0028
   5207.93    0.0000   -0.0004    0.0028
   5208.96    0.0000   -0.0004    0.0028
   5209.99    0.0000   -0.0004    0.0028
   5211.03    0.0000   -0.0004    0.0028
   5212.06    0.0000   -0.0004    0.0029
   5213.09    0.0000   -0.0004    0.0029
   5214.12    0.0000   -0.0004    0.0029
   5215.16    0.0000   -0.0004    0.0029
   5216.19    0.0000   -0.0004    0.0029
   5217.22    0.0000   -0.0004    0.0029
   5218.25    0.0000   -0.0004    0.0029
   5219.29    0.0000   -0.0004    0.0029
   5220.32    0.0000   -0.0004    0.0029
   5221.35    0.0000   -0.0004    0.0029
   5222.38    0.0000   -0.0004    0.0029
   5223.42    0.0000   -0.0004    0.0029
   5224.45    0.0000   -0.0004    0.0029
   5225.48    0.0000   -0.0004    0.0027
   5226.51    0.0000   -0.0004    0.0024
   5227.55    0.0000   -0.0004    0.0020
   5228.58    0.0000   -0.0004    0.0014
   5229.61    0.0000   -0.0003    0.0004
   5230.64    0.0000   -0.0002   -0.0008
   5231.68    0.0000    0.0000   -0.0017
   5232.71    0.0000    0.0002   -0.0021
   5233.74    0.0000    0.0002   -0.0018
   5234.77    0.0000    0.0002   -0.0011
