     #Time      Norm      Real      Imag
   4012.29    0.0000   -0.0000   -0.0000
   4012.29    0.0000   -0.0000   -0.0000
   4013.33    0.0000   -0.0000   -0.0000
   4014.36    0.0000   -0.0000   -0.0000
   4015.39    0.0000   -0.0000   -0.0000
   4016.42    0.0000   -0.0000   -0.0000
   4017.46    0.0000   -0.0000   -0.0000
   4018.49    0.0000   -0.0000   -0.0000
   4019.52    0.0000   -0.0000   -0.0000
   4020.55    0.0000   -0.0000   -0.0000
   4021.59    0.0000   -0.0000   -0.0000
   4022.62    0.0000   -0.0000   -0.0000
   4023.65    0.0000   -0.0000   -0.0000
   4024.68    0.0000   -0.0000   -0.0000
   4025.72    0.0000   -0.0000   -0.0000
   4026.75    0.0000   -0.0000   -0.0000
   4027.78    0.0000    0.0000   -0.0000
   4028.81    0.0000    0.0000   -0.0001
   4029.85    0.0000    0.0001   -0.0001
   4030.88    0.0000    0.0001   -0.0001
   4031.91    0.0000    0.0001   -0.0001
   4032.94    0.0000    0.0000   -0.0001
   4033.98    0.0000    0.0000   -0.0000
   4035.01    0.0000   -0.0000    0.0000
   4036.04    0.0000   -0.0000    0.0001
   4037.07    0.0000   -0.0001    0.0001
   4038.11    0.0000   -0.0001    0.0001
   4039.14    0.0000   -0.0001    0.0001
   4040.17    0.0000   -0.0000    0.0001
   4041.20    0.0000   -0.0000    0.0000
   4042.24    0.0000    0.0000   -0.0000
   4043.27    0.0000    0.0000   -0.0001
   4044.30    0.0000    0.0000   -0.0001
   4045.33    0.0000    0.0001   -0.0001
   4046.37    0.0000    0.0001   -0.0001
   4047.40    0.0000    0.0000   -0.0001
   4048.43    0.0000    0.0000   -0.0001
   4049.46    0.0000    0.0000   -0.0000
   4050.50    0.0000   -0.0000    0.0000
   4051.53    0.0000   -0.0000    0.0001
   4052.56    0.0000   -0.0001    0.0001
   4053.59    0.0000   -0.0001    0.0001
   4054.63    0.0000   -0.0001    0.0001
   4055.66    0.0000   -0.0001    0.0001
   4056.69    0.0000   -0.0000    0.0000
   4057.72    0.0000   -0.0000    0.0000
   4058.76    0.0000    0.0000   -0.0000
   4059.79    0.0000    0.0000   -0.0001
   4060.82    0.0000    0.0001   -0.0001
   4061.85    0.0000    0.0001   -0.0001
   4062.89    0.0000    0.0001   -0.0001
   4063.92    0.0000    0.0000   -0.0001
   4064.95    0.0000    0.0000   -0.0001
   4065.98    0.0000    0.0000   -0.0000
   4067.02    0.0000   -0.0000    0.0000
   4068.05    0.0000   -0.0000    0.0001
   4069.08    0.0000   -0.0001    0.0001
   4070.11    0.0000   -0.0001    0.0001
   4071.15    0.0000   -0.0001    0.0001
   4072.18    0.0000   -0.0001    0.0001
   4073.21    0.0000   -0.0001    0.0001
   4074.24    0.0000   -0.0000    0.0000
   4075.28    0.0000   -0.0000    0.0000
   4076.31    0.0000    0.0000   -0.0000
   4077.34    0.0000    0.0000   -0.0001
   4078.37    0.0000    0.0000   -0.0001
   4079.41    0.0000    0.0001   -0.0001
   4080.44    0.0000    0.0001   -0.0001
   4081.47    0.0000    0.0001   -0.0001
   4082.50    0.0000    0.0000   -0.0001
   4083.54    0.0000    0.0000   -0.0000
   4084.57    0.0000    0.0000   -0.0000
   4085.60    0.0000   -0.0000    0.0000
   4086.63    0.0000   -0.0000    0.0001
   4087.67    0.0000   -0.0000    0.0001
   4088.70    0.0000   -0.0001    0.0001
   4089.73    0.0000   -0.0001    0.0001
   4090.76    0.0000   -0.0001    0.0001
   4091.80    0.0000   -0.0001    0.0001
   4092.83    0.0000   -0.0001    0.0001
   4093.86    0.0000   -0.0000    0.0001
   4094.89    0.0000   -0.0000    0.0000
   4095.93    0.0000    0.0000   -0.0000
   4096.96    0.0000    0.0000   -0.0000
   4097.99    0.0000    0.0000   -0.0001
   4099.02    0.0000    0.0001   -0.0001
   4100.06    0.0000    0.0001   -0.0001
   4101.09    0.0000    0.0001   -0.0001
   4102.12    0.0000    0.0001   -0.0001
   4103.15    0.0000    0.0001   -0.0001
   4104.19    0.0000    0.0000   -0.0000
   4105.22    0.0000    0.0000   -0.0000
   4106.25    0.0000    0.0000    0.0000
   4107.28    0.0000   -0.0000    0.0000
   4108.32    0.0000   -0.0000    0.0001
   4109.35    0.0000   -0.0000    0.0001
   4110.38    0.0000   -0.0001    0.0001
   4111.41    0.0000   -0.0001    0.0001
   4112.45    0.0000   -0.0001    0.0001
   4113.48    0.0000   -0.0001    0.0001
   4114.51    0.0000   -0.0001    0.0001
   4115.54    0.0000   -0.0001    0.0001
   4116.58    0.0000   -0.0000    0.0001
   4117.61    0.0000   -0.0000    0.0000
   4118.64    0.0000   -0.0000    0.0000
   4119.67    0.0000    0.0000    0.0000
   4120.71    0.0000    0.0000   -0.0000
   4121.74    0.0000    0.0000   -0.0000
   4122.77    0.0000    0.0001   -0.0000
   4123.80    0.0000    0.0001   -0.0001
   4124.84    0.0000    0.0001   -0.0001
   4125.87    0.0000    0.0001   -0.0001
   4126.90    0.0000    0.0001   -0.0000
   4127.93    0.0000    0.0001   -0.0000
   4128.97    0.0000    0.0000   -0.0000
   4130.00    0.0000    0.0000   -0.0000
   4131.03    0.0000    0.0000    0.0000
   4132.06    0.0000    0.0000    0.0000
   4133.10    0.0000   -0.0000    0.0001
   4134.13    0.0000   -0.0000    0.0001
   4135.16    0.0000   -0.0000    0.0001
   4136.19    0.0000   -0.0001    0.0001
   4137.23    0.0000   -0.0001    0.0001
   4138.26    0.0000   -0.0001    0.0001
   4139.29    0.0000   -0.0001    0.0001
   4140.32    0.0000   -0.0001    0.0001
   4141.36    0.0000   -0.0000    0.0001
   4142.39    0.0000   -0.0000    0.0001
   4143.42    0.0000   -0.0000    0.0001
   4144.45    0.0000   -0.0000    0.0000
   4145.49    0.0000    0.0000    0.0000
   4146.52    0.0000    0.0000    0.0000
   4147.55    0.0000    0.0000    0.0000
   4148.58    0.0000    0.0000   -0.0000
   4149.62    0.0000    0.0001   -0.0000
   4150.65    0.0000    0.0001   -0.0000
   4151.68    0.0000    0.0001   -0.0000
   4152.71    0.0000    0.0001   -0.0000
   4153.75    0.0000    0.0000    0.0000
   4154.78    0.0000    0.0000    0.0000
   4155.81    0.0000    0.0000    0.0000
   4156.84    0.0000    0.0000    0.0000
   4157.88    0.0000    0.0000    0.0000
   4158.91    0.0000   -0.0000    0.0000
   4159.94    0.0000   -0.0000    0.0000
   4160.97    0.0000   -0.0000    0.0000
   4162.01    0.0000   -0.0000    0.0000
   4163.04    0.0000   -0.0000    0.0000
   4164.07    0.0000   -0.0000    0.0000
   4165.10    0.0000   -0.0000    0.0000
   4166.14    0.0000   -0.0000    0.0000
   4167.17    0.0000    0.0000    0.0000
   4168.20    0.0000    0.0000    0.0000
   4169.23    0.0000    0.0000    0.0000
   4170.27    0.0000    0.0000    0.0000
   4171.30    0.0000    0.0000    0.0000
   4172.33    0.0000    0.0000    0.0000
   4173.36    0.0000    0.0000    0.0000
   4174.40    0.0000    0.0000    0.0000
   4175.43    0.0000    0.0000    0.0000
   4176.46    0.0000    0.0000    0.0000
   4177.49    0.0000    0.0000    0.0000
   4178.53    0.0000    0.0000    0.0000
   4179.56    0.0000   -0.0000    0.0000
   4180.59    0.0000   -0.0000    0.0000
   4181.62    0.0000   -0.0000    0.0000
   4182.66    0.0000    0.0000    0.0000
   4183.69    0.0000    0.0000    0.0000
   4184.72    0.0000    0.0000    0.0000
   4185.75    0.0000    0.0000    0.0000
   4186.79    0.0000    0.0000    0.0000
   4187.82    0.0000    0.0000    0.0000
   4188.85    0.0000    0.0000    0.0000
   4189.88    0.0000    0.0000    0.0000
   4190.92    0.0000    0.0000    0.0000
   4191.95    0.0000    0.0000    0.0000
   4192.98    0.0000    0.0000    0.0000
   4194.01    0.0000    0.0000    0.0000
   4195.05    0.0000    0.0000    0.0000
   4196.08    0.0000    0.0000    0.0000
   4197.11    0.0000    0.0000    0.0000
   4198.14    0.0000    0.0000   -0.0000
   4199.18    0.0000    0.0000   -0.0000
   4200.21    0.0000    0.0000   -0.0000
   4201.24    0.0000    0.0000   -0.0000
   4202.27    0.0000    0.0000   -0.0000
   4203.31    0.0000    0.0000   -0.0000
   4204.34    0.0000    0.0000   -0.0000
   4205.37    0.0000    0.0000   -0.0000
   4206.40    0.0000    0.0000   -0.0000
   4207.44    0.0000    0.0000   -0.0000
   4208.47    0.0000    0.0000   -0.0000
   4209.50    0.0000    0.0000   -0.0000
   4210.53    0.0000    0.0000   -0.0000
   4211.57    0.0000    0.0000   -0.0001
   4212.60    0.0000    0.0000   -0.0001
   4213.63    0.0000    0.0000   -0.0001
   4214.66    0.0000    0.0000   -0.0001
   4215.70    0.0000    0.0000   -0.0001
   4216.73    0.0000    0.0000   -0.0001
   4217.76    0.0000    0.0001   -0.0001
   4218.79    0.0000    0.0001   -0.0001
   4219.83    0.0000    0.0001   -0.0001
   4220.86    0.0000    0.0001   -0.0001
   4221.89    0.0000    0.0001   -0.0000
   4222.92    0.0000    0.0001   -0.0000
   4223.96    0.0000    0.0001   -0.0000
   4224.99    0.0000    0.0001   -0.0000
   4226.02    0.0000    0.0001   -0.0000
   4227.05    0.0000    0.0001   -0.0000
   4228.09    0.0000    0.0001   -0.0000
   4229.12    0.0000    0.0001   -0.0000
   4230.15    0.0000    0.0001   -0.0000
   4231.18    0.0000    0.0001   -0.0000
   4232.22    0.0000    0.0001   -0.0000
   4233.25    0.0000    0.0001   -0.0000
   4234.28    0.0000    0.0001   -0.0000
   4235.31    0.0000    0.0001   -0.0000
   4236.35    0.0000    0.0001   -0.0000
   4237.38    0.0000    0.0000   -0.0000
   4238.41    0.0000    0.0000   -0.0000
   4239.44    0.0000    0.0000    0.0000
   4240.48    0.0000    0.0000    0.0000
   4241.51    0.0000    0.0000    0.0000
   4242.54    0.0000    0.0000    0.0000
   4243.57    0.0000    0.0000    0.0000
   4244.61    0.0000    0.0000    0.0000
   4245.64    0.0000    0.0000    0.0000
   4246.67    0.0000    0.0000    0.0000
   4247.70    0.0000    0.0000    0.0000
   4248.74    0.0000    0.0000    0.0000
   4249.77    0.0000    0.0000    0.0000
   4250.80    0.0000    0.0000    0.0000
   4251.83    0.0000    0.0000    0.0000
   4252.87    0.0000    0.0000    0.0000
   4253.90    0.0000    0.0000    0.0000
   4254.93    0.0000    0.0000    0.0000
   4255.96    0.0000    0.0000    0.0000
   4257.00    0.0000    0.0000   -0.0000
   4258.03    0.0000    0.0000   -0.0000
   4259.06    0.0000    0.0000   -0.0000
   4260.09    0.0000    0.0000   -0.0000
   4261.13    0.0000    0.0000   -0.0000
   4262.16    0.0000    0.0001   -0.0000
   4263.19    0.0000    0.0001   -0.0000
   4264.22    0.0000    0.0001   -0.0000
   4265.26    0.0000    0.0001   -0.0000
   4266.29    0.0000    0.0000   -0.0000
   4267.32    0.0000    0.0000   -0.0000
   4268.35    0.0000    0.0000   -0.0000
   4269.39    0.0000    0.0000    0.0000
   4270.42    0.0000    0.0000    0.0000
   4271.45    0.0000    0.0000    0.0000
   4272.48    0.0000    0.0000   -0.0000
   4273.52    0.0000    0.0000   -0.0000
   4274.55    0.0000    0.0000   -0.0000
   4275.58    0.0000    0.0000   -0.0000
   4276.61    0.0000    0.0000   -0.0000
   4277.65    0.0000    0.0001   -0.0000
   4278.68    0.0000    0.0001   -0.0000
   4279.71    0.0000    0.0001   -0.0000
   4280.74    0.0000    0.0001   -0.0000
   4281.78    0.0000    0.0000   -0.0000
   4282.81    0.0000    0.0000   -0.0000
   4283.84    0.0000    0.0000   -0.0000
   4284.87    0.0000    0.0000    0.0000
   4285.91    0.0000    0.0000    0.0000
   4286.94    0.0000    0.0000    0.0000
   4287.97    0.0000    0.0000    0.0000
   4289.00    0.0000    0.0000   -0.0000
   4290.04    0.0000    0.0000   -0.0000
   4291.07    0.0000    0.0000   -0.0000
   4292.10    0.0000    0.0000   -0.0000
   4293.13    0.0000    0.0000   -0.0000
   4294.17    0.0000    0.0000   -0.0000
   4295.20    0.0000    0.0001   -0.0000
   4296.23    0.0000    0.0001   -0.0000
   4297.26    0.0000    0.0001   -0.0000
   4298.30    0.0000    0.0001   -0.0000
   4299.33    0.0000    0.0000   -0.0000
   4300.36    0.0000    0.0000   -0.0000
   4301.39    0.0000    0.0000   -0.0000
   4302.43    0.0000    0.0000   -0.0000
   4303.46    0.0000    0.0000    0.0000
   4304.49    0.0000    0.0000    0.0000
   4305.52    0.0000    0.0000    0.0000
   4306.56    0.0000    0.0000    0.0000
   4307.59    0.0000    0.0000   -0.0000
   4308.62    0.0000    0.0000   -0.0000
   4309.65    0.0000    0.0000   -0.0000
   4310.69    0.0000    0.0000   -0.0000
   4311.72    0.0000    0.0000   -0.0000
   4312.75    0.0000    0.0000   -0.0000
   4313.78    0.0000    0.0000   -0.0000
   4314.82    0.0000    0.0000   -0.0000
   4315.85    0.0000    0.0000   -0.0000
   4316.88    0.0000    0.0000   -0.0000
   4317.91    0.0000    0.0000   -0.0000
   4318.95    0.0000    0.0000   -0.0000
   4319.98    0.0000    0.0000   -0.0000
   4321.01    0.0000    0.0000   -0.0000
   4322.04    0.0000    0.0000   -0.0000
   4323.08    0.0000    0.0000   -0.0000
   4324.11    0.0000    0.0000    0.0000
   4325.14    0.0000    0.0000    0.0000
   4326.17    0.0000    0.0000    0.0000
   4327.21    0.0000    0.0000    0.0000
   4328.24    0.0000    0.0000    0.0000
   4329.27    0.0000    0.0000   -0.0000
   4330.30    0.0000    0.0000   -0.0000
   4331.34    0.0000    0.0000   -0.0000
   4332.37    0.0000    0.0000   -0.0000
   4333.40    0.0000    0.0000   -0.0000
   4334.43    0.0000    0.0000   -0.0000
   4335.47    0.0000    0.0000   -0.0000
   4336.50    0.0000    0.0000   -0.0000
   4337.53    0.0000    0.0000   -0.0000
   4338.56    0.0000    0.0000   -0.0000
   4339.60    0.0000    0.0000   -0.0000
   4340.63    0.0000    0.0000   -0.0000
   4341.66    0.0000    0.0000   -0.0000
   4342.69    0.0000    0.0000   -0.0000
   4343.73    0.0000    0.0000   -0.0000
   4344.76    0.0000    0.0000   -0.0000
   4345.79    0.0000    0.0000   -0.0000
   4346.82    0.0000    0.0000   -0.0000
   4347.86    0.0000    0.0000   -0.0000
   4348.89    0.0000    0.0000   -0.0000
   4349.92    0.0000    0.0000   -0.0000
   4350.95    0.0000    0.0000   -0.0000
   4351.99    0.0000    0.0000   -0.0000
   4353.02    0.0000    0.0000   -0.0000
   4354.05    0.0000    0.0000   -0.0000
   4355.08    0.0000    0.0000   -0.0000
   4356.12    0.0000    0.0001   -0.0001
   4357.15    0.0000    0.0001   -0.0001
   4358.18    0.0000    0.0001   -0.0001
   4359.21    0.0000    0.0001   -0.0001
   4360.25    0.0000    0.0001   -0.0001
   4361.28    0.0000    0.0001   -0.0001
   4362.31    0.0000    0.0001   -0.0001
   4363.34    0.0000    0.0001   -0.0001
   4364.38    0.0000    0.0001   -0.0001
   4365.41    0.0000    0.0001   -0.0001
   4366.44    0.0000    0.0001   -0.0000
   4367.47    0.0000    0.0001   -0.0000
   4368.51    0.0000    0.0001   -0.0000
   4369.54    0.0000    0.0000   -0.0000
   4370.57    0.0000    0.0000   -0.0000
   4371.60    0.0000    0.0000   -0.0000
   4372.64    0.0000    0.0000   -0.0000
   4373.67    0.0000    0.0000   -0.0000
   4374.70    0.0000    0.0000   -0.0000
   4375.73    0.0000    0.0000   -0.0000
   4376.77    0.0000    0.0000   -0.0000
   4377.80    0.0000    0.0000    0.0000
   4378.83    0.0000    0.0001   -0.0000
   4379.86    0.0000    0.0001   -0.0000
   4380.90    0.0000    0.0001   -0.0000
   4381.93    0.0000    0.0001   -0.0000
   4382.96    0.0000    0.0001   -0.0001
   4383.99    0.0000    0.0001   -0.0001
   4385.03    0.0000    0.0001   -0.0001
   4386.06    0.0000    0.0001   -0.0001
   4387.09    0.0000    0.0001   -0.0001
   4388.12    0.0000    0.0001   -0.0001
   4389.16    0.0000    0.0001   -0.0001
   4390.19    0.0000    0.0001   -0.0001
   4391.22    0.0000    0.0001   -0.0001
   4392.25    0.0000    0.0000   -0.0001
   4393.29    0.0000    0.0000   -0.0001
   4394.32    0.0000    0.0000   -0.0001
   4395.35    0.0000    0.0000   -0.0001
   4396.38    0.0000   -0.0000   -0.0001
   4397.42    0.0000   -0.0000   -0.0001
   4398.45    0.0000   -0.0000   -0.0001
   4399.48    0.0000   -0.0000   -0.0001
   4400.51    0.0000   -0.0000   -0.0001
   4401.55    0.0000   -0.0000   -0.0001
   4402.58    0.0000   -0.0000   -0.0001
   4403.61    0.0000   -0.0000   -0.0001
   4404.64    0.0000   -0.0000   -0.0001
   4405.68    0.0000   -0.0000   -0.0001
   4406.71    0.0000   -0.0000   -0.0001
   4407.74    0.0000   -0.0001   -0.0001
   4408.77    0.0000   -0.0001   -0.0001
   4409.81    0.0000   -0.0001   -0.0001
   4410.84    0.0000   -0.0001   -0.0001
   4411.87    0.0000   -0.0001   -0.0000
   4412.90    0.0000   -0.0001   -0.0000
   4413.94    0.0000   -0.0001   -0.0000
   4414.97    0.0000   -0.0001   -0.0000
   4416.00    0.0000   -0.0001   -0.0000
   4417.03    0.0000   -0.0001   -0.0000
   4418.07    0.0000   -0.0001   -0.0000
   4419.10    0.0000   -0.0001   -0.0000
   4420.13    0.0000   -0.0001   -0.0000
   4421.16    0.0000   -0.0001   -0.0000
   4422.20    0.0000   -0.0001   -0.0000
   4423.23    0.0000   -0.0001   -0.0000
   4424.26    0.0000   -0.0001   -0.0000
   4425.29    0.0000   -0.0001   -0.0000
   4426.33    0.0000   -0.0001   -0.0000
   4427.36    0.0000   -0.0001    0.0000
   4428.39    0.0000   -0.0001    0.0000
   4429.42    0.0000   -0.0001    0.0000
   4430.46    0.0000   -0.0001    0.0000
   4431.49    0.0000   -0.0000    0.0000
   4432.52    0.0000   -0.0000    0.0000
   4433.55    0.0000   -0.0000    0.0000
   4434.59    0.0000   -0.0000    0.0000
   4435.62    0.0000   -0.0000   -0.0000
   4436.65    0.0000   -0.0000   -0.0000
   4437.68    0.0000   -0.0001   -0.0000
   4438.72    0.0000   -0.0001   -0.0000
   4439.75    0.0000   -0.0001   -0.0000
   4440.78    0.0000   -0.0001    0.0000
   4441.81    0.0000   -0.0001    0.0000
   4442.85    0.0000   -0.0001    0.0000
   4443.88    0.0000   -0.0001    0.0000
   4444.91    0.0000   -0.0001    0.0000
   4445.94    0.0000   -0.0001    0.0000
   4446.98    0.0000   -0.0001    0.0000
   4448.01    0.0000   -0.0001    0.0000
   4449.04    0.0000   -0.0001    0.0000
   4450.07    0.0000   -0.0001    0.0000
   4451.11    0.0000   -0.0001    0.0000
   4452.14    0.0000   -0.0001    0.0000
   4453.17    0.0000   -0.0001    0.0000
   4454.20    0.0000   -0.0001   -0.0000
   4455.24    0.0000   -0.0001   -0.0000
   4456.27    0.0000   -0.0002   -0.0000
   4457.30    0.0000   -0.0002   -0.0000
   4458.33    0.0000   -0.0002   -0.0000
   4459.37    0.0000   -0.0002    0.0000
   4460.40    0.0000   -0.0002    0.0000
   4461.43    0.0000   -0.0002    0.0000
   4462.46    0.0000   -0.0002    0.0000
   4463.50    0.0000   -0.0002    0.0000
   4464.53    0.0000   -0.0002    0.0001
   4465.56    0.0000   -0.0002    0.0001
   4466.59    0.0000   -0.0002    0.0001
   4467.63    0.0000   -0.0002    0.0001
   4468.66    0.0000   -0.0002    0.0001
   4469.69    0.0000   -0.0002    0.0001
   4470.72    0.0000   -0.0002    0.0001
   4471.76    0.0000   -0.0001    0.0001
   4472.79    0.0000   -0.0001    0.0001
   4473.82    0.0000   -0.0001    0.0000
   4474.85    0.0000   -0.0001    0.0000
   4475.89    0.0000   -0.0001    0.0000
   4476.92    0.0000   -0.0001    0.0000
   4477.95    0.0000   -0.0001   -0.0000
   4478.98    0.0000   -0.0001   -0.0000
   4480.02    0.0000   -0.0002   -0.0000
   4481.05    0.0000   -0.0002   -0.0000
   4482.08    0.0000   -0.0002   -0.0000
   4483.11    0.0000   -0.0002   -0.0000
   4484.15    0.0000   -0.0002    0.0000
   4485.18    0.0000   -0.0002    0.0000
   4486.21    0.0000   -0.0002    0.0000
   4487.24    0.0000   -0.0002    0.0001
   4488.28    0.0000   -0.0002    0.0001
   4489.31    0.0000   -0.0001    0.0001
   4490.34    0.0000   -0.0001    0.0001
   4491.37    0.0000   -0.0000    0.0002
   4492.41    0.0000    0.0001    0.0002
   4493.44    0.0000    0.0001    0.0002
   4494.47    0.0000    0.0002    0.0002
   4495.50    0.0000    0.0003    0.0002
   4496.54    0.0000    0.0003    0.0002
   4497.57    0.0000    0.0004    0.0002
   4498.60    0.0000    0.0004    0.0002
   4499.63    0.0000    0.0004    0.0001
   4500.67    0.0000    0.0004    0.0001
   4501.70    0.0000    0.0004    0.0000
   4502.73    0.0000    0.0004   -0.0001
   4503.76    0.0000    0.0003   -0.0001
   4504.80    0.0000    0.0003   -0.0002
   4505.83    0.0000    0.0003   -0.0002
   4506.86    0.0000    0.0003   -0.0002
   4507.89    0.0000    0.0003   -0.0002
   4508.93    0.0000    0.0003   -0.0001
   4509.96    0.0000    0.0004   -0.0001
   4510.99    0.0000    0.0004   -0.0000
   4512.02    0.0000    0.0005   -0.0000
   4513.06    0.0000    0.0005    0.0000
   4514.09    0.0000    0.0006    0.0000
   4515.12    0.0000    0.0006    0.0000
   4516.15    0.0000    0.0006   -0.0000
   4517.19    0.0000    0.0005   -0.0001
   4518.22    0.0000    0.0005   -0.0001
   4519.25    0.0000    0.0004   -0.0002
   4520.28    0.0000    0.0003   -0.0003
   4521.32    0.0000    0.0003   -0.0004
   4522.35    0.0000    0.0003   -0.0004
   4523.38    0.0000    0.0002   -0.0004
   4524.41    0.0000    0.0002   -0.0004
   4525.45    0.0000    0.0002   -0.0003
   4526.48    0.0000    0.0001   -0.0003
   4527.51    0.0000    0.0000   -0.0002
   4528.54    0.0000   -0.0001   -0.0001
   4529.58    0.0000   -0.0002    0.0000
   4530.61    0.0000   -0.0003    0.0001
   4531.64    0.0000   -0.0004    0.0002
   4532.67    0.0000   -0.0006    0.0002
   4533.71    0.0000   -0.0006    0.0001
   4534.74    0.0000   -0.0007    0.0001
   4535.77    0.0000   -0.0006    0.0000
   4536.80    0.0000   -0.0006   -0.0000
   4537.84    0.0000   -0.0005   -0.0000
   4538.87    0.0000   -0.0005    0.0000
   4539.90    0.0000   -0.0004    0.0001
   4540.93    0.0000   -0.0004    0.0003
   4541.97    0.0000   -0.0004    0.0004
   4543.00    0.0000   -0.0003    0.0005
   4544.03    0.0000   -0.0002    0.0006
   4545.06    0.0000   -0.0001    0.0006
   4546.10    0.0000    0.0001    0.0004
   4547.13    0.0000    0.0003    0.0002
   4548.16    0.0000    0.0005   -0.0000
   4549.19    0.0000    0.0007   -0.0003
   4550.23    0.0000    0.0008   -0.0005
   4551.26    0.0000    0.0007   -0.0006
   4552.29    0.0000    0.0006   -0.0006
   4553.32    0.0000    0.0003   -0.0005
   4554.36    0.0000    0.0001   -0.0004
   4555.39    0.0000   -0.0001   -0.0002
   4556.42    0.0000   -0.0002   -0.0001
   4557.45    0.0000    0.0001    0.0001
   4558.49    0.0000    0.0005    0.0000
   4559.52    0.0000    0.0008   -0.0000
   4560.55    0.0000    0.0009    0.0001
   4561.58    0.0000    0.0008    0.0002
   4562.62    0.0000    0.0005    0.0003
   4563.65    0.0000    0.0000    0.0005
   4564.68    0.0000   -0.0005    0.0006
   4565.71    0.0000   -0.0008    0.0007
   4566.75    0.0000   -0.0009    0.0007
   4567.78    0.0000   -0.0007    0.0005
   4568.81    0.0000   -0.0004    0.0003
   4569.84    0.0000   -0.0001    0.0000
   4570.88    0.0000    0.0001   -0.0003
   4571.91    0.0000    0.0001   -0.0005
   4572.94    0.0000   -0.0000   -0.0006
   4573.97    0.0000   -0.0003   -0.0006
   4575.01    0.0000   -0.0006   -0.0005
   4576.04    0.0000   -0.0007   -0.0004
   4577.07    0.0000   -0.0006   -0.0003
   4578.10    0.0000   -0.0003   -0.0001
   4579.14    0.0000    0.0001    0.0000
   4580.17    0.0000    0.0004    0.0001
   4581.20    0.0000    0.0005    0.0002
   4582.23    0.0000    0.0005    0.0004
   4583.27    0.0000    0.0004    0.0005
   4584.30    0.0000    0.0002    0.0006
   4585.33    0.0000    0.0001    0.0006
   4586.36    0.0000    0.0001    0.0006
   4587.40    0.0000    0.0001    0.0005
   4588.43    0.0000    0.0003    0.0003
   4589.46    0.0000    0.0004    0.0000
   4590.49    0.0000    0.0005   -0.0002
   4591.53    0.0000    0.0005   -0.0004
   4592.56    0.0000    0.0003   -0.0006
   4593.59    0.0000    0.0000   -0.0006
   4594.62    0.0000   -0.0003   -0.0006
   4595.66    0.0000   -0.0005   -0.0006
   4596.69    0.0000   -0.0007   -0.0005
   4597.72    0.0000   -0.0007   -0.0006
   4598.75    0.0000   -0.0006   -0.0006
   4599.79    0.0000   -0.0005   -0.0006
   4600.82    0.0000   -0.0005   -0.0006
   4601.85    0.0000   -0.0004   -0.0005
   4602.88    0.0000   -0.0004   -0.0004
   4603.92    0.0000   -0.0004   -0.0003
   4604.95    0.0000   -0.0003   -0.0002
   4605.98    0.0000   -0.0002   -0.0001
   4607.01    0.0000   -0.0000   -0.0002
   4608.05    0.0000    0.0002   -0.0002
   4609.08    0.0000    0.0004   -0.0004
   4610.11    0.0000    0.0006   -0.0005
   4611.14    0.0000    0.0007   -0.0006
   4612.18    0.0000    0.0008   -0.0007
   4613.21    0.0000    0.0008   -0.0006
   4614.24    0.0000    0.0007   -0.0005
   4615.27    0.0000    0.0006   -0.0003
   4616.31    0.0000    0.0004   -0.0001
   4617.34    0.0000    0.0003    0.0001
   4618.37    0.0000    0.0002    0.0002
   4619.40    0.0000    0.0002    0.0003
   4620.44    0.0000    0.0003    0.0002
   4621.47    0.0000    0.0003    0.0002
   4622.50    0.0000    0.0004    0.0002
   4623.53    0.0000    0.0004    0.0001
   4624.57    0.0000    0.0003    0.0002
   4625.60    0.0000    0.0003    0.0003
   4626.63    0.0000    0.0002    0.0004
   4627.66    0.0000    0.0002    0.0004
   4628.70    0.0000    0.0002    0.0004
   4629.73    0.0000    0.0003    0.0004
   4630.76    0.0000    0.0004    0.0002
   4631.79    0.0000    0.0004    0.0001
   4632.83    0.0000    0.0005   -0.0001
   4633.86    0.0000    0.0005   -0.0003
   4634.89    0.0000    0.0005   -0.0004
   4635.92    0.0000    0.0004   -0.0005
   4636.96    0.0000    0.0003   -0.0006
   4637.99    0.0000    0.0002   -0.0006
   4639.02    0.0000    0.0000   -0.0006
   4640.05    0.0000   -0.0001   -0.0005
   4641.09    0.0000   -0.0003   -0.0004
   4642.12    0.0000   -0.0004   -0.0003
   4643.15    0.0000   -0.0006   -0.0001
   4644.18    0.0000   -0.0007    0.0000
   4645.22    0.0000   -0.0007    0.0001
   4646.25    0.0000   -0.0007    0.0002
   4647.28    0.0000   -0.0007    0.0003
   4648.31    0.0000   -0.0006    0.0003
   4649.35    0.0000   -0.0004    0.0003
   4650.38    0.0000   -0.0003    0.0002
   4651.41    0.0000   -0.0001    0.0001
   4652.44    0.0000    0.0000   -0.0000
   4653.48    0.0000    0.0002   -0.0001
   4654.51    0.0000    0.0003   -0.0003
   4655.54    0.0000    0.0004   -0.0004
   4656.57    0.0000    0.0004   -0.0004
   4657.61    0.0000    0.0004   -0.0005
   4658.64    0.0000    0.0004   -0.0004
   4659.67    0.0000    0.0003   -0.0003
   4660.70    0.0000    0.0002   -0.0002
   4661.74    0.0000    0.0000   -0.0001
   4662.77    0.0000   -0.0001    0.0001
   4663.80    0.0000   -0.0001    0.0003
   4664.83    0.0000   -0.0002    0.0004
   4665.87    0.0000   -0.0002    0.0005
   4666.90    0.0000   -0.0001    0.0005
   4667.93    0.0000    0.0000    0.0004
   4668.96    0.0000    0.0001    0.0003
   4670.00    0.0000    0.0003    0.0002
   4671.03    0.0000    0.0004   -0.0000
   4672.06    0.0000    0.0005   -0.0002
   4673.09    0.0000    0.0006   -0.0003
   4674.13    0.0000    0.0006   -0.0004
   4675.16    0.0000    0.0005   -0.0005
   4676.19    0.0000    0.0004   -0.0005
   4677.22    0.0000    0.0001   -0.0004
   4678.26    0.0000   -0.0001   -0.0002
   4679.29    0.0000   -0.0004   -0.0001
   4680.32    0.0000   -0.0005    0.0001
   4681.35    0.0000   -0.0006    0.0003
   4682.39    0.0000   -0.0006    0.0004
   4683.42    0.0000   -0.0005    0.0005
   4684.45    0.0000   -0.0003    0.0005
   4685.48    0.0000    0.0000    0.0004
   4686.52    0.0000    0.0002    0.0004
   4687.55    0.0000    0.0002    0.0005
   4688.58    0.0000    0.0002    0.0005
   4689.61    0.0000    0.0002    0.0005
   4690.65    0.0000    0.0002    0.0005
   4691.68    0.0000    0.0003    0.0005
   4692.71    0.0000    0.0004    0.0004
   4693.74    0.0000    0.0005    0.0003
   4694.78    0.0000    0.0005    0.0001
   4695.81    0.0000    0.0006   -0.0000
   4696.84    0.0000    0.0006   -0.0001
   4697.87    0.0000    0.0006   -0.0002
   4698.91    0.0000    0.0005   -0.0003
   4699.94    0.0000    0.0004   -0.0002
   4700.97    0.0000    0.0004   -0.0002
   4702.00    0.0000    0.0003   -0.0001
   4703.04    0.0000    0.0002   -0.0001
   4704.07    0.0000    0.0002   -0.0000
   4705.10    0.0000    0.0002   -0.0000
   4706.13    0.0000    0.0001   -0.0001
   4707.17    0.0000    0.0001   -0.0002
   4708.20    0.0000    0.0001   -0.0003
   4709.23    0.0000    0.0001   -0.0004
   4710.26    0.0000    0.0000   -0.0005
   4711.30    0.0000   -0.0001   -0.0005
   4712.33    0.0000   -0.0002   -0.0005
   4713.36    0.0000   -0.0003   -0.0005
   4714.39    0.0000   -0.0004   -0.0004
   4715.43    0.0000   -0.0005   -0.0003
   4716.46    0.0000   -0.0005   -0.0003
   4717.49    0.0000   -0.0004   -0.0003
   4718.52    0.0000   -0.0002   -0.0003
   4719.56    0.0000    0.0000   -0.0004
   4720.59    0.0000    0.0002   -0.0004
   4721.62    0.0000    0.0004   -0.0004
   4722.65    0.0000    0.0006   -0.0002
   4723.69    0.0000    0.0006   -0.0001
   4724.72    0.0000    0.0006    0.0001
   4725.75    0.0000    0.0005    0.0003
   4726.78    0.0000    0.0004    0.0003
   4727.82    0.0000    0.0002    0.0003
   4728.85    0.0000    0.0002    0.0002
   4729.88    0.0000    0.0001   -0.0001
   4730.91    0.0000    0.0001   -0.0004
   4731.95    0.0000    0.0001   -0.0006
   4732.98    0.0000    0.0001   -0.0007
   4734.01    0.0000    0.0000   -0.0008
   4735.04    0.0000   -0.0001   -0.0006
   4736.08    0.0000   -0.0002   -0.0004
   4737.11    0.0000   -0.0003   -0.0001
   4738.14    0.0000   -0.0004    0.0003
   4739.17    0.0000   -0.0004    0.0005
   4740.21    0.0000   -0.0004    0.0005
   4741.24    0.0000   -0.0003    0.0003
   4742.27    0.0000   -0.0001   -0.0002
   4743.30    0.0000    0.0002   -0.0005
   4744.34    0.0000    0.0004   -0.0007
   4745.37    0.0000    0.0006   -0.0006
   4746.40    0.0000    0.0006   -0.0003
   4747.43    0.0000    0.0005    0.0001
   4748.47    0.0000    0.0003    0.0004
   4749.50    0.0000    0.0002    0.0004
   4750.53    0.0000    0.0000    0.0002
   4751.56    0.0000   -0.0000   -0.0002
   4752.60    0.0000   -0.0000   -0.0006
   4753.63    0.0000   -0.0000   -0.0009
   4754.66    0.0000    0.0001   -0.0008
   4755.69    0.0000    0.0003   -0.0005
   4756.73    0.0000    0.0004   -0.0002
   4757.76    0.0000    0.0003   -0.0001
   4758.79    0.0000    0.0001   -0.0002
   4759.82    0.0000   -0.0001   -0.0004
   4760.86    0.0000   -0.0004   -0.0006
   4761.89    0.0000   -0.0005   -0.0008
   4762.92    0.0000   -0.0005   -0.0009
   4763.95    0.0000   -0.0004   -0.0009
   4764.99    0.0000   -0.0003   -0.0008
   4766.02    0.0000   -0.0001   -0.0005
   4767.05    0.0000   -0.0000   -0.0002
   4768.08    0.0000    0.0000    0.0000
   4769.12    0.0000    0.0000    0.0002
   4770.15    0.0000   -0.0000    0.0003
   4771.18    0.0000    0.0000    0.0003
   4772.21    0.0000    0.0001    0.0002
   4773.25    0.0000    0.0003    0.0001
   4774.28    0.0000    0.0004   -0.0000
   4775.31    0.0000    0.0005   -0.0001
   4776.34    0.0000    0.0004   -0.0002
   4777.38    0.0000    0.0004   -0.0001
   4778.41    0.0000    0.0002   -0.0000
   4779.44    0.0000    0.0001    0.0002
   4780.47    0.0000    0.0000    0.0003
   4781.51    0.0000   -0.0001    0.0004
   4782.54    0.0000   -0.0003    0.0003
   4783.57    0.0000   -0.0004    0.0002
   4784.60    0.0000   -0.0005    0.0001
   4785.64    0.0000   -0.0005   -0.0001
   4786.67    0.0000   -0.0004   -0.0003
   4787.70    0.0000   -0.0003   -0.0005
   4788.73    0.0000   -0.0000   -0.0007
   4789.77    0.0000    0.0002   -0.0009
   4790.80    0.0000    0.0004   -0.0009
   4791.83    0.0000    0.0005   -0.0009
   4792.86    0.0000    0.0005   -0.0007
   4793.90    0.0000    0.0004   -0.0005
   4794.93    0.0000    0.0003   -0.0002
   4795.96    0.0000    0.0002    0.0001
   4796.99    0.0000    0.0000    0.0002
   4798.03    0.0000   -0.0001    0.0003
   4799.06    0.0000   -0.0003    0.0002
   4800.09    0.0000   -0.0004   -0.0000
   4801.12    0.0000   -0.0006   -0.0002
   4802.16    0.0000   -0.0007   -0.0003
   4803.19    0.0000   -0.0006   -0.0004
   4804.22    0.0000   -0.0004   -0.0004
   4805.25    0.0000   -0.0001   -0.0004
   4806.29    0.0000    0.0003   -0.0004
   4807.32    0.0000    0.0007   -0.0004
   4808.35    0.0000    0.0010   -0.0003
   4809.38    0.0000    0.0011   -0.0002
   4810.42    0.0000    0.0011   -0.0000
   4811.45    0.0000    0.0009    0.0001
   4812.48    0.0000    0.0006    0.0002
   4813.51    0.0000    0.0004    0.0001
   4814.55    0.0000    0.0003   -0.0001
   4815.58    0.0000    0.0002   -0.0003
   4816.61    0.0000    0.0000   -0.0006
   4817.64    0.0000   -0.0001   -0.0007
   4818.68    0.0000   -0.0003   -0.0007
   4819.71    0.0000   -0.0004   -0.0005
   4820.74    0.0000   -0.0005   -0.0003
   4821.77    0.0000   -0.0004   -0.0001
   4822.81    0.0000   -0.0001    0.0001
   4823.84    0.0000    0.0003    0.0001
   4824.87    0.0000    0.0008    0.0000
   4825.90    0.0000    0.0012   -0.0001
   4826.94    0.0000    0.0011   -0.0003
   4827.97    0.0000    0.0005   -0.0004
   4829.00    0.0000   -0.0004   -0.0003
   4830.03    0.0000   -0.0010   -0.0001
   4831.07    0.0000   -0.0011    0.0001
   4832.10    0.0000   -0.0007    0.0001
   4833.13    0.0000   -0.0001    0.0001
   4834.16    0.0000    0.0005   -0.0001
   4835.20    0.0000    0.0007   -0.0003
   4836.23    0.0000    0.0004   -0.0004
   4837.26    0.0000   -0.0001   -0.0002
   4838.29    0.0000   -0.0007    0.0001
   4839.33    0.0000   -0.0009    0.0004
   4840.36    0.0000   -0.0008    0.0007
   4841.39    0.0000   -0.0004    0.0007
   4842.42    0.0000    0.0001    0.0005
   4843.46    0.0000    0.0002    0.0002
   4844.49    0.0000   -0.0002   -0.0001
   4845.52    0.0000   -0.0006   -0.0003
   4846.55    0.0000   -0.0009   -0.0003
   4847.59    0.0000   -0.0007   -0.0001
   4848.62    0.0000   -0.0002    0.0002
   4849.65    0.0000    0.0003    0.0004
   4850.68    0.0000    0.0006    0.0003
   4851.72    0.0000    0.0005    0.0001
   4852.75    0.0000    0.0001   -0.0001
   4853.78    0.0000   -0.0003   -0.0002
   4854.81    0.0000   -0.0006   -0.0001
   4855.85    0.0000   -0.0004    0.0001
   4856.88    0.0000   -0.0001    0.0003
   4857.91    0.0000    0.0004    0.0002
   4858.94    0.0000    0.0006   -0.0001
   4859.98    0.0000    0.0006   -0.0005
   4861.01    0.0000    0.0003   -0.0008
   4862.04    0.0000    0.0001   -0.0010
   4863.07    0.0000   -0.0001   -0.0008
   4864.11    0.0000    0.0001   -0.0005
   4865.14    0.0000    0.0004   -0.0001
   4866.17    0.0000    0.0007    0.0001
   4867.20    0.0000    0.0008    0.0001
   4868.24    0.0000    0.0007   -0.0001
   4869.27    0.0000    0.0003   -0.0003
   4870.30    0.0000   -0.0001   -0.0006
   4871.33    0.0000   -0.0004   -0.0008
   4872.37    0.0000   -0.0005   -0.0009
   4873.40    0.0000   -0.0004   -0.0009
   4874.43    0.0000   -0.0003   -0.0006
   4875.46    0.0000   -0.0003   -0.0003
   4876.50    0.0000   -0.0004    0.0001
   4877.53    0.0000   -0.0005    0.0006
   4878.56    0.0000   -0.0005    0.0008
   4879.59    0.0000   -0.0003    0.0009
   4880.63    0.0000    0.0001    0.0009
   4881.66    0.0000    0.0006    0.0007
   4882.69    0.0000    0.0009    0.0005
   4883.72    0.0000    0.0009    0.0004
   4884.76    0.0000    0.0007    0.0003
   4885.79    0.0000    0.0003    0.0003
   4886.82    0.0000   -0.0001    0.0002
   4887.85    0.0000   -0.0004    0.0002
   4888.89    0.0000   -0.0007    0.0002
   4889.92    0.0000   -0.0008    0.0002
   4890.95    0.0000   -0.0006    0.0001
   4891.98    0.0000   -0.0003    0.0001
   4893.02    0.0000    0.0001    0.0001
   4894.05    0.0000    0.0004    0.0000
   4895.08    0.0000    0.0006    0.0001
   4896.11    0.0000    0.0007    0.0002
   4897.15    0.0000    0.0005    0.0003
   4898.18    0.0000    0.0002    0.0004
   4899.21    0.0000   -0.0002    0.0005
   4900.24    0.0000   -0.0005    0.0006
   4901.28    0.0000   -0.0007    0.0006
   4902.31    0.0000   -0.0007    0.0005
   4903.34    0.0000   -0.0005    0.0004
   4904.37    0.0000   -0.0002    0.0002
   4905.41    0.0000    0.0002    0.0001
   4906.44    0.0000    0.0006   -0.0001
   4907.47    0.0000    0.0009   -0.0002
   4908.50    0.0000    0.0009   -0.0003
   4909.54    0.0000    0.0007   -0.0003
   4910.57    0.0000    0.0004   -0.0003
   4911.60    0.0000   -0.0000   -0.0003
   4912.63    0.0000   -0.0004   -0.0002
   4913.67    0.0000   -0.0006   -0.0000
   4914.70    0.0000   -0.0007    0.0001
   4915.73    0.0000   -0.0005    0.0003
   4916.76    0.0000   -0.0001    0.0004
   4917.80    0.0000    0.0003    0.0004
   4918.83    0.0000    0.0006    0.0003
   4919.86    0.0000    0.0008    0.0001
   4920.89    0.0000    0.0007   -0.0000
   4921.93    0.0000    0.0005   -0.0002
   4922.96    0.0000    0.0002   -0.0004
   4923.99    0.0000   -0.0001   -0.0004
   4925.02    0.0000   -0.0002   -0.0004
   4926.06    0.0000   -0.0001   -0.0003
   4927.09    0.0000    0.0003   -0.0003
   4928.12    0.0000    0.0007   -0.0002
   4929.15    0.0000    0.0009   -0.0000
   4930.19    0.0000    0.0009    0.0001
   4931.22    0.0000    0.0006    0.0003
   4932.25    0.0000    0.0001    0.0004
   4933.28    0.0000   -0.0003    0.0004
   4934.32    0.0000   -0.0007    0.0004
   4935.35    0.0000   -0.0009    0.0002
   4936.38    0.0000   -0.0008    0.0001
   4937.41    0.0000   -0.0005   -0.0001
   4938.45    0.0000   -0.0001   -0.0002
   4939.48    0.0000    0.0004   -0.0002
   4940.51    0.0000    0.0008   -0.0002
   4941.54    0.0000    0.0010   -0.0001
   4942.58    0.0000    0.0008    0.0001
   4943.61    0.0000    0.0003    0.0002
   4944.64    0.0000   -0.0003    0.0003
   4945.67    0.0000   -0.0008    0.0003
   4946.71    0.0000   -0.0011    0.0002
   4947.74    0.0000   -0.0011    0.0000
   4948.77    0.0000   -0.0008   -0.0001
   4949.80    0.0000   -0.0003   -0.0003
   4950.84    0.0000    0.0001   -0.0003
   4951.87    0.0000    0.0005   -0.0003
   4952.90    0.0000    0.0007   -0.0003
   4953.93    0.0000    0.0007   -0.0002
   4954.97    0.0000    0.0005   -0.0001
   4956.00    0.0000    0.0002    0.0000
   4957.03    0.0000   -0.0002    0.0000
   4958.06    0.0000   -0.0005    0.0000
   4959.10    0.0000   -0.0007   -0.0000
   4960.13    0.0000   -0.0008   -0.0001
   4961.16    0.0000   -0.0007   -0.0002
   4962.19    0.0000   -0.0006   -0.0002
   4963.23    0.0000   -0.0004   -0.0002
   4964.26    0.0000   -0.0002   -0.0002
   4965.29    0.0000   -0.0001   -0.0002
   4966.32    0.0000    0.0001   -0.0002
   4967.36    0.0000    0.0001   -0.0001
   4968.39    0.0000    0.0001   -0.0001
   4969.42    0.0000    0.0001   -0.0001
   4970.45    0.0000   -0.0000   -0.0002
   4971.49    0.0000   -0.0001   -0.0002
   4972.52    0.0000   -0.0002   -0.0003
   4973.55    0.0000   -0.0003   -0.0004
   4974.58    0.0000   -0.0003   -0.0004
   4975.62    0.0000   -0.0004   -0.0005
   4976.65    0.0000   -0.0004   -0.0005
   4977.68    0.0000   -0.0004   -0.0006
   4978.71    0.0000   -0.0003   -0.0006
   4979.75    0.0000   -0.0001   -0.0007
   4980.78    0.0000    0.0000   -0.0007
   4981.81    0.0000    0.0002   -0.0007
   4982.84    0.0000    0.0004   -0.0007
   4983.88    0.0000    0.0005   -0.0007
   4984.91    0.0000    0.0006   -0.0007
   4985.94    0.0000    0.0006   -0.0006
   4986.97    0.0000    0.0006   -0.0006
   4988.01    0.0000    0.0005   -0.0005
   4989.04    0.0000    0.0003   -0.0005
   4990.07    0.0000    0.0001   -0.0005
   4991.10    0.0000   -0.0000   -0.0005
   4992.14    0.0000   -0.0002   -0.0005
   4993.17    0.0000   -0.0003   -0.0006
   4994.20    0.0000   -0.0003   -0.0006
   4995.23    0.0000   -0.0003   -0.0007
   4996.27    0.0000   -0.0002   -0.0007
   4997.30    0.0000   -0.0001   -0.0008
   4998.33    0.0000    0.0000   -0.0008
   4999.36    0.0000    0.0001   -0.0007
   5000.40    0.0000    0.0002   -0.0007
   5001.43    0.0000    0.0002   -0.0007
   5002.46    0.0000    0.0002   -0.0006
   5003.49    0.0000    0.0001   -0.0006
   5004.53    0.0000    0.0001   -0.0006
   5005.56    0.0000    0.0001   -0.0006
   5006.59    0.0000    0.0001   -0.0005
   5007.62    0.0000    0.0002   -0.0005
   5008.66    0.0000    0.0003   -0.0004
   5009.69    0.0000    0.0003   -0.0003
   5010.72    0.0000    0.0004   -0.0002
   5011.75    0.0000    0.0004   -0.0000
   5012.79    0.0000    0.0003    0.0000
   5013.82    0.0000   -0.0000   -0.0000
   5014.85    0.0000   -0.0003   -0.0002
   5015.88    0.0000   -0.0004   -0.0004
   5016.92    0.0000   -0.0004   -0.0005
   5017.95    0.0000   -0.0003   -0.0006
   5018.98    0.0000   -0.0001   -0.0006
   5020.01    0.0000    0.0002   -0.0005
   5021.05    0.0000    0.0004   -0.0004
   5022.08    0.0000    0.0005   -0.0003
   5023.11    0.0000    0.0004   -0.0002
   5024.14    0.0000    0.0003   -0.0002
   5025.18    0.0000    0.0001   -0.0003
   5026.21    0.0000   -0.0000   -0.0004
   5027.24    0.0000   -0.0001   -0.0005
   5028.27    0.0000   -0.0002   -0.0006
   5029.31    0.0000   -0.0001   -0.0007
   5030.34    0.0000   -0.0000   -0.0007
   5031.37    0.0000    0.0001   -0.0007
   5032.40    0.0000    0.0003   -0.0006
   5033.44    0.0000    0.0004   -0.0006
   5034.47    0.0000    0.0005   -0.0005
   5035.50    0.0000    0.0005   -0.0004
   5036.53    0.0000    0.0005   -0.0004
   5037.57    0.0000    0.0004   -0.0003
   5038.60    0.0000    0.0002   -0.0003
   5039.63    0.0000    0.0001   -0.0003
   5040.66    0.0000    0.0000   -0.0003
   5041.70    0.0000   -0.0000   -0.0003
   5042.73    0.0000    0.0001   -0.0003
   5043.76    0.0000    0.0001   -0.0003
   5044.79    0.0000    0.0002   -0.0003
   5045.83    0.0000    0.0003   -0.0002
   5046.86    0.0000    0.0002   -0.0000
   5047.89    0.0000    0.0001    0.0001
   5048.92    0.0000   -0.0000    0.0002
   5049.96    0.0000   -0.0002    0.0002
   5050.99    0.0000   -0.0003    0.0002
   5052.02    0.0000   -0.0004    0.0001
   5053.05    0.0000   -0.0004    0.0001
   5054.09    0.0000   -0.0004   -0.0000
   5055.12    0.0000   -0.0003   -0.0001
   5056.15    0.0000   -0.0001   -0.0002
   5057.18    0.0000    0.0000   -0.0001
   5058.22    0.0000    0.0001   -0.0001
   5059.25    0.0000    0.0002    0.0000
   5060.28    0.0000    0.0002    0.0001
   5061.31    0.0000    0.0002    0.0002
   5062.35    0.0000    0.0001    0.0003
   5063.38    0.0000    0.0001    0.0003
   5064.41    0.0000    0.0000    0.0003
   5065.44    0.0000   -0.0000    0.0003
   5066.48    0.0000   -0.0001    0.0002
   5067.51    0.0000   -0.0000    0.0002
   5068.54    0.0000    0.0000    0.0002
   5069.57    0.0000    0.0001    0.0002
   5070.61    0.0000    0.0001    0.0002
   5071.64    0.0000    0.0002    0.0002
   5072.67    0.0000    0.0002    0.0003
   5073.70    0.0000    0.0003    0.0003
   5074.74    0.0000    0.0002    0.0003
   5075.77    0.0000    0.0002    0.0003
   5076.80    0.0000    0.0002    0.0003
   5077.83    0.0000    0.0002    0.0002
   5078.87    0.0000    0.0001    0.0002
   5079.90    0.0000    0.0002    0.0002
   5080.93    0.0000    0.0002    0.0002
   5081.96    0.0000    0.0002    0.0002
   5083.00    0.0000    0.0002    0.0002
   5084.03    0.0000    0.0003    0.0003
   5085.06    0.0000    0.0003    0.0003
   5086.09    0.0000    0.0004    0.0003
   5087.13    0.0000    0.0004    0.0003
   5088.16    0.0000    0.0004    0.0003
   5089.19    0.0000    0.0004    0.0004
   5090.22    0.0000    0.0004    0.0004
   5091.26    0.0000    0.0004    0.0004
   5092.29    0.0000    0.0004    0.0004
   5093.32    0.0000    0.0004    0.0004
   5094.35    0.0000    0.0004    0.0005
   5095.39    0.0000    0.0004    0.0005
   5096.42    0.0000    0.0004    0.0005
   5097.45    0.0000    0.0004    0.0005
   5098.48    0.0000    0.0004    0.0004
   5099.52    0.0000    0.0004    0.0004
   5100.55    0.0000    0.0004    0.0004
   5101.58    0.0000    0.0004    0.0004
   5102.61    0.0000    0.0004    0.0004
   5103.65    0.0000    0.0004    0.0004
   5104.68    0.0000    0.0004    0.0004
   5105.71    0.0000    0.0004    0.0004
   5106.74    0.0000    0.0004    0.0004
   5107.78    0.0000    0.0005    0.0004
   5108.81    0.0000    0.0005    0.0004
   5109.84    0.0000    0.0005    0.0004
   5110.87    0.0000    0.0005    0.0004
   5111.91    0.0000    0.0005    0.0004
   5112.94    0.0000    0.0005    0.0004
   5113.97    0.0000    0.0005    0.0004
   5115.00    0.0000    0.0005    0.0004
   5116.04    0.0000    0.0005    0.0004
   5117.07    0.0000    0.0005    0.0004
   5118.10    0.0000    0.0006    0.0004
   5119.13    0.0000    0.0006    0.0004
   5120.17    0.0000    0.0006    0.0005
   5121.20    0.0000    0.0006    0.0005
   5122.23    0.0000    0.0006    0.0005
   5123.26    0.0000    0.0006    0.0005
   5124.30    0.0000    0.0007    0.0006
   5125.33    0.0000    0.0007    0.0008
   5126.36    0.0000    0.0006    0.0007
   5127.39    0.0000    0.0003    0.0005
   5128.43    0.0000   -0.0000    0.0002
   5129.46    0.0000   -0.0003   -0.0001
   5130.49    0.0000   -0.0005   -0.0003
   5131.52    0.0000   -0.0005   -0.0004
   5132.56    0.0000   -0.0003   -0.0003
   5133.59    0.0000    0.0000   -0.0002
   5134.62    0.0000    0.0003    0.0001
   5135.65    0.0000    0.0006    0.0003
   5136.69    0.0000    0.0008    0.0004
   5137.72    0.0000    0.0008    0.0005
   5138.75    0.0000    0.0007    0.0005
   5139.78    0.0000    0.0005    0.0004
   5140.82    0.0000    0.0002    0.0003
   5141.85    0.0000   -0.0001    0.0001
   5142.88    0.0000   -0.0002    0.0000
   5143.91    0.0000   -0.0003   -0.0000
   5144.95    0.0000   -0.0003   -0.0001
   5145.98    0.0000   -0.0002   -0.0000
   5147.01    0.0000    0.0000    0.0001
   5148.04    0.0000    0.0002    0.0002
   5149.08    0.0000    0.0004    0.0003
   5150.11    0.0000    0.0005    0.0003
   5151.14    0.0000    0.0006    0.0004
   5152.17    0.0000    0.0006    0.0003
   5153.21    0.0000    0.0005    0.0003
   5154.24    0.0000    0.0004    0.0002
   5155.27    0.0000    0.0003    0.0001
   5156.30    0.0000    0.0002    0.0000
   5157.34    0.0000    0.0001   -0.0000
   5158.37    0.0000    0.0001   -0.0001
   5159.40    0.0000    0.0001   -0.0001
   5160.43    0.0000    0.0002   -0.0000
   5161.47    0.0000    0.0003    0.0000
   5162.50    0.0000    0.0004    0.0001
   5163.53    0.0000    0.0004    0.0002
   5164.56    0.0000    0.0005    0.0003
   5165.60    0.0000    0.0005    0.0003
   5166.63    0.0000    0.0005    0.0004
   5167.66    0.0000    0.0005    0.0004
   5168.69    0.0000    0.0005    0.0003
   5169.73    0.0000    0.0004    0.0003
   5170.76    0.0000    0.0004    0.0002
   5171.79    0.0000    0.0003    0.0001
   5172.82    0.0000    0.0002    0.0000
   5173.86    0.0000    0.0002   -0.0001
   5174.89    0.0000    0.0002   -0.0001
   5175.92    0.0000    0.0002   -0.0001
   5176.95    0.0000    0.0003   -0.0001
   5177.99    0.0000    0.0003   -0.0000
   5179.02    0.0000    0.0004    0.0000
   5180.05    0.0000    0.0004    0.0001
   5181.08    0.0000    0.0005    0.0002
   5182.12    0.0000    0.0005    0.0003
   5183.15    0.0000    0.0005    0.0004
   5184.18    0.0000    0.0005    0.0004
   5185.21    0.0000    0.0004    0.0004
   5186.25    0.0000    0.0004    0.0004
   5187.28    0.0000    0.0004    0.0004
   5188.31    0.0000    0.0004    0.0004
   5189.34    0.0000    0.0003    0.0003
   5190.38    0.0000    0.0003    0.0002
   5191.41    0.0000    0.0003    0.0002
   5192.44    0.0000    0.0003    0.0001
   5193.47    0.0000    0.0002    0.0001
   5194.51    0.0000    0.0002    0.0000
   5195.54    0.0000    0.0002   -0.0000
   5196.57    0.0000    0.0002   -0.0001
   5197.60    0.0000    0.0002   -0.0001
   5198.64    0.0000    0.0003   -0.0001
   5199.67    0.0000    0.0003   -0.0001
   5200.70    0.0000    0.0004   -0.0000
   5201.73    0.0000    0.0004   -0.0000
   5202.77    0.0000    0.0005   -0.0000
   5203.80    0.0000    0.0006    0.0000
   5204.83    0.0000    0.0006    0.0000
   5205.86    0.0000    0.0006    0.0000
   5206.90    0.0000    0.0006   -0.0000
   5207.93    0.0000    0.0006   -0.0000
   5208.96    0.0000    0.0006   -0.0001
   5209.99    0.0000    0.0006   -0.0001
   5211.03    0.0000    0.0006   -0.0001
   5212.06    0.0000    0.0006   -0.0001
   5213.09    0.0000    0.0005   -0.0000
   5214.12    0.0000    0.0003    0.0002
   5215.16    0.0000    0.0001    0.0002
   5216.19    0.0000   -0.0002    0.0003
   5217.22    0.0000   -0.0003    0.0002
   5218.25    0.0000   -0.0003    0.0001
   5219.29    0.0000   -0.0002    0.0000
   5220.32    0.0000   -0.0000   -0.0000
   5221.35    0.0000    0.0002   -0.0000
   5222.38    0.0000    0.0003   -0.0000
   5223.42    0.0000    0.0004    0.0000
   5224.45    0.0000    0.0004    0.0000
   5225.48    0.0000    0.0002    0.0001
   5226.51    0.0000    0.0001    0.0000
   5227.55    0.0000   -0.0001   -0.0000
   5228.58    0.0000   -0.0003   -0.0001
   5229.61    0.0000   -0.0003   -0.0003
   5230.64    0.0000   -0.0003   -0.0004
   5231.68    0.0000   -0.0002   -0.0006
   5232.71    0.0000    0.0000   -0.0007
   5233.74    0.0000    0.0003   -0.0007
   5234.77    0.0000    0.0004   -0.0007
   5235.81    0.0000    0.0006   -0.0006
   5236.84    0.0000    0.0006   -0.0004
   5237.87    0.0000    0.0004   -0.0003
   5238.90    0.0000    0.0002   -0.0001
   5239.94    0.0000   -0.0001    0.0001
   5240.97    0.0000   -0.0005    0.0002
   5242.00    0.0000   -0.0008    0.0003
   5243.03    0.0000   -0.0010    0.0003
   5244.07    0.0000   -0.0011    0.0003
   5245.10    0.0000   -0.0011    0.0003
   5246.13    0.0000   -0.0010    0.0002
   5247.16    0.0000   -0.0008    0.0002
   5248.20    0.0000   -0.0005    0.0001
