     #Time      Norm      Real      Imag
   4705.10    0.0000   -0.0000   -0.0000
   4706.13    0.0000   -0.0001   -0.0001
   4707.17    0.0000   -0.0001   -0.0001
   4708.20    0.0000   -0.0001   -0.0002
   4709.23    0.0000   -0.0002   -0.0002
   4710.26    0.0000   -0.0002   -0.0002
   4711.30    0.0000   -0.0003   -0.0003
   4712.33    0.0000   -0.0003   -0.0003
   4713.36    0.0000   -0.0004   -0.0004
   4714.39    0.0000   -0.0004   -0.0004
   4715.43    0.0000   -0.0004   -0.0004
   4716.46    0.0000   -0.0005   -0.0005
   4717.49    0.0000   -0.0005   -0.0005
   4718.52    0.0000   -0.0005   -0.0005
   4719.56    0.0000   -0.0005   -0.0005
   4720.59    0.0000   -0.0006   -0.0005
   4721.62    0.0000   -0.0006   -0.0006
   4722.65    0.0000   -0.0006   -0.0006
   4723.69    0.0000   -0.0006   -0.0006
   4724.72    0.0000   -0.0006   -0.0006
   4725.75    0.0000   -0.0007   -0.0006
   4726.78    0.0000   -0.0007   -0.0006
   4727.82    0.0000   -0.0007   -0.0007
   4728.85    0.0000   -0.0008   -0.0007
   4729.88    0.0000   -0.0008   -0.0007
   4730.91    0.0000   -0.0008   -0.0007
   4731.95    0.0000   -0.0008   -0.0008
   4732.98    0.0000   -0.0008   -0.0008
   4734.01    0.0000   -0.0009   -0.0008
   4735.04    0.0000   -0.0009   -0.0008
   4736.08    0.0000   -0.0009   -0.0008
   4737.11    0.0000   -0.0009   -0.0008
   4738.14    0.0000   -0.0009   -0.0008
   4739.17    0.0000   -0.0009   -0.0008
   4740.21    0.0000   -0.0010   -0.0008
   4741.24    0.0000   -0.0010   -0.0008
   4742.27    0.0000   -0.0010   -0.0008
   4743.30    0.0000   -0.0010   -0.0008
   4744.34    0.0000   -0.0010   -0.0008
   4745.37    0.0000   -0.0010   -0.0008
   4746.40    0.0000   -0.0009   -0.0008
   4747.43    0.0000   -0.0009   -0.0008
   4748.47    0.0000   -0.0009   -0.0008
   4749.50    0.0000   -0.0009   -0.0008
   4750.53    0.0000   -0.0009   -0.0008
   4751.56    0.0000   -0.0009   -0.0008
   4752.60    0.0000   -0.0009   -0.0008
   4753.63    0.0000   -0.0008   -0.0008
   4754.66    0.0000   -0.0008   -0.0008
   4755.69    0.0000   -0.0008   -0.0008
   4756.73    0.0000   -0.0008   -0.0008
   4757.76    0.0000   -0.0008   -0.0008
   4758.79    0.0000   -0.0008   -0.0008
   4759.82    0.0000   -0.0007   -0.0008
   4760.86    0.0000   -0.0007   -0.0008
   4761.89    0.0000   -0.0007   -0.0008
   4762.92    0.0000   -0.0007   -0.0008
   4763.95    0.0000   -0.0006   -0.0008
   4764.99    0.0000   -0.0006   -0.0008
   4766.02    0.0000   -0.0006   -0.0008
   4767.05    0.0000   -0.0005   -0.0008
   4768.08    0.0000   -0.0005   -0.0008
   4769.12    0.0000   -0.0005   -0.0008
   4770.15    0.0000   -0.0005   -0.0007
   4771.18    0.0000   -0.0004   -0.0007
   4772.21    0.0000   -0.0004   -0.0007
   4773.25    0.0000   -0.0004   -0.0007
   4774.28    0.0000   -0.0004   -0.0007
   4775.31    0.0000   -0.0003   -0.0007
   4776.34    0.0000   -0.0003   -0.0007
   4777.38    0.0000   -0.0003   -0.0006
   4778.41    0.0000   -0.0002   -0.0006
   4779.44    0.0000   -0.0002   -0.0006
   4780.47    0.0000   -0.0002   -0.0006
   4781.51    0.0000   -0.0001   -0.0006
   4782.54    0.0000   -0.0001   -0.0005
   4783.57    0.0000   -0.0001   -0.0005
   4784.60    0.0000   -0.0001   -0.0005
   4785.64    0.0000   -0.0000   -0.0005
   4786.67    0.0000    0.0000   -0.0004
   4787.70    0.0000    0.0000   -0.0004
   4788.73    0.0000    0.0001   -0.0004
   4789.77    0.0000    0.0001   -0.0004
   4790.80    0.0000    0.0001   -0.0004
   4791.83    0.0000    0.0002   -0.0004
   4792.86    0.0000    0.0002   -0.0004
   4793.90    0.0000    0.0002   -0.0003
   4794.93    0.0000    0.0002   -0.0003
   4795.96    0.0000    0.0003   -0.0003
   4796.99    0.0000    0.0003   -0.0003
   4798.03    0.0000    0.0003   -0.0003
   4799.06    0.0000    0.0003   -0.0003
   4800.09    0.0000    0.0003   -0.0003
   4801.12    0.0000    0.0004   -0.0003
   4802.16    0.0000    0.0004   -0.0003
   4803.19    0.0000    0.0004   -0.0003
   4804.22    0.0000    0.0004   -0.0003
   4805.25    0.0000    0.0004   -0.0003
   4806.29    0.0000    0.0004   -0.0003
   4807.32    0.0000    0.0004   -0.0003
   4808.35    0.0000    0.0004   -0.0003
   4809.38    0.0000    0.0004   -0.0003
   4810.42    0.0000    0.0004   -0.0003
   4811.45    0.0000    0.0005   -0.0003
   4812.48    0.0000    0.0005   -0.0003
   4813.51    0.0000    0.0005   -0.0003
   4814.55    0.0000    0.0005   -0.0003
   4815.58    0.0000    0.0005   -0.0003
   4816.61    0.0000    0.0005   -0.0003
   4817.64    0.0000    0.0005   -0.0003
   4818.68    0.0000    0.0005   -0.0003
   4819.71    0.0000    0.0005   -0.0003
   4820.74    0.0000    0.0005   -0.0003
   4821.77    0.0000    0.0005   -0.0003
   4822.81    0.0000    0.0005   -0.0003
   4823.84    0.0000    0.0005   -0.0003
   4824.87    0.0000    0.0005   -0.0003
   4825.90    0.0000    0.0005   -0.0004
   4826.94    0.0000    0.0006   -0.0004
   4827.97    0.0000    0.0006   -0.0004
   4829.00    0.0000    0.0006   -0.0004
   4830.03    0.0000    0.0006   -0.0003
   4831.07    0.0000    0.0006   -0.0003
   4832.10    0.0000    0.0006   -0.0003
   4833.13    0.0000    0.0006   -0.0003
   4834.16    0.0000    0.0006   -0.0003
   4835.20    0.0000    0.0006   -0.0003
   4836.23    0.0000    0.0006   -0.0003
   4837.26    0.0000    0.0006   -0.0003
   4838.29    0.0000    0.0006   -0.0003
   4839.33    0.0000    0.0006   -0.0003
   4840.36    0.0000    0.0005   -0.0003
   4841.39    0.0000    0.0005   -0.0003
   4842.42    0.0000    0.0005   -0.0003
   4843.46    0.0000    0.0005   -0.0003
   4844.49    0.0000    0.0005   -0.0003
   4845.52    0.0000    0.0005   -0.0003
   4846.55    0.0000    0.0005   -0.0003
   4847.59    0.0000    0.0005   -0.0003
   4848.62    0.0000    0.0005   -0.0003
   4849.65    0.0000    0.0005   -0.0003
   4850.68    0.0000    0.0005   -0.0003
   4851.72    0.0000    0.0005   -0.0003
   4852.75    0.0000    0.0005   -0.0003
   4853.78    0.0000    0.0005   -0.0003
   4854.81    0.0000    0.0005   -0.0003
   4855.85    0.0000    0.0004   -0.0003
   4856.88    0.0000    0.0004   -0.0003
   4857.91    0.0000    0.0004   -0.0003
   4858.94    0.0000    0.0004   -0.0003
   4859.98    0.0000    0.0004   -0.0003
   4861.01    0.0000    0.0004   -0.0003
   4862.04    0.0000    0.0004   -0.0003
   4863.07    0.0000    0.0004   -0.0004
   4864.11    0.0000    0.0004   -0.0004
   4865.14    0.0000    0.0004   -0.0004
   4866.17    0.0000    0.0004   -0.0004
   4867.20    0.0000    0.0004   -0.0004
   4868.24    0.0000    0.0004   -0.0004
   4869.27    0.0000    0.0004   -0.0004
   4870.30    0.0000    0.0004   -0.0004
   4871.33    0.0000    0.0004   -0.0004
   4872.37    0.0000    0.0004   -0.0004
   4873.40    0.0000    0.0004   -0.0004
   4874.43    0.0000    0.0003   -0.0004
   4875.46    0.0000    0.0003   -0.0005
   4876.50    0.0000    0.0003   -0.0004
   4877.53    0.0000    0.0003   -0.0004
   4878.56    0.0000    0.0003   -0.0004
   4879.59    0.0000    0.0002   -0.0003
   4880.63    0.0000    0.0002   -0.0003
   4881.66    0.0000    0.0002   -0.0002
   4882.69    0.0000    0.0002   -0.0002
   4883.72    0.0000    0.0003   -0.0001
   4884.76    0.0000    0.0003   -0.0001
   4885.79    0.0000    0.0003   -0.0001
   4886.82    0.0000    0.0003   -0.0000
   4887.85    0.0000    0.0003   -0.0000
   4888.89    0.0000    0.0003    0.0000
   4889.92    0.0000    0.0003    0.0000
   4890.95    0.0000    0.0002    0.0001
   4891.98    0.0000    0.0001    0.0001
   4893.02    0.0000    0.0001    0.0001
   4894.05    0.0000    0.0001    0.0001
   4895.08    0.0000    0.0001    0.0001
   4896.11    0.0000    0.0001    0.0001
   4897.15    0.0000    0.0001    0.0002
   4898.18    0.0000    0.0001    0.0002
   4899.21    0.0000    0.0001    0.0003
   4900.24    0.0000    0.0001    0.0003
   4901.28    0.0000    0.0000    0.0004
   4902.31    0.0000   -0.0000    0.0004
   4903.34    0.0000   -0.0001    0.0005
   4904.37    0.0000   -0.0001    0.0005
   4905.41    0.0000   -0.0001    0.0005
   4906.44    0.0000   -0.0001    0.0005
   4907.47    0.0000   -0.0001    0.0005
   4908.50    0.0000   -0.0000    0.0004
   4909.54    0.0000   -0.0000    0.0004
   4910.57    0.0000   -0.0000    0.0004
   4911.60    0.0000   -0.0000    0.0004
   4912.63    0.0000   -0.0001    0.0004
   4913.67    0.0000   -0.0001    0.0004
   4914.70    0.0000   -0.0002    0.0004
   4915.73    0.0000   -0.0003    0.0004
   4916.76    0.0000   -0.0003    0.0004
   4917.80    0.0000   -0.0004    0.0004
   4918.83    0.0000   -0.0003    0.0004
   4919.86    0.0000   -0.0003    0.0004
   4920.89    0.0000   -0.0003    0.0004
   4921.93    0.0000   -0.0002    0.0004
   4922.96    0.0000   -0.0002    0.0003
   4923.99    0.0000   -0.0002    0.0002
   4925.02    0.0000   -0.0003    0.0002
   4926.06    0.0000   -0.0003    0.0001
   4927.09    0.0000   -0.0003    0.0000
   4928.12    0.0000   -0.0003   -0.0000
   4929.15    0.0000   -0.0003   -0.0001
   4930.19    0.0000   -0.0003   -0.0001
   4931.22    0.0000   -0.0003   -0.0001
   4932.25    0.0000   -0.0003   -0.0001
   4933.28    0.0000   -0.0003   -0.0001
   4934.32    0.0000   -0.0004   -0.0000
   4935.35    0.0000   -0.0004   -0.0000
   4936.38    0.0000   -0.0005   -0.0001
   4937.41    0.0000   -0.0005   -0.0001
   4938.45    0.0000   -0.0005   -0.0001
   4939.48    0.0000   -0.0005   -0.0002
   4940.51    0.0000   -0.0004   -0.0002
   4941.54    0.0000   -0.0004   -0.0003
   4942.58    0.0000   -0.0003   -0.0003
   4943.61    0.0000   -0.0003   -0.0003
   4944.64    0.0000   -0.0002   -0.0003
   4945.67    0.0000   -0.0003   -0.0003
   4946.71    0.0000   -0.0003   -0.0003
   4947.74    0.0000   -0.0004   -0.0003
   4948.77    0.0000   -0.0004   -0.0003
   4949.80    0.0000   -0.0004   -0.0003
   4950.84    0.0000   -0.0004   -0.0004
   4951.87    0.0000   -0.0003   -0.0004
   4952.90    0.0000   -0.0003   -0.0003
   4953.93    0.0000   -0.0002   -0.0003
   4954.97    0.0000   -0.0001   -0.0003
   4956.00    0.0000   -0.0000   -0.0003
   4957.03    0.0000    0.0000   -0.0002
   4958.06    0.0000    0.0001   -0.0002
   4959.10    0.0000    0.0001   -0.0001
   4960.13    0.0000    0.0002   -0.0001
   4961.16    0.0000    0.0002   -0.0001
   4962.19    0.0000    0.0002   -0.0000
   4963.23    0.0000    0.0003   -0.0000
   4964.26    0.0000    0.0003    0.0000
   4965.29    0.0000    0.0004    0.0001
   4966.32    0.0000    0.0004    0.0001
   4967.36    0.0000    0.0005    0.0001
   4968.39    0.0000    0.0005    0.0002
   4969.42    0.0000    0.0006    0.0002
   4970.45    0.0000    0.0006    0.0002
   4971.49    0.0000    0.0006    0.0003
   4972.52    0.0000    0.0007    0.0003
   4973.55    0.0000    0.0007    0.0003
   4974.58    0.0000    0.0006    0.0003
   4975.62    0.0000    0.0006    0.0003
   4976.65    0.0000    0.0006    0.0003
   4977.68    0.0000    0.0005    0.0003
   4978.71    0.0000    0.0005    0.0002
   4979.75    0.0000    0.0004    0.0002
   4980.78    0.0000    0.0004    0.0002
   4981.81    0.0000    0.0003    0.0002
   4982.84    0.0000    0.0002    0.0002
   4983.88    0.0000    0.0002    0.0001
   4984.91    0.0000    0.0001    0.0001
   4985.94    0.0000    0.0000    0.0001
   4986.97    0.0000   -0.0000    0.0001
   4988.01    0.0000   -0.0001    0.0001
   4989.04    0.0000   -0.0002    0.0001
   4990.07    0.0000   -0.0003    0.0000
   4991.10    0.0000   -0.0004    0.0000
   4992.14    0.0000   -0.0004    0.0000
   4993.17    0.0000   -0.0005   -0.0000
   4994.20    0.0000   -0.0006   -0.0000
   4995.23    0.0000   -0.0006   -0.0000
   4996.27    0.0000   -0.0007   -0.0001
   4997.30    0.0000   -0.0007   -0.0001
   4998.33    0.0000   -0.0007   -0.0001
   4999.36    0.0000   -0.0007   -0.0001
   5000.40    0.0000   -0.0007   -0.0001
   5001.43    0.0000   -0.0007   -0.0001
   5002.46    0.0000   -0.0007   -0.0001
   5003.49    0.0000   -0.0007   -0.0001
   5004.53    0.0000   -0.0006   -0.0001
   5005.56    0.0000   -0.0006   -0.0001
   5006.59    0.0000   -0.0006   -0.0001
   5007.62    0.0000   -0.0005   -0.0000
   5008.66    0.0000   -0.0004   -0.0000
   5009.69    0.0000   -0.0004   -0.0000
   5010.72    0.0000   -0.0003    0.0000
   5011.75    0.0000   -0.0002    0.0000
   5012.79    0.0000   -0.0001    0.0000
   5013.82    0.0000   -0.0001    0.0001
   5014.85    0.0000    0.0000    0.0001
   5015.88    0.0000    0.0001    0.0001
   5016.92    0.0000    0.0002    0.0001
   5017.95    0.0000    0.0002    0.0001
   5018.98    0.0000    0.0003    0.0001
   5020.01    0.0000    0.0004    0.0002
   5021.05    0.0000    0.0004    0.0002
   5022.08    0.0000    0.0005    0.0002
   5023.11    0.0000    0.0005    0.0002
   5024.14    0.0000    0.0005    0.0002
   5025.18    0.0000    0.0006    0.0002
   5026.21    0.0000    0.0006    0.0002
   5027.24    0.0000    0.0006    0.0002
   5028.27    0.0000    0.0006    0.0002
   5029.31    0.0000    0.0006    0.0002
   5030.34    0.0000    0.0006    0.0002
   5031.37    0.0000    0.0006    0.0002
   5032.40    0.0000    0.0006    0.0002
   5033.44    0.0000    0.0006    0.0002
   5034.47    0.0000    0.0006    0.0002
   5035.50    0.0000    0.0006    0.0001
   5036.53    0.0000    0.0005    0.0001
   5037.57    0.0000    0.0005    0.0001
   5038.60    0.0000    0.0005    0.0001
   5039.63    0.0000    0.0004    0.0001
   5040.66    0.0000    0.0004    0.0001
   5041.70    0.0000    0.0003    0.0000
   5042.73    0.0000    0.0003    0.0000
   5043.76    0.0000    0.0002    0.0000
   5044.79    0.0000    0.0002   -0.0000
   5045.83    0.0000    0.0001   -0.0000
   5046.86    0.0000    0.0001   -0.0000
   5047.89    0.0000   -0.0000   -0.0001
   5048.92    0.0000   -0.0001   -0.0001
   5049.96    0.0000   -0.0001   -0.0001
   5050.99    0.0000   -0.0002   -0.0001
   5052.02    0.0000   -0.0002   -0.0001
   5053.05    0.0000   -0.0003   -0.0001
   5054.09    0.0000   -0.0003   -0.0002
   5055.12    0.0000   -0.0004   -0.0002
   5056.15    0.0000   -0.0004   -0.0002
   5057.18    0.0000   -0.0004   -0.0002
   5058.22    0.0000   -0.0005   -0.0002
   5059.25    0.0000   -0.0005   -0.0002
   5060.28    0.0000   -0.0005   -0.0002
   5061.31    0.0000   -0.0005   -0.0003
   5062.35    0.0000   -0.0006   -0.0003
   5063.38    0.0000   -0.0006   -0.0003
   5064.41    0.0000   -0.0006   -0.0003
   5065.44    0.0000   -0.0006   -0.0003
   5066.48    0.0000   -0.0006   -0.0003
   5067.51    0.0000   -0.0006   -0.0003
   5068.54    0.0000   -0.0006   -0.0003
   5069.57    0.0000   -0.0006   -0.0003
   5070.61    0.0000   -0.0005   -0.0003
   5071.64    0.0000   -0.0005   -0.0003
   5072.67    0.0000   -0.0005   -0.0003
   5073.70    0.0000   -0.0005   -0.0003
   5074.74    0.0000   -0.0004   -0.0003
   5075.77    0.0000   -0.0004   -0.0003
   5076.80    0.0000   -0.0004   -0.0003
   5077.83    0.0000   -0.0004   -0.0003
   5078.87    0.0000   -0.0003   -0.0003
   5079.90    0.0000   -0.0003   -0.0003
   5080.93    0.0000   -0.0003   -0.0003
   5081.96    0.0000   -0.0003   -0.0003
   5083.00    0.0000   -0.0003   -0.0003
   5084.03    0.0000   -0.0002   -0.0003
   5085.06    0.0000   -0.0002   -0.0003
   5086.09    0.0000   -0.0002   -0.0003
   5087.13    0.0000   -0.0002   -0.0003
   5088.16    0.0000   -0.0002   -0.0003
   5089.19    0.0000   -0.0002   -0.0003
   5090.22    0.0000   -0.0002   -0.0002
   5091.26    0.0000   -0.0003   -0.0002
   5092.29    0.0000   -0.0003   -0.0002
   5093.32    0.0000   -0.0003   -0.0002
   5094.35    0.0000   -0.0003   -0.0002
   5095.39    0.0000   -0.0004   -0.0002
   5096.42    0.0000   -0.0004   -0.0002
   5097.45    0.0000   -0.0004   -0.0002
   5098.48    0.0000   -0.0004   -0.0002
   5099.52    0.0000   -0.0005   -0.0002
   5100.55    0.0000   -0.0005   -0.0002
   5101.58    0.0000   -0.0005   -0.0002
   5102.61    0.0000   -0.0005   -0.0002
   5103.65    0.0000   -0.0005   -0.0002
   5104.68    0.0000   -0.0005   -0.0002
   5105.71    0.0000   -0.0005   -0.0002
   5106.74    0.0000   -0.0005   -0.0002
   5107.78    0.0000   -0.0004   -0.0002
   5108.81    0.0000   -0.0004   -0.0002
   5109.84    0.0000   -0.0004   -0.0002
   5110.87    0.0000   -0.0004   -0.0002
   5111.91    0.0000   -0.0004   -0.0002
   5112.94    0.0000   -0.0004   -0.0002
   5113.97    0.0000   -0.0004   -0.0002
   5115.00    0.0000   -0.0004   -0.0002
   5116.04    0.0000   -0.0004   -0.0002
   5117.07    0.0000   -0.0004   -0.0002
   5118.10    0.0000   -0.0004   -0.0002
   5119.13    0.0000   -0.0004   -0.0002
   5120.17    0.0000   -0.0004   -0.0002
   5121.20    0.0000   -0.0004   -0.0002
   5122.23    0.0000   -0.0004   -0.0002
   5123.26    0.0000   -0.0004   -0.0002
   5124.30    0.0000   -0.0004   -0.0002
   5125.33    0.0000   -0.0004   -0.0002
   5126.36    0.0000   -0.0004   -0.0002
   5127.39    0.0000   -0.0004   -0.0002
   5128.43    0.0000   -0.0004   -0.0002
   5129.46    0.0000   -0.0004   -0.0002
   5130.49    0.0000   -0.0004   -0.0002
   5131.52    0.0000   -0.0004   -0.0002
   5132.56    0.0000   -0.0004   -0.0002
   5133.59    0.0000   -0.0004   -0.0002
   5134.62    0.0000   -0.0004   -0.0002
   5135.65    0.0000   -0.0004   -0.0002
   5136.69    0.0000   -0.0004   -0.0002
   5137.72    0.0000   -0.0004   -0.0002
   5138.75    0.0000   -0.0004   -0.0002
   5139.78    0.0000   -0.0004   -0.0002
   5140.82    0.0000   -0.0004   -0.0002
   5141.85    0.0000   -0.0005   -0.0002
   5142.88    0.0000   -0.0005   -0.0002
   5143.91    0.0000   -0.0005   -0.0002
   5144.95    0.0000   -0.0005   -0.0002
   5145.98    0.0000   -0.0005   -0.0002
   5147.01    0.0000   -0.0005   -0.0002
   5148.04    0.0000   -0.0005   -0.0002
   5149.08    0.0000   -0.0005   -0.0002
   5150.11    0.0000   -0.0005   -0.0002
   5151.14    0.0000   -0.0005   -0.0002
   5152.17    0.0000   -0.0005   -0.0002
   5153.21    0.0000   -0.0005   -0.0002
   5154.24    0.0000   -0.0005   -0.0002
   5155.27    0.0000   -0.0005   -0.0002
   5156.30    0.0000   -0.0005   -0.0002
   5157.34    0.0000   -0.0005   -0.0002
   5158.37    0.0000   -0.0005   -0.0002
   5159.40    0.0000   -0.0005   -0.0002
   5160.43    0.0000   -0.0006   -0.0002
   5161.47    0.0000   -0.0006   -0.0002
   5162.50    0.0000   -0.0006   -0.0002
   5163.53    0.0000   -0.0006   -0.0002
   5164.56    0.0000   -0.0006   -0.0002
   5165.60    0.0000   -0.0006   -0.0002
   5166.63    0.0000   -0.0006   -0.0002
   5167.66    0.0000   -0.0006   -0.0002
   5168.69    0.0000   -0.0006   -0.0002
   5169.73    0.0000   -0.0006   -0.0002
   5170.76    0.0000   -0.0006   -0.0002
   5171.79    0.0000   -0.0006   -0.0002
   5172.82    0.0000   -0.0006   -0.0002
   5173.86    0.0000   -0.0006   -0.0002
   5174.89    0.0000   -0.0006   -0.0002
   5175.92    0.0000   -0.0006   -0.0002
   5176.95    0.0000   -0.0006   -0.0002
   5177.99    0.0000   -0.0006   -0.0002
   5179.02    0.0000   -0.0006   -0.0002
   5180.05    0.0000   -0.0006   -0.0002
   5181.08    0.0000   -0.0006   -0.0002
   5182.12    0.0000   -0.0006   -0.0002
   5183.15    0.0000   -0.0006   -0.0002
   5184.18    0.0000   -0.0006   -0.0002
   5185.21    0.0000   -0.0006   -0.0002
   5186.25    0.0000   -0.0006   -0.0002
   5187.28    0.0000   -0.0006   -0.0002
   5188.31    0.0000   -0.0006   -0.0002
   5189.34    0.0000   -0.0006   -0.0002
   5190.38    0.0000   -0.0006   -0.0002
   5191.41    0.0000   -0.0006   -0.0002
   5192.44    0.0000   -0.0006   -0.0002
   5193.47    0.0000   -0.0006   -0.0002
   5194.51    0.0000   -0.0006   -0.0002
   5195.54    0.0000   -0.0006   -0.0002
   5196.57    0.0000   -0.0006   -0.0002
   5197.60    0.0000   -0.0006   -0.0002
   5198.64    0.0000   -0.0006   -0.0002
   5199.67    0.0000   -0.0006   -0.0002
   5200.70    0.0000   -0.0006   -0.0002
   5201.73    0.0000   -0.0006   -0.0002
   5202.77    0.0000   -0.0006   -0.0002
   5203.80    0.0000   -0.0006   -0.0002
   5204.83    0.0000   -0.0006   -0.0002
   5205.86    0.0000   -0.0007   -0.0002
   5206.90    0.0000   -0.0007   -0.0002
   5207.93    0.0000   -0.0007   -0.0002
   5208.96    0.0000   -0.0007   -0.0002
   5209.99    0.0000   -0.0007   -0.0002
   5211.03    0.0000   -0.0007   -0.0002
   5212.06    0.0000   -0.0007   -0.0002
   5213.09    0.0000   -0.0007   -0.0002
   5214.12    0.0000   -0.0007   -0.0002
   5215.16    0.0000   -0.0007   -0.0002
   5216.19    0.0000   -0.0007   -0.0002
   5217.22    0.0000   -0.0007   -0.0002
   5218.25    0.0000   -0.0007   -0.0002
   5219.29    0.0000   -0.0007   -0.0002
