     #Time      Norm      Real      Imag
   3379.37    0.0000    0.0000    0.0000
   3379.37    0.0000    0.0000    0.0000
   3380.40    0.0000    0.0000    0.0001
   3381.44    0.0000    0.0000    0.0001
   3382.47    0.0000    0.0000    0.0001
   3383.50    0.0000    0.0000    0.0001
   3384.53    0.0000    0.0000    0.0002
   3385.57    0.0000    0.0000    0.0002
   3386.60    0.0000    0.0000    0.0002
   3387.63    0.0000    0.0000    0.0002
   3388.66    0.0000    0.0000    0.0002
   3389.70    0.0000    0.0000    0.0002
   3390.73    0.0000    0.0000    0.0001
   3391.76    0.0000    0.0000    0.0001
   3392.79    0.0000    0.0000    0.0001
   3393.83    0.0000    0.0000    0.0001
   3394.86    0.0000    0.0000    0.0001
   3395.89    0.0000    0.0000    0.0000
   3396.92    0.0000    0.0000    0.0000
   3397.96    0.0000   -0.0000   -0.0000
   3398.99    0.0000   -0.0000   -0.0000
   3400.02    0.0000   -0.0000   -0.0000
   3401.05    0.0000   -0.0000   -0.0001
   3402.09    0.0000   -0.0000   -0.0001
   3403.12    0.0000   -0.0000   -0.0001
   3404.15    0.0000   -0.0000   -0.0001
   3405.18    0.0000   -0.0000   -0.0001
   3406.22    0.0000   -0.0000   -0.0001
   3407.25    0.0000   -0.0000   -0.0002
   3408.28    0.0000   -0.0000   -0.0002
   3409.31    0.0000   -0.0000   -0.0002
   3410.35    0.0000   -0.0000   -0.0002
   3411.38    0.0000   -0.0000   -0.0002
   3412.41    0.0000   -0.0000   -0.0002
   3413.44    0.0000   -0.0000   -0.0002
   3414.48    0.0000   -0.0000   -0.0002
   3415.51    0.0000   -0.0000   -0.0002
   3416.54    0.0000   -0.0000   -0.0002
   3417.57    0.0000   -0.0000   -0.0002
   3418.61    0.0000   -0.0000   -0.0001
   3419.64    0.0000   -0.0000   -0.0001
   3420.67    0.0000   -0.0000   -0.0001
   3421.70    0.0000   -0.0000   -0.0001
   3422.74    0.0000   -0.0000   -0.0001
   3423.77    0.0000   -0.0000   -0.0001
   3424.80    0.0000   -0.0000   -0.0001
   3425.83    0.0000   -0.0000   -0.0001
   3426.87    0.0000   -0.0000   -0.0001
   3427.90    0.0000   -0.0000   -0.0001
   3428.93    0.0000   -0.0000   -0.0001
   3429.96    0.0000   -0.0000   -0.0001
   3431.00    0.0000   -0.0000   -0.0000
   3432.03    0.0000   -0.0000   -0.0000
   3433.06    0.0000   -0.0000   -0.0000
   3434.09    0.0000   -0.0000   -0.0000
   3435.13    0.0000   -0.0000   -0.0000
   3436.16    0.0000    0.0000   -0.0000
   3437.19    0.0000    0.0000    0.0000
   3438.22    0.0000    0.0000    0.0000
   3439.26    0.0000    0.0000    0.0000
   3440.29    0.0000    0.0000    0.0000
   3441.32    0.0000    0.0000    0.0000
   3442.35    0.0000    0.0000    0.0000
   3443.39    0.0000    0.0000    0.0000
   3444.42    0.0000    0.0000    0.0001
   3445.45    0.0000    0.0000    0.0001
   3446.48    0.0000    0.0000    0.0001
   3447.52    0.0000    0.0000    0.0001
   3448.55    0.0000    0.0000    0.0001
   3449.58    0.0000    0.0000    0.0001
   3450.61    0.0000    0.0000    0.0001
   3451.65    0.0000    0.0000    0.0001
   3452.68    0.0000    0.0000    0.0001
   3453.71    0.0000    0.0000    0.0001
   3454.74    0.0000    0.0000    0.0001
   3455.78    0.0000    0.0000    0.0001
   3456.81    0.0000    0.0000    0.0001
   3457.84    0.0000    0.0000    0.0001
   3458.87    0.0000    0.0000    0.0001
   3459.91    0.0000    0.0000    0.0001
   3460.94    0.0000    0.0000    0.0001
   3461.97    0.0000    0.0000    0.0001
   3463.00    0.0000    0.0000    0.0001
   3464.04    0.0000    0.0000    0.0001
   3465.07    0.0000    0.0000    0.0001
   3466.10    0.0000    0.0000    0.0001
   3467.13    0.0000    0.0000    0.0001
   3468.17    0.0000    0.0000    0.0001
   3469.20    0.0000    0.0000    0.0001
   3470.23    0.0000    0.0000    0.0001
   3471.26    0.0000    0.0000    0.0001
   3472.30    0.0000    0.0000    0.0001
   3473.33    0.0000    0.0000    0.0001
   3474.36    0.0000    0.0000    0.0001
   3475.39    0.0000    0.0000    0.0001
   3476.43    0.0000    0.0000    0.0001
   3477.46    0.0000    0.0000    0.0001
   3478.49    0.0000    0.0000    0.0001
   3479.52    0.0000    0.0000    0.0001
   3480.56    0.0000    0.0000    0.0001
   3481.59    0.0000    0.0000    0.0001
   3482.62    0.0000    0.0000    0.0001
   3483.65    0.0000    0.0000    0.0001
   3484.69    0.0000    0.0000    0.0001
   3485.72    0.0000    0.0000    0.0001
   3486.75    0.0000    0.0000    0.0001
   3487.78    0.0000    0.0000    0.0001
   3488.82    0.0000    0.0000    0.0001
   3489.85    0.0000    0.0000    0.0002
   3490.88    0.0000    0.0000    0.0002
   3491.91    0.0000    0.0000    0.0002
   3492.95    0.0000    0.0000    0.0002
   3493.98    0.0000    0.0001    0.0002
   3495.01    0.0000    0.0001    0.0002
   3496.04    0.0000    0.0001    0.0002
   3497.08    0.0000    0.0001    0.0002
   3498.11    0.0000    0.0001    0.0002
   3499.14    0.0000    0.0001    0.0002
   3500.17    0.0000    0.0001    0.0002
   3501.21    0.0000    0.0001    0.0002
   3502.24    0.0000    0.0001    0.0002
   3503.27    0.0000    0.0001    0.0002
   3504.30    0.0000    0.0001    0.0002
   3505.34    0.0000    0.0001    0.0002
   3506.37    0.0000    0.0001    0.0002
   3507.40    0.0000    0.0001    0.0002
   3508.43    0.0000    0.0001    0.0002
   3509.47    0.0000    0.0001    0.0002
   3510.50    0.0000    0.0001    0.0002
   3511.53    0.0000    0.0001    0.0002
   3512.56    0.0000    0.0001    0.0002
   3513.60    0.0000    0.0001    0.0002
   3514.63    0.0000    0.0001    0.0002
   3515.66    0.0000    0.0001    0.0002
   3516.69    0.0000    0.0001    0.0002
   3517.73    0.0000    0.0001    0.0002
   3518.76    0.0000    0.0001    0.0002
   3519.79    0.0000    0.0001    0.0002
   3520.82    0.0000    0.0001    0.0002
   3521.86    0.0000    0.0001    0.0002
   3522.89    0.0000    0.0001    0.0002
   3523.92    0.0000    0.0001    0.0002
   3524.95    0.0000    0.0001    0.0002
   3525.99    0.0000    0.0001    0.0002
   3527.02    0.0000    0.0001    0.0002
   3528.05    0.0000    0.0001    0.0002
   3529.08    0.0000    0.0001    0.0002
   3530.12    0.0000    0.0001    0.0002
   3531.15    0.0000    0.0001    0.0002
   3532.18    0.0000    0.0001    0.0002
   3533.21    0.0000    0.0001    0.0002
   3534.25    0.0000    0.0001    0.0002
   3535.28    0.0000    0.0001    0.0002
   3536.31    0.0000    0.0001    0.0002
   3537.34    0.0000    0.0001    0.0002
   3538.38    0.0000    0.0001    0.0002
   3539.41    0.0000    0.0001    0.0002
   3540.44    0.0000    0.0001    0.0002
   3541.47    0.0000    0.0001    0.0002
   3542.51    0.0000    0.0001    0.0002
   3543.54    0.0000    0.0001    0.0002
   3544.57    0.0000    0.0001    0.0002
   3545.60    0.0000    0.0001    0.0002
   3546.64    0.0000    0.0001    0.0002
   3547.67    0.0000    0.0001    0.0002
   3548.70    0.0000    0.0001    0.0002
   3549.73    0.0000    0.0001    0.0002
   3550.77    0.0000    0.0001    0.0002
   3551.80    0.0000    0.0001    0.0002
   3552.83    0.0000    0.0001    0.0002
   3553.86    0.0000    0.0001    0.0002
   3554.90    0.0000    0.0001    0.0002
   3555.93    0.0000    0.0001    0.0002
   3556.96    0.0000    0.0001    0.0002
   3557.99    0.0000    0.0001    0.0002
   3559.03    0.0000    0.0001    0.0002
   3560.06    0.0000    0.0001    0.0002
   3561.09    0.0000    0.0001    0.0002
   3562.12    0.0000    0.0001    0.0002
   3563.16    0.0000    0.0001    0.0002
   3564.19    0.0000    0.0001    0.0002
   3565.22    0.0000    0.0001    0.0002
   3566.25    0.0000    0.0001    0.0002
   3567.29    0.0000    0.0001    0.0002
   3568.32    0.0000    0.0001    0.0002
   3569.35    0.0000    0.0001    0.0002
   3570.38    0.0000    0.0001    0.0002
   3571.42    0.0000    0.0001    0.0002
   3572.45    0.0000    0.0001    0.0002
   3573.48    0.0000    0.0001    0.0002
   3574.51    0.0000    0.0001    0.0002
   3575.55    0.0000    0.0001    0.0002
   3576.58    0.0000    0.0001    0.0002
   3577.61    0.0000    0.0001    0.0002
   3578.64    0.0000    0.0001    0.0002
   3579.68    0.0000    0.0001    0.0002
   3580.71    0.0000    0.0001    0.0002
   3581.74    0.0000    0.0001    0.0002
   3582.77    0.0000    0.0001    0.0002
   3583.81    0.0000    0.0001    0.0002
   3584.84    0.0000    0.0001    0.0002
   3585.87    0.0000    0.0001    0.0002
   3586.90    0.0000    0.0001    0.0002
   3587.94    0.0000    0.0001    0.0002
   3588.97    0.0000    0.0001    0.0002
   3590.00    0.0000    0.0001    0.0002
   3591.03    0.0000    0.0001    0.0002
   3592.07    0.0000    0.0001    0.0002
   3593.10    0.0000    0.0001    0.0002
   3594.13    0.0000    0.0001    0.0002
   3595.16    0.0000    0.0001    0.0002
   3596.20    0.0000    0.0001    0.0002
   3597.23    0.0000    0.0001    0.0002
   3598.26    0.0000    0.0001    0.0002
   3599.29    0.0000    0.0001    0.0002
   3600.33    0.0000    0.0001    0.0002
   3601.36    0.0000    0.0001    0.0002
   3602.39    0.0000    0.0001    0.0002
   3603.42    0.0000    0.0001    0.0002
   3604.46    0.0000    0.0001    0.0002
   3605.49    0.0000    0.0001    0.0002
   3606.52    0.0000    0.0001    0.0002
   3607.55    0.0000    0.0001    0.0002
   3608.59    0.0000    0.0001    0.0002
   3609.62    0.0000    0.0001    0.0002
   3610.65    0.0000    0.0001    0.0002
   3611.68    0.0000    0.0001    0.0002
   3612.72    0.0000    0.0001    0.0002
   3613.75    0.0000    0.0001    0.0002
   3614.78    0.0000    0.0001    0.0002
   3615.81    0.0000    0.0001    0.0002
   3616.85    0.0000    0.0001    0.0002
   3617.88    0.0000    0.0001    0.0002
   3618.91    0.0000    0.0001    0.0002
   3619.94    0.0000    0.0001    0.0002
   3620.98    0.0000    0.0001    0.0002
   3622.01    0.0000    0.0001    0.0002
   3623.04    0.0000    0.0001    0.0002
   3624.07    0.0000    0.0001    0.0002
   3625.11    0.0000    0.0001    0.0002
   3626.14    0.0000    0.0001    0.0002
   3627.17    0.0000    0.0001    0.0002
   3628.20    0.0000    0.0001    0.0002
   3629.24    0.0000    0.0001    0.0002
   3630.27    0.0000    0.0001    0.0002
   3631.30    0.0000    0.0001    0.0002
   3632.33    0.0000    0.0001    0.0002
   3633.37    0.0000    0.0001    0.0002
   3634.40    0.0000    0.0001    0.0002
   3635.43    0.0000    0.0001    0.0002
   3636.46    0.0000    0.0001    0.0002
   3637.50    0.0000    0.0001    0.0002
   3638.53    0.0000    0.0001    0.0002
   3639.56    0.0000    0.0001    0.0002
   3640.59    0.0000    0.0001    0.0002
   3641.63    0.0000    0.0001    0.0002
   3642.66    0.0000    0.0001    0.0002
   3643.69    0.0000    0.0001    0.0002
   3644.72    0.0000    0.0001    0.0002
   3645.76    0.0000    0.0001    0.0002
   3646.79    0.0000    0.0001    0.0002
   3647.82    0.0000    0.0001    0.0002
   3648.85    0.0000    0.0001    0.0002
   3649.89    0.0000    0.0001    0.0002
   3650.92    0.0000    0.0001    0.0002
   3651.95    0.0000    0.0001    0.0002
   3652.98    0.0000    0.0001    0.0002
   3654.02    0.0000    0.0001    0.0002
   3655.05    0.0000    0.0001    0.0002
   3656.08    0.0000    0.0001    0.0002
   3657.11    0.0000    0.0001    0.0002
   3658.15    0.0000    0.0001    0.0002
   3659.18    0.0000    0.0001    0.0002
   3660.21    0.0000    0.0001    0.0002
   3661.24    0.0000    0.0001    0.0002
   3662.28    0.0000    0.0001    0.0002
   3663.31    0.0000    0.0001    0.0002
   3664.34    0.0000    0.0001    0.0002
   3665.37    0.0000    0.0001    0.0002
   3666.41    0.0000    0.0001    0.0002
   3667.44    0.0000    0.0001    0.0002
   3668.47    0.0000    0.0001    0.0002
   3669.50    0.0000    0.0001    0.0002
   3670.54    0.0000    0.0001    0.0002
   3671.57    0.0000    0.0001    0.0002
   3672.60    0.0000    0.0001    0.0002
   3673.63    0.0000    0.0001    0.0002
   3674.67    0.0000    0.0001    0.0002
   3675.70    0.0000    0.0001    0.0002
   3676.73    0.0000    0.0001    0.0002
   3677.76    0.0000    0.0001    0.0002
   3678.80    0.0000    0.0001    0.0002
   3679.83    0.0000    0.0001    0.0002
   3680.86    0.0000    0.0001    0.0002
   3681.89    0.0000    0.0001    0.0002
   3682.93    0.0000    0.0001    0.0002
   3683.96    0.0000    0.0001    0.0002
   3684.99    0.0000    0.0001    0.0002
   3686.02    0.0000    0.0001    0.0002
   3687.06    0.0000    0.0001    0.0002
   3688.09    0.0000    0.0001    0.0002
   3689.12    0.0000    0.0001    0.0002
   3690.15    0.0000    0.0001    0.0002
   3691.19    0.0000    0.0001    0.0002
   3692.22    0.0000    0.0001    0.0002
   3693.25    0.0000    0.0001    0.0002
   3694.28    0.0000    0.0001    0.0002
   3695.32    0.0000    0.0001    0.0002
   3696.35    0.0000    0.0001    0.0002
   3697.38    0.0000    0.0001    0.0002
   3698.41    0.0000    0.0001    0.0002
   3699.45    0.0000    0.0001    0.0002
   3700.48    0.0000    0.0001    0.0002
   3701.51    0.0000    0.0001    0.0002
   3702.54    0.0000    0.0001    0.0002
   3703.58    0.0000    0.0001    0.0002
   3704.61    0.0000    0.0001    0.0002
   3705.64    0.0000    0.0001    0.0002
   3706.67    0.0000    0.0001    0.0002
   3707.71    0.0000    0.0001    0.0002
   3708.74    0.0000    0.0001    0.0002
   3709.77    0.0000    0.0001    0.0002
   3710.80    0.0000    0.0001    0.0002
   3711.84    0.0000    0.0001    0.0002
   3712.87    0.0000    0.0001    0.0002
   3713.90    0.0000    0.0001    0.0002
   3714.93    0.0000    0.0001    0.0002
   3715.97    0.0000    0.0001    0.0002
   3717.00    0.0000    0.0001    0.0002
   3718.03    0.0000    0.0001    0.0002
   3719.06    0.0000    0.0001    0.0002
   3720.10    0.0000    0.0001    0.0002
   3721.13    0.0000    0.0001    0.0002
   3722.16    0.0000    0.0001    0.0002
   3723.19    0.0000    0.0001    0.0002
   3724.23    0.0000    0.0001    0.0002
   3725.26    0.0000    0.0001    0.0002
   3726.29    0.0000    0.0001    0.0002
   3727.32    0.0000    0.0001    0.0002
   3728.36    0.0000    0.0001    0.0002
   3729.39    0.0000    0.0001    0.0002
   3730.42    0.0000    0.0001    0.0002
   3731.45    0.0000    0.0001    0.0002
   3732.49    0.0000    0.0001    0.0002
   3733.52    0.0000    0.0001    0.0002
   3734.55    0.0000    0.0001    0.0002
   3735.58    0.0000    0.0001    0.0002
   3736.62    0.0000    0.0001    0.0002
   3737.65    0.0000    0.0001    0.0002
   3738.68    0.0000    0.0001    0.0002
   3739.71    0.0000    0.0001    0.0002
   3740.75    0.0000    0.0001    0.0002
   3741.78    0.0000    0.0001    0.0002
   3742.81    0.0000    0.0001    0.0002
   3743.84    0.0000    0.0001    0.0002
   3744.88    0.0000    0.0001    0.0002
   3745.91    0.0000    0.0001    0.0002
   3746.94    0.0000    0.0001    0.0002
   3747.97    0.0000    0.0001    0.0002
   3749.01    0.0000    0.0001    0.0002
   3750.04    0.0000    0.0001    0.0002
   3751.07    0.0000    0.0001    0.0002
   3752.10    0.0000    0.0001    0.0002
   3753.14    0.0000    0.0001    0.0002
   3754.17    0.0000    0.0001    0.0002
   3755.20    0.0000    0.0001    0.0002
   3756.23    0.0000    0.0001    0.0002
   3757.27    0.0000    0.0001    0.0002
   3758.30    0.0000    0.0001    0.0002
   3759.33    0.0000    0.0001    0.0002
   3760.36    0.0000    0.0001    0.0002
   3761.40    0.0000    0.0001    0.0002
   3762.43    0.0000    0.0001    0.0002
   3763.46    0.0000    0.0001    0.0002
   3764.49    0.0000    0.0001    0.0002
   3765.53    0.0000    0.0001    0.0002
   3766.56    0.0000    0.0001    0.0002
   3767.59    0.0000    0.0001    0.0002
   3768.62    0.0000    0.0001    0.0002
   3769.66    0.0000    0.0001    0.0002
   3770.69    0.0000    0.0001    0.0002
   3771.72    0.0000    0.0001    0.0002
   3772.75    0.0000    0.0001    0.0002
   3773.79    0.0000    0.0001    0.0002
   3774.82    0.0000    0.0001    0.0002
   3775.85    0.0000    0.0001    0.0002
   3776.88    0.0000    0.0001    0.0002
   3777.92    0.0000    0.0001    0.0002
   3778.95    0.0000    0.0001    0.0002
   3779.98    0.0000    0.0001    0.0002
   3781.01    0.0000    0.0001    0.0002
   3782.05    0.0000    0.0001    0.0002
   3783.08    0.0000    0.0001    0.0002
   3784.11    0.0000    0.0001    0.0002
   3785.14    0.0000    0.0001    0.0002
   3786.18    0.0000    0.0001    0.0002
   3787.21    0.0000    0.0001    0.0002
   3788.24    0.0000    0.0001    0.0002
   3789.27    0.0000    0.0001    0.0002
   3790.31    0.0000    0.0001    0.0002
   3791.34    0.0000    0.0001    0.0002
   3792.37    0.0000    0.0001    0.0002
   3793.40    0.0000    0.0001    0.0002
   3794.44    0.0000    0.0001    0.0002
   3795.47    0.0000    0.0001    0.0002
   3796.50    0.0000    0.0001    0.0002
   3797.53    0.0000    0.0001    0.0002
   3798.57    0.0000    0.0001    0.0002
   3799.60    0.0000    0.0001    0.0002
   3800.63    0.0000    0.0001    0.0002
   3801.66    0.0000    0.0001    0.0002
   3802.70    0.0000    0.0001    0.0002
   3803.73    0.0000    0.0001    0.0002
   3804.76    0.0000    0.0001    0.0002
   3805.79    0.0000    0.0001    0.0002
   3806.83    0.0000    0.0001    0.0002
   3807.86    0.0000    0.0001    0.0002
   3808.89    0.0000    0.0001    0.0002
   3809.92    0.0000    0.0001    0.0002
   3810.96    0.0000    0.0001    0.0002
   3811.99    0.0000    0.0001    0.0002
   3813.02    0.0000    0.0001    0.0002
   3814.05    0.0000    0.0001    0.0002
   3815.09    0.0000    0.0001    0.0002
   3816.12    0.0000    0.0001    0.0002
   3817.15    0.0000    0.0001    0.0002
   3818.18    0.0000    0.0001    0.0002
   3819.22    0.0000    0.0001    0.0002
   3820.25    0.0000    0.0001    0.0002
   3821.28    0.0000    0.0001    0.0002
   3822.31    0.0000    0.0001    0.0002
   3823.35    0.0000    0.0001    0.0002
   3824.38    0.0000    0.0001    0.0002
   3825.41    0.0000    0.0001    0.0002
   3826.44    0.0000    0.0001    0.0002
   3827.48    0.0000    0.0001    0.0002
   3828.51    0.0000    0.0001    0.0002
   3829.54    0.0000    0.0001    0.0002
   3830.57    0.0000    0.0001    0.0002
   3831.61    0.0000    0.0001    0.0002
   3832.64    0.0000    0.0001    0.0002
   3833.67    0.0000    0.0001    0.0002
   3834.70    0.0000    0.0001    0.0002
   3835.74    0.0000    0.0001    0.0002
   3836.77    0.0000    0.0001    0.0002
   3837.80    0.0000    0.0001    0.0002
   3838.83    0.0000    0.0001    0.0002
   3839.87    0.0000    0.0001    0.0002
   3840.90    0.0000    0.0001    0.0002
   3841.93    0.0000    0.0001    0.0002
   3842.96    0.0000    0.0001    0.0002
   3844.00    0.0000    0.0001    0.0002
   3845.03    0.0000    0.0001    0.0002
   3846.06    0.0000    0.0001    0.0002
   3847.09    0.0000    0.0001    0.0002
   3848.13    0.0000    0.0001    0.0002
   3849.16    0.0000    0.0001    0.0002
   3850.19    0.0000    0.0001    0.0002
   3851.22    0.0000    0.0001    0.0002
   3852.26    0.0000    0.0001    0.0002
   3853.29    0.0000    0.0001    0.0002
   3854.32    0.0000    0.0001    0.0002
   3855.35    0.0000    0.0001    0.0002
   3856.39    0.0000    0.0001    0.0002
   3857.42    0.0000    0.0001    0.0002
   3858.45    0.0000    0.0001    0.0002
   3859.48    0.0000    0.0001    0.0002
   3860.52    0.0000    0.0001    0.0002
   3861.55    0.0000    0.0001    0.0002
   3862.58    0.0000    0.0001    0.0002
   3863.61    0.0000    0.0001    0.0002
   3864.65    0.0000    0.0001    0.0002
   3865.68    0.0000    0.0001    0.0002
   3866.71    0.0000    0.0001    0.0002
   3867.74    0.0000    0.0001    0.0002
   3868.78    0.0000    0.0001    0.0002
   3869.81    0.0000    0.0001    0.0002
   3870.84    0.0000    0.0001    0.0002
   3871.87    0.0000    0.0001    0.0002
   3872.91    0.0000    0.0001    0.0002
   3873.94    0.0000    0.0001    0.0002
   3874.97    0.0000    0.0001    0.0002
   3876.00    0.0000    0.0001    0.0002
   3877.04    0.0000    0.0001    0.0002
   3878.07    0.0000    0.0001    0.0002
   3879.10    0.0000    0.0001    0.0002
   3880.13    0.0000    0.0001    0.0002
   3881.17    0.0000    0.0001    0.0002
   3882.20    0.0000    0.0001    0.0002
   3883.23    0.0000    0.0001    0.0002
   3884.26    0.0000    0.0001    0.0002
   3885.30    0.0000    0.0001    0.0002
   3886.33    0.0000    0.0001    0.0002
   3887.36    0.0000    0.0001    0.0002
   3888.39    0.0000    0.0001    0.0002
   3889.43    0.0000    0.0001    0.0002
   3890.46    0.0000    0.0001    0.0002
   3891.49    0.0000    0.0001    0.0002
   3892.52    0.0000    0.0001    0.0002
   3893.56    0.0000    0.0001    0.0002
   3894.59    0.0000    0.0001    0.0002
   3895.62    0.0000    0.0001    0.0002
   3896.65    0.0000    0.0001    0.0002
   3897.69    0.0000    0.0001    0.0002
   3898.72    0.0000    0.0001    0.0002
   3899.75    0.0000    0.0001    0.0002
   3900.78    0.0000    0.0001    0.0002
   3901.82    0.0000    0.0001    0.0002
   3902.85    0.0000    0.0001    0.0002
   3903.88    0.0000    0.0001    0.0002
   3904.91    0.0000    0.0001    0.0002
   3905.95    0.0000    0.0001    0.0002
   3906.98    0.0000    0.0001    0.0002
   3908.01    0.0000    0.0001    0.0002
   3909.04    0.0000    0.0001    0.0002
   3910.08    0.0000    0.0001    0.0002
   3911.11    0.0000    0.0001    0.0002
   3912.14    0.0000    0.0001    0.0002
   3913.17    0.0000    0.0001    0.0002
   3914.21    0.0000    0.0001    0.0002
   3915.24    0.0000    0.0001    0.0002
   3916.27    0.0000    0.0001    0.0002
   3917.30    0.0000    0.0001    0.0002
   3918.34    0.0000    0.0001    0.0002
   3919.37    0.0000    0.0001    0.0002
   3920.40    0.0000    0.0001    0.0002
   3921.43    0.0000    0.0001    0.0002
   3922.47    0.0000    0.0001    0.0002
   3923.50    0.0000    0.0001    0.0002
   3924.53    0.0000    0.0001    0.0002
   3925.56    0.0000    0.0001    0.0002
   3926.60    0.0000    0.0001    0.0002
   3927.63    0.0000    0.0001    0.0002
   3928.66    0.0000    0.0001    0.0002
   3929.69    0.0000    0.0001    0.0002
   3930.73    0.0000    0.0001    0.0002
   3931.76    0.0000    0.0001    0.0002
   3932.79    0.0000    0.0001    0.0002
   3933.82    0.0000    0.0001    0.0002
   3934.86    0.0000    0.0001    0.0002
   3935.89    0.0000    0.0001    0.0002
   3936.92    0.0000    0.0001    0.0002
   3937.95    0.0000    0.0001    0.0002
   3938.99    0.0000    0.0001    0.0002
   3940.02    0.0000    0.0001    0.0002
   3941.05    0.0000    0.0001    0.0002
   3942.08    0.0000    0.0001    0.0002
   3943.12    0.0000    0.0001    0.0002
   3944.15    0.0000    0.0001    0.0002
   3945.18    0.0000    0.0001    0.0002
   3946.21    0.0000    0.0001    0.0002
   3947.25    0.0000    0.0001    0.0002
   3948.28    0.0000    0.0001    0.0002
   3949.31    0.0000    0.0001    0.0002
   3950.34    0.0000    0.0001    0.0002
   3951.38    0.0000    0.0001    0.0002
   3952.41    0.0000    0.0001    0.0002
   3953.44    0.0000    0.0001    0.0002
   3954.47    0.0000    0.0001    0.0002
   3955.51    0.0000    0.0001    0.0002
   3956.54    0.0000    0.0001    0.0002
   3957.57    0.0000    0.0001    0.0002
   3958.60    0.0000    0.0001    0.0002
   3959.64    0.0000    0.0001    0.0002
   3960.67    0.0000    0.0001    0.0002
   3961.70    0.0000    0.0001    0.0002
   3962.73    0.0000    0.0001    0.0002
   3963.77    0.0000    0.0001    0.0002
   3964.80    0.0000    0.0001    0.0002
   3965.83    0.0000    0.0001    0.0002
   3966.86    0.0000    0.0001    0.0002
   3967.90    0.0000    0.0001    0.0002
   3968.93    0.0000    0.0001    0.0002
   3969.96    0.0000    0.0001    0.0002
   3970.99    0.0000    0.0001    0.0002
   3972.03    0.0000    0.0001    0.0002
   3973.06    0.0000    0.0001    0.0002
   3974.09    0.0000    0.0001    0.0002
   3975.12    0.0000    0.0001    0.0002
   3976.16    0.0000    0.0001    0.0002
   3977.19    0.0000    0.0001    0.0002
   3978.22    0.0000    0.0001    0.0002
   3979.25    0.0000    0.0001    0.0002
   3980.29    0.0000    0.0001    0.0002
   3981.32    0.0000    0.0001    0.0002
   3982.35    0.0000    0.0001    0.0002
   3983.38    0.0000    0.0001    0.0002
   3984.42    0.0000    0.0001    0.0002
   3985.45    0.0000    0.0001    0.0002
   3986.48    0.0000    0.0001    0.0002
   3987.51    0.0000    0.0001    0.0002
   3988.55    0.0000    0.0001    0.0002
   3989.58    0.0000    0.0001    0.0002
   3990.61    0.0000    0.0001    0.0002
   3991.64    0.0000    0.0001    0.0002
   3992.68    0.0000    0.0001    0.0002
   3993.71    0.0000    0.0001    0.0002
   3994.74    0.0000    0.0001    0.0002
   3995.77    0.0000    0.0001    0.0002
   3996.81    0.0000    0.0001    0.0002
   3997.84    0.0000    0.0001    0.0002
   3998.87    0.0000    0.0001    0.0002
   3999.90    0.0000    0.0001    0.0002
   4000.94    0.0000    0.0001    0.0002
   4001.97    0.0000    0.0001    0.0002
   4003.00    0.0000    0.0001    0.0002
   4004.03    0.0000    0.0001    0.0002
   4005.07    0.0000    0.0001    0.0002
   4006.10    0.0000    0.0001    0.0002
   4007.13    0.0000    0.0001    0.0002
   4008.16    0.0000    0.0001    0.0002
   4009.20    0.0000    0.0001    0.0002
   4010.23    0.0000    0.0001    0.0002
   4011.26    0.0000    0.0001    0.0002
   4012.29    0.0000    0.0001    0.0002
   4013.33    0.0000    0.0001    0.0002
   4014.36    0.0000    0.0001    0.0002
   4015.39    0.0000    0.0001    0.0002
   4016.42    0.0000    0.0001    0.0002
   4017.46    0.0000    0.0001    0.0002
   4018.49    0.0000    0.0001    0.0002
   4019.52    0.0000    0.0001    0.0002
   4020.55    0.0000    0.0001    0.0002
   4021.59    0.0000    0.0001    0.0002
   4022.62    0.0000    0.0001    0.0002
   4023.65    0.0000    0.0001    0.0002
   4024.68    0.0000    0.0001    0.0002
   4025.72    0.0000    0.0001    0.0002
   4026.75    0.0000    0.0001    0.0002
   4027.78    0.0000    0.0001    0.0002
   4028.81    0.0000    0.0001    0.0002
   4029.85    0.0000    0.0001    0.0002
   4030.88    0.0000    0.0001    0.0002
   4031.91    0.0000    0.0001    0.0002
   4032.94    0.0000    0.0001    0.0002
   4033.98    0.0000    0.0001    0.0002
   4035.01    0.0000    0.0001    0.0002
   4036.04    0.0000    0.0001    0.0002
   4037.07    0.0000    0.0001    0.0002
   4038.11    0.0000    0.0001    0.0002
   4039.14    0.0000    0.0001    0.0002
   4040.17    0.0000    0.0001    0.0002
   4041.20    0.0000    0.0001    0.0002
   4042.24    0.0000    0.0001    0.0002
   4043.27    0.0000    0.0001    0.0002
   4044.30    0.0000    0.0001    0.0002
   4045.33    0.0000    0.0001    0.0002
   4046.37    0.0000    0.0001    0.0002
   4047.40    0.0000    0.0001    0.0002
   4048.43    0.0000    0.0001    0.0002
   4049.46    0.0000    0.0001    0.0002
   4050.50    0.0000    0.0001    0.0002
   4051.53    0.0000    0.0001    0.0002
   4052.56    0.0000    0.0001    0.0002
   4053.59    0.0000    0.0001    0.0002
   4054.63    0.0000    0.0001    0.0002
   4055.66    0.0000    0.0001    0.0002
   4056.69    0.0000    0.0001    0.0002
   4057.72    0.0000    0.0001    0.0002
   4058.76    0.0000    0.0001    0.0002
   4059.79    0.0000    0.0001    0.0002
   4060.82    0.0000    0.0001    0.0002
   4061.85    0.0000    0.0001    0.0002
   4062.89    0.0000    0.0001    0.0002
   4063.92    0.0000    0.0001    0.0002
   4064.95    0.0000    0.0001    0.0002
   4065.98    0.0000    0.0001    0.0002
   4067.02    0.0000    0.0001    0.0002
   4068.05    0.0000    0.0001    0.0002
   4069.08    0.0000    0.0001    0.0002
   4070.11    0.0000    0.0001    0.0002
   4071.15    0.0000    0.0001    0.0002
   4072.18    0.0000    0.0001    0.0002
   4073.21    0.0000    0.0001    0.0002
   4074.24    0.0000    0.0001    0.0002
   4075.28    0.0000    0.0001    0.0002
   4076.31    0.0000    0.0001    0.0002
   4077.34    0.0000    0.0001    0.0002
   4078.37    0.0000    0.0001    0.0002
   4079.41    0.0000    0.0001    0.0002
   4080.44    0.0000    0.0001    0.0002
   4081.47    0.0000    0.0001    0.0002
   4082.50    0.0000    0.0001    0.0002
   4083.54    0.0000    0.0001    0.0002
   4084.57    0.0000    0.0001    0.0002
   4085.60    0.0000    0.0001    0.0002
   4086.63    0.0000    0.0001    0.0002
   4087.67    0.0000    0.0001    0.0002
   4088.70    0.0000    0.0001    0.0002
   4089.73    0.0000    0.0001    0.0002
   4090.76    0.0000    0.0001    0.0002
   4091.80    0.0000    0.0002    0.0002
   4092.83    0.0000    0.0002    0.0002
   4093.86    0.0000    0.0002    0.0002
   4094.89    0.0000    0.0002    0.0002
   4095.93    0.0000    0.0002    0.0002
   4096.96    0.0000    0.0002    0.0002
   4097.99    0.0000    0.0002    0.0002
   4099.02    0.0000    0.0002    0.0002
   4100.06    0.0000    0.0002    0.0002
   4101.09    0.0000    0.0002    0.0002
   4102.12    0.0000    0.0002    0.0002
   4103.15    0.0000    0.0002    0.0002
   4104.19    0.0000    0.0002    0.0002
   4105.22    0.0000    0.0002    0.0002
   4106.25    0.0000    0.0002    0.0002
   4107.28    0.0000    0.0002    0.0002
   4108.32    0.0000    0.0002    0.0002
   4109.35    0.0000    0.0002    0.0002
   4110.38    0.0000    0.0002    0.0002
   4111.41    0.0000    0.0002    0.0002
   4112.45    0.0000    0.0002    0.0002
   4113.48    0.0000    0.0002    0.0002
   4114.51    0.0000    0.0002    0.0002
   4115.54    0.0000    0.0002    0.0001
   4116.58    0.0000    0.0002    0.0001
   4117.61    0.0000    0.0002    0.0001
   4118.64    0.0000    0.0002    0.0001
   4119.67    0.0000    0.0002    0.0001
   4120.71    0.0000    0.0002    0.0001
   4121.74    0.0000    0.0002    0.0001
   4122.77    0.0000    0.0002    0.0001
   4123.80    0.0000    0.0002    0.0001
   4124.84    0.0000    0.0002    0.0001
   4125.87    0.0000    0.0002    0.0001
   4126.90    0.0000    0.0002    0.0001
   4127.93    0.0000    0.0002    0.0001
   4128.97    0.0000    0.0002    0.0001
   4130.00    0.0000    0.0002    0.0001
   4131.03    0.0000    0.0002    0.0001
   4132.06    0.0000    0.0002    0.0001
   4133.10    0.0000    0.0002    0.0001
   4134.13    0.0000    0.0002    0.0001
   4135.16    0.0000    0.0002    0.0001
   4136.19    0.0000    0.0002    0.0001
   4137.23    0.0000    0.0002    0.0001
   4138.26    0.0000    0.0002    0.0001
   4139.29    0.0000    0.0002    0.0001
   4140.32    0.0000    0.0002    0.0001
   4141.36    0.0000    0.0002    0.0001
   4142.39    0.0000    0.0002    0.0001
   4143.42    0.0000    0.0002    0.0001
   4144.45    0.0000    0.0002    0.0001
   4145.49    0.0000    0.0002    0.0001
   4146.52    0.0000    0.0002    0.0001
   4147.55    0.0000    0.0002    0.0001
   4148.58    0.0000    0.0002    0.0001
   4149.62    0.0000    0.0002    0.0001
   4150.65    0.0000    0.0002    0.0001
   4151.68    0.0000    0.0002    0.0001
   4152.71    0.0000    0.0002    0.0001
   4153.75    0.0000    0.0002    0.0001
   4154.78    0.0000    0.0002    0.0001
   4155.81    0.0000    0.0002    0.0001
   4156.84    0.0000    0.0002    0.0001
   4157.88    0.0000    0.0001    0.0001
   4158.91    0.0000    0.0001    0.0001
   4159.94    0.0000    0.0001    0.0001
   4160.97    0.0000    0.0001    0.0001
   4162.01    0.0000    0.0001    0.0001
   4163.04    0.0000    0.0001    0.0001
   4164.07    0.0000    0.0001    0.0001
   4165.10    0.0000    0.0001    0.0001
   4166.14    0.0000    0.0001    0.0001
   4167.17    0.0000    0.0001    0.0001
   4168.20    0.0000    0.0001    0.0001
   4169.23    0.0000    0.0001    0.0001
   4170.27    0.0000    0.0001    0.0001
   4171.30    0.0000    0.0001    0.0001
   4172.33    0.0000    0.0001    0.0001
   4173.36    0.0000    0.0001    0.0001
   4174.40    0.0000    0.0001    0.0001
   4175.43    0.0000    0.0001    0.0001
   4176.46    0.0000    0.0001    0.0001
   4177.49    0.0000    0.0001    0.0001
   4178.53    0.0000    0.0001    0.0001
   4179.56    0.0000    0.0001    0.0001
   4180.59    0.0000    0.0001    0.0001
   4181.62    0.0000    0.0001    0.0001
   4182.66    0.0000    0.0001    0.0001
   4183.69    0.0000    0.0001    0.0001
   4184.72    0.0000    0.0001    0.0001
   4185.75    0.0000    0.0001    0.0001
   4186.79    0.0000    0.0001    0.0001
   4187.82    0.0000    0.0001    0.0001
   4188.85    0.0000    0.0001    0.0001
   4189.88    0.0000    0.0001    0.0001
   4190.92    0.0000    0.0001    0.0001
   4191.95    0.0000    0.0001    0.0001
   4192.98    0.0000    0.0001    0.0001
   4194.01    0.0000    0.0001    0.0001
   4195.05    0.0000    0.0001    0.0001
   4196.08    0.0000    0.0001    0.0001
   4197.11    0.0000    0.0001    0.0001
   4198.14    0.0000    0.0001    0.0001
   4199.18    0.0000    0.0001    0.0001
   4200.21    0.0000    0.0001    0.0001
   4201.24    0.0000    0.0001    0.0001
   4202.27    0.0000    0.0001    0.0001
   4203.31    0.0000    0.0001    0.0001
   4204.34    0.0000    0.0001    0.0001
   4205.37    0.0000    0.0001    0.0001
   4206.40    0.0000    0.0001    0.0001
   4207.44    0.0000    0.0001    0.0001
   4208.47    0.0000    0.0001    0.0001
   4209.50    0.0000    0.0001    0.0001
   4210.53    0.0000    0.0001    0.0001
   4211.57    0.0000    0.0001    0.0001
   4212.60    0.0000    0.0001    0.0001
   4213.63    0.0000    0.0001    0.0001
   4214.66    0.0000    0.0001    0.0001
   4215.70    0.0000    0.0001    0.0001
   4216.73    0.0000    0.0001    0.0001
   4217.76    0.0000    0.0001    0.0001
   4218.79    0.0000    0.0001    0.0001
   4219.83    0.0000    0.0001    0.0001
   4220.86    0.0000    0.0001    0.0001
   4221.89    0.0000    0.0001    0.0001
   4222.92    0.0000    0.0001    0.0001
   4223.96    0.0000    0.0001    0.0001
   4224.99    0.0000    0.0001    0.0001
   4226.02    0.0000    0.0001    0.0001
   4227.05    0.0000    0.0001    0.0001
   4228.09    0.0000    0.0001    0.0001
   4229.12    0.0000    0.0001    0.0001
   4230.15    0.0000    0.0001    0.0001
   4231.18    0.0000    0.0001    0.0001
   4232.22    0.0000    0.0001    0.0001
   4233.25    0.0000    0.0001    0.0001
   4234.28    0.0000    0.0001    0.0001
   4235.31    0.0000    0.0001    0.0001
   4236.35    0.0000    0.0001    0.0001
   4237.38    0.0000    0.0001    0.0001
   4238.41    0.0000    0.0001    0.0001
   4239.44    0.0000    0.0001    0.0001
   4240.48    0.0000    0.0001    0.0001
   4241.51    0.0000    0.0001    0.0001
   4242.54    0.0000    0.0001    0.0001
   4243.57    0.0000    0.0001    0.0001
   4244.61    0.0000    0.0001    0.0001
   4245.64    0.0000    0.0001    0.0001
   4246.67    0.0000    0.0001    0.0001
   4247.70    0.0000    0.0001    0.0001
   4248.74    0.0000    0.0001    0.0001
   4249.77    0.0000    0.0001    0.0001
   4250.80    0.0000    0.0001    0.0001
   4251.83    0.0000    0.0001    0.0001
   4252.87    0.0000    0.0001    0.0001
   4253.90    0.0000    0.0001    0.0001
   4254.93    0.0000    0.0001    0.0001
   4255.96    0.0000    0.0001    0.0001
   4257.00    0.0000    0.0001    0.0001
   4258.03    0.0000    0.0001    0.0001
   4259.06    0.0000    0.0001    0.0001
   4260.09    0.0000    0.0001    0.0001
   4261.13    0.0000    0.0001    0.0001
   4262.16    0.0000    0.0001    0.0001
   4263.19    0.0000    0.0001    0.0001
   4264.22    0.0000    0.0001    0.0001
   4265.26    0.0000    0.0001    0.0001
   4266.29    0.0000    0.0001    0.0001
   4267.32    0.0000    0.0001    0.0001
   4268.35    0.0000    0.0001    0.0001
   4269.39    0.0000    0.0001    0.0001
   4270.42    0.0000    0.0001    0.0001
   4271.45    0.0000    0.0001    0.0001
   4272.48    0.0000    0.0001    0.0001
   4273.52    0.0000    0.0001    0.0001
   4274.55    0.0000    0.0001    0.0001
   4275.58    0.0000    0.0001    0.0001
   4276.61    0.0000    0.0001    0.0001
   4277.65    0.0000    0.0001    0.0001
   4278.68    0.0000    0.0001    0.0001
   4279.71    0.0000    0.0001    0.0001
   4280.74    0.0000    0.0001    0.0001
   4281.78    0.0000    0.0001    0.0001
   4282.81    0.0000    0.0001    0.0001
   4283.84    0.0000    0.0001    0.0001
   4284.87    0.0000    0.0001    0.0001
   4285.91    0.0000    0.0001    0.0001
   4286.94    0.0000    0.0001    0.0001
   4287.97    0.0000    0.0001    0.0001
   4289.00    0.0000    0.0001    0.0001
   4290.04    0.0000    0.0001    0.0001
   4291.07    0.0000    0.0001    0.0001
   4292.10    0.0000    0.0001    0.0001
   4293.13    0.0000    0.0001    0.0001
   4294.17    0.0000    0.0001    0.0001
   4295.20    0.0000    0.0001    0.0001
   4296.23    0.0000    0.0001    0.0001
   4297.26    0.0000    0.0001    0.0001
   4298.30    0.0000    0.0001    0.0001
   4299.33    0.0000    0.0001    0.0001
   4300.36    0.0000    0.0001    0.0001
   4301.39    0.0000    0.0001    0.0001
   4302.43    0.0000    0.0001    0.0001
   4303.46    0.0000    0.0001    0.0001
   4304.49    0.0000    0.0001    0.0001
   4305.52    0.0000    0.0001    0.0001
   4306.56    0.0000    0.0001    0.0001
   4307.59    0.0000    0.0001    0.0001
   4308.62    0.0000    0.0001    0.0001
   4309.65    0.0000    0.0001    0.0001
   4310.69    0.0000    0.0001    0.0001
   4311.72    0.0000    0.0001    0.0001
   4312.75    0.0000    0.0001    0.0001
   4313.78    0.0000    0.0001    0.0001
   4314.82    0.0000    0.0001    0.0001
   4315.85    0.0000    0.0001    0.0001
   4316.88    0.0000    0.0001    0.0001
   4317.91    0.0000    0.0001    0.0001
   4318.95    0.0000    0.0001    0.0001
   4319.98    0.0000    0.0001    0.0001
   4321.01    0.0000    0.0001    0.0001
   4322.04    0.0000    0.0001    0.0001
   4323.08    0.0000    0.0001    0.0001
   4324.11    0.0000    0.0001    0.0001
   4325.14    0.0000    0.0001    0.0001
   4326.17    0.0000    0.0001    0.0001
   4327.21    0.0000    0.0001    0.0001
   4328.24    0.0000    0.0001    0.0001
   4329.27    0.0000    0.0001    0.0001
   4330.30    0.0000    0.0001    0.0001
   4331.34    0.0000    0.0001    0.0001
   4332.37    0.0000    0.0001    0.0001
   4333.40    0.0000    0.0001    0.0001
   4334.43    0.0000    0.0001    0.0001
   4335.47    0.0000    0.0001    0.0001
   4336.50    0.0000    0.0001    0.0001
   4337.53    0.0000    0.0001    0.0001
   4338.56    0.0000    0.0001    0.0001
   4339.60    0.0000    0.0001    0.0001
   4340.63    0.0000    0.0001    0.0001
   4341.66    0.0000    0.0001    0.0001
   4342.69    0.0000    0.0001    0.0001
   4343.73    0.0000    0.0001    0.0001
   4344.76    0.0000    0.0001    0.0001
   4345.79    0.0000    0.0001    0.0001
   4346.82    0.0000    0.0001    0.0001
   4347.86    0.0000    0.0001    0.0001
   4348.89    0.0000    0.0001    0.0001
   4349.92    0.0000    0.0001    0.0001
   4350.95    0.0000    0.0001    0.0001
   4351.99    0.0000    0.0001    0.0001
   4353.02    0.0000    0.0001    0.0001
   4354.05    0.0000    0.0001    0.0001
   4355.08    0.0000    0.0001    0.0001
   4356.12    0.0000    0.0001    0.0001
   4357.15    0.0000    0.0001    0.0001
   4358.18    0.0000    0.0001    0.0001
   4359.21    0.0000    0.0001    0.0001
   4360.25    0.0000    0.0001    0.0001
   4361.28    0.0000    0.0001    0.0001
   4362.31    0.0000    0.0001    0.0001
   4363.34    0.0000    0.0001    0.0001
   4364.38    0.0000    0.0001    0.0001
   4365.41    0.0000    0.0001    0.0001
   4366.44    0.0000    0.0001    0.0001
   4367.47    0.0000    0.0001    0.0001
   4368.51    0.0000    0.0001    0.0001
   4369.54    0.0000    0.0001    0.0001
   4370.57    0.0000    0.0001    0.0001
   4371.60    0.0000    0.0001    0.0001
   4372.64    0.0000    0.0001    0.0001
   4373.67    0.0000    0.0001    0.0001
   4374.70    0.0000    0.0001    0.0001
   4375.73    0.0000    0.0001    0.0001
   4376.77    0.0000    0.0001    0.0001
   4377.80    0.0000    0.0001    0.0001
   4378.83    0.0000    0.0001    0.0001
   4379.86    0.0000    0.0001    0.0001
   4380.90    0.0000    0.0001    0.0001
   4381.93    0.0000    0.0001    0.0001
   4382.96    0.0000    0.0001    0.0001
   4383.99    0.0000    0.0001    0.0001
   4385.03    0.0000    0.0001    0.0001
   4386.06    0.0000    0.0001    0.0001
   4387.09    0.0000    0.0001    0.0001
   4388.12    0.0000    0.0001    0.0001
   4389.16    0.0000    0.0001    0.0001
   4390.19    0.0000    0.0001    0.0001
   4391.22    0.0000    0.0001    0.0001
   4392.25    0.0000    0.0001    0.0001
   4393.29    0.0000    0.0001    0.0001
   4394.32    0.0000    0.0001    0.0001
   4395.35    0.0000    0.0001    0.0001
   4396.38    0.0000    0.0001    0.0001
   4397.42    0.0000    0.0001    0.0001
   4398.45    0.0000    0.0001    0.0001
   4399.48    0.0000    0.0001    0.0001
   4400.51    0.0000    0.0001    0.0001
   4401.55    0.0000    0.0001    0.0001
   4402.58    0.0000    0.0001    0.0001
   4403.61    0.0000    0.0001    0.0001
   4404.64    0.0000    0.0001    0.0001
   4405.68    0.0000    0.0001    0.0001
   4406.71    0.0000    0.0001    0.0001
   4407.74    0.0000    0.0001    0.0001
   4408.77    0.0000    0.0001    0.0001
   4409.81    0.0000    0.0001    0.0001
   4410.84    0.0000    0.0001    0.0001
   4411.87    0.0000    0.0001    0.0001
   4412.90    0.0000    0.0001    0.0001
   4413.94    0.0000    0.0001    0.0001
   4414.97    0.0000    0.0001    0.0001
   4416.00    0.0000    0.0001    0.0001
   4417.03    0.0000    0.0001    0.0001
   4418.07    0.0000    0.0001    0.0001
   4419.10    0.0000    0.0001    0.0001
   4420.13    0.0000    0.0001    0.0001
   4421.16    0.0000    0.0001    0.0001
   4422.20    0.0000    0.0001    0.0001
   4423.23    0.0000    0.0001    0.0001
   4424.26    0.0000    0.0001    0.0001
   4425.29    0.0000    0.0001    0.0001
   4426.33    0.0000    0.0001    0.0001
   4427.36    0.0000    0.0001    0.0001
   4428.39    0.0000    0.0001    0.0001
   4429.42    0.0000    0.0001    0.0001
   4430.46    0.0000    0.0001    0.0001
   4431.49    0.0000    0.0001    0.0001
   4432.52    0.0000    0.0001    0.0001
   4433.55    0.0000    0.0001    0.0001
   4434.59    0.0000    0.0001    0.0001
   4435.62    0.0000    0.0001    0.0001
   4436.65    0.0000    0.0001    0.0001
   4437.68    0.0000    0.0001    0.0001
   4438.72    0.0000    0.0001    0.0001
   4439.75    0.0000    0.0001    0.0001
   4440.78    0.0000    0.0001    0.0001
   4441.81    0.0000    0.0001    0.0001
   4442.85    0.0000    0.0001    0.0001
   4443.88    0.0000    0.0001    0.0001
   4444.91    0.0000    0.0001    0.0001
   4445.94    0.0000    0.0001    0.0001
   4446.98    0.0000    0.0001    0.0001
   4448.01    0.0000    0.0001    0.0001
   4449.04    0.0000    0.0001    0.0001
   4450.07    0.0000    0.0001    0.0001
   4451.11    0.0000    0.0001    0.0001
   4452.14    0.0000    0.0001    0.0001
   4453.17    0.0000    0.0001    0.0001
   4454.20    0.0000    0.0001    0.0001
   4455.24    0.0000    0.0001    0.0001
   4456.27    0.0000    0.0001    0.0001
   4457.30    0.0000    0.0001    0.0001
   4458.33    0.0000    0.0001    0.0001
   4459.37    0.0000    0.0001    0.0001
   4460.40    0.0000    0.0001    0.0001
   4461.43    0.0000    0.0001    0.0001
   4462.46    0.0000    0.0001    0.0001
   4463.50    0.0000    0.0001    0.0001
   4464.53    0.0000    0.0001    0.0001
   4465.56    0.0000    0.0001    0.0001
   4466.59    0.0000    0.0001    0.0001
   4467.63    0.0000    0.0001    0.0001
   4468.66    0.0000    0.0001    0.0001
   4469.69    0.0000    0.0001    0.0001
   4470.72    0.0000    0.0001    0.0001
   4471.76    0.0000    0.0001    0.0001
   4472.79    0.0000    0.0001    0.0001
   4473.82    0.0000    0.0001    0.0001
   4474.85    0.0000    0.0001    0.0001
   4475.89    0.0000    0.0001    0.0001
   4476.92    0.0000    0.0001    0.0001
   4477.95    0.0000    0.0001    0.0001
   4478.98    0.0000    0.0001    0.0001
   4480.02    0.0000    0.0001    0.0001
   4481.05    0.0000    0.0001    0.0001
   4482.08    0.0000    0.0001    0.0001
   4483.11    0.0000    0.0001    0.0001
   4484.15    0.0000    0.0001    0.0001
   4485.18    0.0000    0.0001    0.0001
   4486.21    0.0000    0.0001    0.0001
   4487.24    0.0000    0.0001    0.0001
   4488.28    0.0000    0.0001    0.0001
   4489.31    0.0000    0.0001    0.0001
   4490.34    0.0000    0.0001    0.0001
   4491.37    0.0000    0.0001    0.0001
   4492.41    0.0000    0.0001    0.0001
   4493.44    0.0000    0.0001    0.0001
   4494.47    0.0000    0.0001    0.0001
   4495.50    0.0000    0.0001    0.0001
   4496.54    0.0000    0.0001    0.0001
   4497.57    0.0000    0.0001    0.0001
   4498.60    0.0000    0.0001    0.0001
   4499.63    0.0000    0.0001    0.0001
   4500.67    0.0000    0.0001    0.0001
   4501.70    0.0000    0.0001    0.0001
   4502.73    0.0000    0.0001    0.0001
   4503.76    0.0000    0.0001    0.0001
   4504.80    0.0000    0.0001    0.0001
   4505.83    0.0000    0.0001    0.0001
   4506.86    0.0000    0.0001    0.0001
   4507.89    0.0000    0.0001    0.0001
   4508.93    0.0000    0.0001    0.0001
   4509.96    0.0000    0.0001    0.0001
   4510.99    0.0000    0.0001    0.0001
   4512.02    0.0000    0.0001    0.0001
   4513.06    0.0000    0.0001    0.0001
   4514.09    0.0000    0.0001    0.0001
   4515.12    0.0000    0.0001    0.0001
   4516.15    0.0000    0.0001    0.0001
   4517.19    0.0000    0.0001    0.0001
   4518.22    0.0000    0.0001    0.0001
   4519.25    0.0000    0.0001    0.0001
   4520.28    0.0000    0.0001    0.0001
   4521.32    0.0000    0.0001    0.0001
   4522.35    0.0000    0.0001    0.0001
   4523.38    0.0000    0.0001    0.0001
   4524.41    0.0000    0.0001    0.0001
   4525.45    0.0000    0.0001    0.0001
   4526.48    0.0000    0.0001    0.0001
   4527.51    0.0000    0.0001    0.0001
   4528.54    0.0000    0.0001    0.0001
   4529.58    0.0000    0.0001    0.0001
   4530.61    0.0000    0.0001    0.0001
   4531.64    0.0000    0.0001    0.0001
   4532.67    0.0000    0.0001    0.0001
   4533.71    0.0000    0.0001    0.0001
   4534.74    0.0000    0.0001    0.0001
   4535.77    0.0000    0.0001    0.0001
   4536.80    0.0000    0.0001    0.0001
   4537.84    0.0000    0.0001    0.0001
   4538.87    0.0000    0.0001    0.0001
   4539.90    0.0000    0.0001    0.0001
   4540.93    0.0000    0.0001    0.0001
   4541.97    0.0000    0.0001    0.0001
   4543.00    0.0000    0.0001    0.0001
   4544.03    0.0000    0.0001    0.0001
   4545.06    0.0000    0.0001    0.0001
   4546.10    0.0000    0.0001    0.0001
   4547.13    0.0000    0.0001    0.0001
   4548.16    0.0000    0.0001    0.0001
   4549.19    0.0000    0.0001    0.0001
   4550.23    0.0000    0.0001    0.0001
   4551.26    0.0000    0.0001    0.0001
   4552.29    0.0000    0.0001    0.0001
   4553.32    0.0000    0.0001    0.0001
   4554.36    0.0000    0.0001    0.0001
   4555.39    0.0000    0.0001    0.0001
   4556.42    0.0000    0.0001    0.0001
   4557.45    0.0000    0.0001    0.0001
   4558.49    0.0000    0.0001    0.0001
   4559.52    0.0000    0.0001    0.0001
   4560.55    0.0000    0.0001    0.0001
   4561.58    0.0000    0.0001    0.0001
   4562.62    0.0000    0.0001    0.0001
   4563.65    0.0000    0.0001    0.0001
   4564.68    0.0000    0.0001    0.0001
   4565.71    0.0000    0.0001    0.0001
   4566.75    0.0000    0.0001    0.0001
   4567.78    0.0000    0.0001    0.0001
   4568.81    0.0000    0.0001    0.0001
   4569.84    0.0000    0.0001    0.0001
   4570.88    0.0000    0.0001    0.0001
   4571.91    0.0000    0.0001    0.0001
   4572.94    0.0000    0.0001    0.0001
   4573.97    0.0000    0.0001    0.0001
   4575.01    0.0000    0.0001    0.0001
   4576.04    0.0000    0.0001    0.0001
   4577.07    0.0000    0.0001    0.0001
   4578.10    0.0000    0.0001    0.0001
   4579.14    0.0000    0.0001    0.0001
   4580.17    0.0000    0.0001    0.0001
   4581.20    0.0000    0.0001    0.0001
   4582.23    0.0000    0.0001    0.0001
   4583.27    0.0000    0.0001    0.0001
   4584.30    0.0000    0.0001    0.0001
   4585.33    0.0000    0.0001    0.0001
   4586.36    0.0000    0.0001    0.0001
   4587.40    0.0000    0.0001    0.0001
   4588.43    0.0000    0.0001    0.0001
   4589.46    0.0000    0.0001    0.0001
   4590.49    0.0000    0.0001    0.0001
   4591.53    0.0000    0.0001    0.0001
   4592.56    0.0000    0.0001    0.0001
   4593.59    0.0000    0.0001    0.0001
   4594.62    0.0000    0.0001    0.0001
   4595.66    0.0000    0.0001    0.0001
   4596.69    0.0000    0.0001    0.0001
   4597.72    0.0000    0.0001    0.0001
   4598.75    0.0000    0.0001    0.0001
   4599.79    0.0000    0.0001    0.0001
   4600.82    0.0000    0.0001    0.0001
   4601.85    0.0000    0.0001    0.0001
   4602.88    0.0000    0.0001    0.0001
   4603.92    0.0000    0.0001    0.0000
   4604.95    0.0000    0.0001    0.0000
   4605.98    0.0000    0.0001    0.0000
   4607.01    0.0000    0.0001    0.0000
   4608.05    0.0000    0.0001    0.0000
   4609.08    0.0000    0.0001    0.0000
   4610.11    0.0000    0.0001    0.0000
   4611.14    0.0000    0.0001    0.0000
   4612.18    0.0000    0.0001    0.0000
   4613.21    0.0000    0.0001    0.0000
   4614.24    0.0000    0.0001    0.0000
   4615.27    0.0000    0.0001    0.0000
   4616.31    0.0000    0.0001    0.0000
   4617.34    0.0000    0.0001    0.0000
   4618.37    0.0000    0.0001    0.0000
   4619.40    0.0000    0.0001    0.0000
   4620.44    0.0000    0.0001    0.0000
   4621.47    0.0000    0.0001    0.0000
   4622.50    0.0000    0.0001    0.0000
   4623.53    0.0000    0.0001    0.0000
   4624.57    0.0000    0.0001    0.0000
   4625.60    0.0000    0.0001    0.0000
   4626.63    0.0000    0.0001    0.0000
   4627.66    0.0000    0.0001    0.0000
   4628.70    0.0000    0.0001    0.0000
   4629.73    0.0000    0.0001    0.0000
   4630.76    0.0000    0.0001    0.0000
   4631.79    0.0000    0.0001    0.0000
   4632.83    0.0000    0.0001    0.0000
   4633.86    0.0000    0.0001    0.0000
   4634.89    0.0000    0.0001    0.0000
   4635.92    0.0000    0.0001    0.0000
   4636.96    0.0000    0.0001    0.0000
   4637.99    0.0000    0.0001    0.0000
   4639.02    0.0000    0.0001    0.0000
   4640.05    0.0000    0.0001    0.0000
   4641.09    0.0000    0.0001    0.0000
   4642.12    0.0000    0.0001    0.0000
   4643.15    0.0000    0.0001    0.0000
   4644.18    0.0000    0.0001    0.0000
   4645.22    0.0000    0.0001    0.0000
   4646.25    0.0000    0.0001    0.0000
   4647.28    0.0000    0.0001    0.0000
   4648.31    0.0000    0.0001    0.0000
   4649.35    0.0000    0.0001    0.0000
   4650.38    0.0000    0.0001    0.0000
   4651.41    0.0000    0.0001    0.0000
   4652.44    0.0000    0.0001    0.0000
   4653.48    0.0000    0.0001    0.0000
   4654.51    0.0000    0.0001    0.0000
   4655.54    0.0000    0.0001    0.0000
   4656.57    0.0000    0.0001    0.0000
   4657.61    0.0000    0.0001    0.0000
   4658.64    0.0000    0.0001    0.0000
   4659.67    0.0000    0.0001    0.0000
   4660.70    0.0000    0.0001    0.0000
   4661.74    0.0000    0.0001    0.0000
   4662.77    0.0000    0.0001    0.0000
   4663.80    0.0000    0.0001    0.0000
   4664.83    0.0000    0.0001    0.0000
   4665.87    0.0000    0.0001    0.0000
   4666.90    0.0000    0.0001    0.0000
   4667.93    0.0000    0.0001    0.0000
   4668.96    0.0000    0.0001    0.0000
   4670.00    0.0000    0.0001    0.0000
   4671.03    0.0000    0.0001    0.0000
   4672.06    0.0000    0.0001    0.0000
   4673.09    0.0000    0.0001    0.0000
   4674.13    0.0000    0.0001    0.0000
   4675.16    0.0000    0.0001    0.0000
   4676.19    0.0000    0.0001    0.0000
   4677.22    0.0000    0.0001    0.0000
   4678.26    0.0000    0.0001    0.0000
   4679.29    0.0000    0.0001    0.0000
   4680.32    0.0000    0.0001    0.0000
   4681.35    0.0000    0.0001    0.0000
   4682.39    0.0000    0.0001    0.0000
   4683.42    0.0000    0.0001    0.0000
   4684.45    0.0000    0.0001    0.0000
   4685.48    0.0000    0.0001    0.0000
   4686.52    0.0000    0.0001    0.0000
   4687.55    0.0000    0.0001    0.0000
   4688.58    0.0000    0.0001    0.0000
   4689.61    0.0000    0.0001    0.0000
   4690.65    0.0000    0.0001    0.0000
   4691.68    0.0000    0.0001    0.0000
   4692.71    0.0000    0.0001    0.0000
   4693.74    0.0000    0.0001    0.0000
   4694.78    0.0000    0.0001    0.0000
   4695.81    0.0000    0.0001    0.0000
   4696.84    0.0000    0.0001    0.0000
   4697.87    0.0000    0.0001    0.0000
   4698.91    0.0000    0.0001    0.0000
   4699.94    0.0000    0.0001    0.0000
   4700.97    0.0000    0.0001    0.0000
   4702.00    0.0000    0.0001    0.0000
   4703.04    0.0000    0.0001    0.0000
   4704.07    0.0000    0.0001    0.0000
   4705.10    0.0000    0.0001    0.0001
   4706.13    0.0000    0.0001    0.0001
   4707.17    0.0000    0.0001    0.0001
   4708.20    0.0000    0.0001    0.0001
   4709.23    0.0000    0.0001    0.0001
   4710.26    0.0000    0.0001    0.0001
   4711.30    0.0000    0.0001    0.0001
   4712.33    0.0000    0.0001    0.0001
   4713.36    0.0000    0.0001    0.0001
   4714.39    0.0000    0.0001    0.0001
   4715.43    0.0000    0.0001    0.0001
   4716.46    0.0000    0.0001    0.0001
   4717.49    0.0000    0.0001    0.0001
   4718.52    0.0000    0.0001    0.0001
   4719.56    0.0000    0.0001    0.0001
   4720.59    0.0000    0.0001    0.0001
   4721.62    0.0000    0.0001    0.0001
   4722.65    0.0000    0.0001    0.0001
   4723.69    0.0000    0.0001    0.0001
   4724.72    0.0000    0.0001    0.0000
   4725.75    0.0000    0.0001    0.0000
   4726.78    0.0000    0.0001    0.0000
   4727.82    0.0000    0.0001    0.0000
   4728.85    0.0000    0.0001    0.0000
   4729.88    0.0000    0.0001    0.0000
   4730.91    0.0000    0.0001    0.0000
   4731.95    0.0000    0.0001    0.0000
   4732.98    0.0000    0.0001    0.0000
   4734.01    0.0000    0.0001    0.0000
   4735.04    0.0000    0.0001    0.0000
   4736.08    0.0000    0.0001    0.0000
   4737.11    0.0000    0.0001    0.0000
   4738.14    0.0000    0.0001    0.0000
   4739.17    0.0000    0.0001    0.0000
   4740.21    0.0000    0.0001    0.0000
   4741.24    0.0000    0.0001    0.0000
   4742.27    0.0000    0.0001    0.0000
   4743.30    0.0000    0.0001    0.0000
   4744.34    0.0000    0.0001    0.0000
   4745.37    0.0000    0.0001    0.0000
   4746.40    0.0000    0.0001    0.0000
   4747.43    0.0000    0.0001    0.0000
   4748.47    0.0000    0.0001    0.0000
   4749.50    0.0000    0.0001    0.0000
   4750.53    0.0000    0.0001    0.0000
   4751.56    0.0000    0.0001    0.0000
   4752.60    0.0000    0.0001    0.0000
   4753.63    0.0000    0.0001    0.0000
   4754.66    0.0000    0.0001    0.0000
   4755.69    0.0000    0.0001    0.0000
   4756.73    0.0000    0.0001    0.0000
   4757.76    0.0000    0.0001    0.0000
   4758.79    0.0000    0.0001    0.0000
   4759.82    0.0000    0.0001    0.0001
   4760.86    0.0000    0.0001    0.0001
   4761.89    0.0000    0.0001    0.0001
   4762.92    0.0000    0.0001    0.0001
   4763.95    0.0000    0.0001    0.0001
   4764.99    0.0000    0.0001    0.0001
   4766.02    0.0000    0.0001    0.0001
   4767.05    0.0000    0.0001    0.0001
   4768.08    0.0000    0.0001    0.0001
   4769.12    0.0000    0.0001    0.0000
   4770.15    0.0000    0.0001    0.0000
   4771.18    0.0000    0.0001    0.0000
   4772.21    0.0000    0.0001    0.0000
   4773.25    0.0000    0.0001    0.0000
   4774.28    0.0000    0.0001    0.0000
   4775.31    0.0000    0.0001    0.0000
   4776.34    0.0000    0.0001    0.0000
   4777.38    0.0000    0.0001    0.0000
   4778.41    0.0000    0.0001    0.0000
   4779.44    0.0000    0.0001    0.0000
   4780.47    0.0000    0.0001    0.0000
   4781.51    0.0000    0.0001    0.0000
   4782.54    0.0000    0.0001    0.0000
   4783.57    0.0000    0.0001    0.0000
   4784.60    0.0000    0.0001    0.0000
   4785.64    0.0000    0.0001    0.0000
   4786.67    0.0000    0.0001    0.0000
   4787.70    0.0000    0.0001    0.0000
   4788.73    0.0000    0.0001    0.0000
   4789.77    0.0000    0.0001    0.0000
   4790.80    0.0000    0.0001    0.0000
   4791.83    0.0000    0.0001    0.0001
   4792.86    0.0000    0.0001    0.0001
   4793.90    0.0000    0.0001    0.0001
   4794.93    0.0000    0.0001    0.0001
   4795.96    0.0000    0.0001    0.0001
   4796.99    0.0000    0.0001    0.0000
   4798.03    0.0000    0.0001    0.0000
   4799.06    0.0000    0.0001    0.0000
   4800.09    0.0000    0.0001    0.0000
   4801.12    0.0000    0.0001    0.0000
   4802.16    0.0000    0.0001    0.0000
   4803.19    0.0000    0.0001    0.0000
   4804.22    0.0000    0.0001    0.0000
   4805.25    0.0000    0.0001    0.0000
   4806.29    0.0000    0.0001    0.0000
   4807.32    0.0000    0.0001    0.0000
   4808.35    0.0000    0.0001    0.0000
   4809.38    0.0000    0.0001    0.0000
   4810.42    0.0000    0.0001    0.0000
   4811.45    0.0000    0.0001    0.0000
   4812.48    0.0000    0.0001    0.0000
   4813.51    0.0000    0.0001    0.0000
   4814.55    0.0000    0.0001    0.0001
   4815.58    0.0000    0.0001    0.0001
   4816.61    0.0000    0.0001    0.0001
   4817.64    0.0000    0.0001    0.0001
   4818.68    0.0000    0.0001    0.0000
   4819.71    0.0000    0.0001    0.0000
   4820.74    0.0000    0.0001    0.0000
   4821.77    0.0000    0.0001    0.0000
   4822.81    0.0000    0.0001    0.0000
   4823.84    0.0000    0.0001    0.0000
   4824.87    0.0000    0.0001    0.0000
   4825.90    0.0000    0.0001    0.0000
   4826.94    0.0000    0.0001    0.0000
   4827.97    0.0000    0.0001    0.0000
   4829.00    0.0000    0.0001    0.0000
   4830.03    0.0000    0.0001    0.0000
   4831.07    0.0000    0.0001    0.0000
   4832.10    0.0000    0.0001    0.0000
   4833.13    0.0000    0.0001    0.0001
   4834.16    0.0000    0.0001    0.0001
   4835.20    0.0000    0.0001    0.0001
   4836.23    0.0000    0.0001    0.0000
   4837.26    0.0000    0.0001    0.0000
   4838.29    0.0000    0.0001    0.0000
   4839.33    0.0000    0.0001    0.0000
   4840.36    0.0000    0.0001    0.0000
   4841.39    0.0000    0.0001    0.0000
   4842.42    0.0000    0.0001    0.0000
   4843.46    0.0000    0.0001    0.0000
   4844.49    0.0000    0.0001    0.0000
   4845.52    0.0000    0.0001    0.0000
   4846.55    0.0000    0.0001    0.0000
   4847.59    0.0000    0.0001    0.0000
   4848.62    0.0000    0.0001    0.0001
   4849.65    0.0000    0.0001    0.0001
   4850.68    0.0000    0.0001    0.0001
   4851.72    0.0000    0.0001    0.0000
   4852.75    0.0000    0.0001    0.0000
   4853.78    0.0000    0.0001    0.0000
   4854.81    0.0000    0.0001    0.0000
   4855.85    0.0000    0.0001    0.0000
   4856.88    0.0000    0.0001    0.0000
   4857.91    0.0000    0.0001    0.0000
   4858.94    0.0000    0.0001    0.0000
   4859.98    0.0000    0.0001    0.0000
   4861.01    0.0000    0.0001   -0.0000
   4862.04    0.0000    0.0001   -0.0000
   4863.07    0.0000    0.0001   -0.0000
   4864.11    0.0000    0.0000   -0.0000
   4865.14    0.0000    0.0000   -0.0000
   4866.17    0.0000    0.0000   -0.0000
   4867.20    0.0000    0.0000   -0.0000
   4868.24    0.0000    0.0000   -0.0000
   4869.27    0.0000    0.0000   -0.0000
   4870.30    0.0000   -0.0000   -0.0000
   4871.33    0.0000   -0.0000   -0.0000
   4872.37    0.0000   -0.0000   -0.0000
   4873.40    0.0000   -0.0000   -0.0000
   4874.43    0.0000   -0.0000   -0.0000
   4875.46    0.0000   -0.0001   -0.0000
   4876.50    0.0000   -0.0001   -0.0000
   4877.53    0.0000   -0.0001   -0.0000
   4878.56    0.0000   -0.0001   -0.0000
   4879.59    0.0000   -0.0001   -0.0000
   4880.63    0.0000   -0.0001   -0.0000
   4881.66    0.0000   -0.0001   -0.0000
   4882.69    0.0000   -0.0001   -0.0000
   4883.72    0.0000   -0.0001   -0.0000
   4884.76    0.0000   -0.0001   -0.0000
   4885.79    0.0000   -0.0001   -0.0000
   4886.82    0.0000   -0.0001   -0.0000
   4887.85    0.0000   -0.0001    0.0000
   4888.89    0.0000   -0.0001    0.0000
   4889.92    0.0000   -0.0000    0.0000
   4890.95    0.0000   -0.0000    0.0000
   4891.98    0.0000   -0.0000    0.0000
   4893.02    0.0000   -0.0000    0.0000
   4894.05    0.0000   -0.0000    0.0000
   4895.08    0.0000    0.0000    0.0000
   4896.11    0.0000    0.0000    0.0000
   4897.15    0.0000    0.0000    0.0000
   4898.18    0.0000    0.0000    0.0000
   4899.21    0.0000    0.0000    0.0001
   4900.24    0.0000    0.0001    0.0000
   4901.28    0.0000    0.0001    0.0000
   4902.31    0.0000    0.0001    0.0000
   4903.34    0.0000    0.0001    0.0000
   4904.37    0.0000    0.0001    0.0000
   4905.41    0.0000    0.0001    0.0000
   4906.44    0.0000    0.0001    0.0000
   4907.47    0.0000    0.0001    0.0000
   4908.50    0.0000    0.0001    0.0000
   4909.54    0.0000    0.0001    0.0000
   4910.57    0.0000    0.0001    0.0000
   4911.60    0.0000    0.0001   -0.0000
   4912.63    0.0000    0.0000   -0.0000
   4913.67    0.0000    0.0000   -0.0000
   4914.70    0.0000    0.0000   -0.0000
   4915.73    0.0000    0.0000   -0.0000
   4916.76    0.0000    0.0000   -0.0000
   4917.80    0.0000   -0.0000   -0.0000
   4918.83    0.0000   -0.0000   -0.0000
   4919.86    0.0000   -0.0000   -0.0000
   4920.89    0.0000   -0.0000   -0.0000
   4921.93    0.0000   -0.0000   -0.0000
   4922.96    0.0000   -0.0000   -0.0000
   4923.99    0.0000   -0.0000   -0.0000
   4925.02    0.0000   -0.0000   -0.0000
   4926.06    0.0000   -0.0000   -0.0000
   4927.09    0.0000    0.0000   -0.0000
   4928.12    0.0000    0.0000   -0.0000
   4929.15    0.0000    0.0000   -0.0000
   4930.19    0.0000    0.0000   -0.0000
   4931.22    0.0000    0.0000   -0.0000
   4932.25    0.0000   -0.0000   -0.0000
   4933.28    0.0000   -0.0000   -0.0000
   4934.32    0.0000   -0.0000   -0.0000
   4935.35    0.0000   -0.0000   -0.0000
   4936.38    0.0000   -0.0000   -0.0000
   4937.41    0.0000   -0.0000   -0.0000
   4938.45    0.0000   -0.0000   -0.0000
   4939.48    0.0000   -0.0000   -0.0000
   4940.51    0.0000   -0.0000   -0.0000
   4941.54    0.0000   -0.0000    0.0000
   4942.58    0.0000    0.0000    0.0000
   4943.61    0.0000    0.0000   -0.0000
   4944.64    0.0000    0.0000   -0.0000
   4945.67    0.0000    0.0000   -0.0000
   4946.71    0.0000    0.0000   -0.0000
   4947.74    0.0000   -0.0000   -0.0000
   4948.77    0.0000   -0.0000   -0.0000
   4949.80    0.0000   -0.0000   -0.0001
   4950.84    0.0000   -0.0000   -0.0001
   4951.87    0.0000   -0.0000   -0.0000
   4952.90    0.0000   -0.0000   -0.0000
   4953.93    0.0000   -0.0000   -0.0000
   4954.97    0.0000   -0.0000   -0.0000
   4956.00    0.0000   -0.0000   -0.0000
   4957.03    0.0000   -0.0000   -0.0000
   4958.06    0.0000   -0.0000    0.0000
   4959.10    0.0000    0.0000    0.0000
   4960.13    0.0000    0.0000    0.0000
   4961.16    0.0000    0.0000    0.0000
   4962.19    0.0000    0.0000   -0.0000
   4963.23    0.0000    0.0000   -0.0000
   4964.26    0.0000    0.0000   -0.0000
   4965.29    0.0000    0.0000   -0.0000
   4966.32    0.0000    0.0000   -0.0000
   4967.36    0.0000   -0.0000   -0.0000
   4968.39    0.0000   -0.0000   -0.0001
   4969.42    0.0000   -0.0000   -0.0001
   4970.45    0.0000   -0.0000   -0.0001
   4971.49    0.0000   -0.0000   -0.0001
   4972.52    0.0000   -0.0001   -0.0000
   4973.55    0.0000   -0.0001   -0.0000
   4974.58    0.0000   -0.0001   -0.0000
   4975.62    0.0000   -0.0001   -0.0000
   4976.65    0.0000   -0.0000   -0.0000
   4977.68    0.0000   -0.0000   -0.0000
   4978.71    0.0000   -0.0000    0.0000
   4979.75    0.0000   -0.0000    0.0000
   4980.78    0.0000    0.0000    0.0000
   4981.81    0.0000    0.0000    0.0000
   4982.84    0.0000    0.0000    0.0000
   4983.88    0.0000    0.0000    0.0000
   4984.91    0.0000    0.0000    0.0000
   4985.94    0.0000    0.0000   -0.0000
   4986.97    0.0000    0.0000   -0.0000
   4988.01    0.0000    0.0000   -0.0000
   4989.04    0.0000    0.0000   -0.0000
   4990.07    0.0000    0.0000   -0.0000
   4991.10    0.0000    0.0000   -0.0000
   4992.14    0.0000   -0.0000   -0.0001
   4993.17    0.0000   -0.0000   -0.0001
   4994.20    0.0000   -0.0000   -0.0001
   4995.23    0.0000   -0.0000   -0.0001
   4996.27    0.0000   -0.0000   -0.0001
   4997.30    0.0000   -0.0001   -0.0001
   4998.33    0.0000   -0.0001   -0.0001
   4999.36    0.0000   -0.0001   -0.0001
   5000.40    0.0000   -0.0001   -0.0000
   5001.43    0.0000   -0.0001   -0.0000
   5002.46    0.0000   -0.0001   -0.0000
   5003.49    0.0000   -0.0001   -0.0000
   5004.53    0.0000   -0.0001   -0.0000
   5005.56    0.0000   -0.0000   -0.0000
   5006.59    0.0000   -0.0000    0.0000
   5007.62    0.0000   -0.0000    0.0000
   5008.66    0.0000   -0.0000    0.0000
   5009.69    0.0000   -0.0000    0.0000
   5010.72    0.0000   -0.0000    0.0000
   5011.75    0.0000    0.0000    0.0000
   5012.79    0.0000    0.0000    0.0000
   5013.82    0.0000    0.0000    0.0000
   5014.85    0.0000    0.0000    0.0000
   5015.88    0.0000    0.0000    0.0000
   5016.92    0.0000    0.0000    0.0000
   5017.95    0.0000    0.0000    0.0000
   5018.98    0.0000    0.0001    0.0000
   5020.01    0.0000    0.0001   -0.0000
   5021.05    0.0000    0.0000   -0.0000
   5022.08    0.0000    0.0000   -0.0000
   5023.11    0.0000    0.0000   -0.0000
   5024.14    0.0000    0.0000   -0.0000
   5025.18    0.0000    0.0000   -0.0000
   5026.21    0.0000    0.0000   -0.0000
   5027.24    0.0000    0.0000   -0.0000
   5028.27    0.0000    0.0000   -0.0001
   5029.31    0.0000   -0.0000   -0.0001
   5030.34    0.0000   -0.0000   -0.0001
   5031.37    0.0000   -0.0000   -0.0001
   5032.40    0.0000   -0.0000   -0.0001
   5033.44    0.0000   -0.0000   -0.0001
   5034.47    0.0000   -0.0000   -0.0001
   5035.50    0.0000   -0.0001   -0.0001
   5036.53    0.0000   -0.0001   -0.0001
   5037.57    0.0000   -0.0001   -0.0001
   5038.60    0.0000   -0.0001   -0.0001
   5039.63    0.0000   -0.0001   -0.0001
   5040.66    0.0000   -0.0001   -0.0000
   5041.70    0.0000   -0.0001   -0.0000
   5042.73    0.0000   -0.0001   -0.0000
   5043.76    0.0000   -0.0001   -0.0000
   5044.79    0.0000   -0.0001   -0.0000
   5045.83    0.0000   -0.0001   -0.0000
   5046.86    0.0000   -0.0001   -0.0000
   5047.89    0.0000   -0.0001   -0.0000
   5048.92    0.0000   -0.0001   -0.0000
   5049.96    0.0000   -0.0001    0.0000
   5050.99    0.0000   -0.0001    0.0000
   5052.02    0.0000   -0.0001    0.0000
   5053.05    0.0000   -0.0000    0.0000
   5054.09    0.0000   -0.0000    0.0000
   5055.12    0.0000   -0.0000    0.0000
   5056.15    0.0000   -0.0000    0.0000
   5057.18    0.0000   -0.0000    0.0000
   5058.22    0.0000   -0.0000    0.0000
   5059.25    0.0000   -0.0000    0.0000
   5060.28    0.0000    0.0000    0.0000
   5061.31    0.0000    0.0000    0.0000
   5062.35    0.0000    0.0000    0.0000
   5063.38    0.0000    0.0000    0.0000
   5064.41    0.0000    0.0000    0.0000
   5065.44    0.0000    0.0000    0.0000
   5066.48    0.0000    0.0000    0.0000
   5067.51    0.0000    0.0000    0.0000
   5068.54    0.0000    0.0001    0.0000
   5069.57    0.0000    0.0001    0.0000
   5070.61    0.0000    0.0001    0.0000
   5071.64    0.0000    0.0001    0.0000
   5072.67    0.0000    0.0001    0.0000
   5073.70    0.0000    0.0001    0.0000
   5074.74    0.0000    0.0001    0.0000
   5075.77    0.0000    0.0001    0.0000
   5076.80    0.0000    0.0001    0.0000
   5077.83    0.0000    0.0001    0.0000
   5078.87    0.0000    0.0001    0.0000
   5079.90    0.0000    0.0001   -0.0000
   5080.93    0.0000    0.0001   -0.0000
   5081.96    0.0000    0.0001   -0.0000
   5083.00    0.0000    0.0001   -0.0000
   5084.03    0.0000    0.0001   -0.0000
   5085.06    0.0000    0.0001   -0.0000
   5086.09    0.0000    0.0001   -0.0000
   5087.13    0.0000    0.0001   -0.0000
   5088.16    0.0000    0.0000   -0.0000
   5089.19    0.0000    0.0000   -0.0000
   5090.22    0.0000    0.0000   -0.0000
   5091.26    0.0000    0.0000   -0.0000
   5092.29    0.0000    0.0000   -0.0000
   5093.32    0.0000    0.0000   -0.0000
   5094.35    0.0000    0.0000   -0.0000
   5095.39    0.0000    0.0000   -0.0001
   5096.42    0.0000    0.0000   -0.0001
   5097.45    0.0000    0.0000   -0.0001
   5098.48    0.0000   -0.0000   -0.0001
   5099.52    0.0000   -0.0000   -0.0001
   5100.55    0.0000   -0.0000   -0.0001
   5101.58    0.0000   -0.0000   -0.0001
   5102.61    0.0000   -0.0000   -0.0001
   5103.65    0.0000   -0.0000   -0.0001
   5104.68    0.0000   -0.0000   -0.0001
   5105.71    0.0000   -0.0000   -0.0001
   5106.74    0.0000   -0.0000   -0.0001
   5107.78    0.0000   -0.0000   -0.0001
   5108.81    0.0000   -0.0000   -0.0001
   5109.84    0.0000   -0.0001   -0.0001
   5110.87    0.0000   -0.0001   -0.0001
   5111.91    0.0000   -0.0001   -0.0001
   5112.94    0.0000   -0.0001   -0.0001
   5113.97    0.0000   -0.0001   -0.0001
   5115.00    0.0000   -0.0001   -0.0001
   5116.04    0.0000   -0.0001   -0.0001
   5117.07    0.0000   -0.0001   -0.0001
   5118.10    0.0000   -0.0001   -0.0001
   5119.13    0.0000   -0.0001   -0.0001
   5120.17    0.0000   -0.0001   -0.0000
   5121.20    0.0000   -0.0001   -0.0000
   5122.23    0.0000   -0.0001   -0.0000
   5123.26    0.0000   -0.0001   -0.0000
   5124.30    0.0000   -0.0001   -0.0000
   5125.33    0.0000   -0.0001   -0.0000
   5126.36    0.0000   -0.0001   -0.0000
   5127.39    0.0000   -0.0001   -0.0000
   5128.43    0.0000   -0.0001   -0.0000
   5129.46    0.0000   -0.0001   -0.0000
   5130.49    0.0000   -0.0001   -0.0000
   5131.52    0.0000   -0.0001   -0.0000
   5132.56    0.0000   -0.0001   -0.0000
   5133.59    0.0000   -0.0001   -0.0000
   5134.62    0.0000   -0.0001   -0.0000
   5135.65    0.0000   -0.0001   -0.0000
   5136.69    0.0000   -0.0001   -0.0000
   5137.72    0.0000   -0.0001   -0.0000
   5138.75    0.0000   -0.0001   -0.0000
   5139.78    0.0000   -0.0001   -0.0000
   5140.82    0.0000   -0.0001   -0.0000
   5141.85    0.0000   -0.0001   -0.0000
   5142.88    0.0000   -0.0001   -0.0000
   5143.91    0.0000   -0.0001   -0.0000
   5144.95    0.0000   -0.0001    0.0000
   5145.98    0.0000   -0.0001    0.0000
   5147.01    0.0000   -0.0001    0.0000
   5148.04    0.0000   -0.0001    0.0000
   5149.08    0.0000   -0.0001    0.0000
   5150.11    0.0000   -0.0001    0.0000
   5151.14    0.0000   -0.0001    0.0000
   5152.17    0.0000   -0.0001    0.0000
   5153.21    0.0000   -0.0001    0.0000
   5154.24    0.0000   -0.0001    0.0000
   5155.27    0.0000   -0.0001    0.0000
   5156.30    0.0000   -0.0001    0.0000
   5157.34    0.0000   -0.0001    0.0000
   5158.37    0.0000   -0.0001    0.0000
   5159.40    0.0000   -0.0001    0.0000
   5160.43    0.0000   -0.0000    0.0000
   5161.47    0.0000   -0.0000    0.0000
   5162.50    0.0000   -0.0000    0.0000
   5163.53    0.0000   -0.0000    0.0000
   5164.56    0.0000   -0.0000    0.0000
   5165.60    0.0000   -0.0000    0.0000
   5166.63    0.0000   -0.0000    0.0000
   5167.66    0.0000   -0.0000    0.0000
   5168.69    0.0000   -0.0000    0.0000
   5169.73    0.0000   -0.0000    0.0000
   5170.76    0.0000   -0.0000    0.0000
   5171.79    0.0000   -0.0000    0.0000
   5172.82    0.0000   -0.0000    0.0000
   5173.86    0.0000   -0.0000    0.0000
   5174.89    0.0000   -0.0000    0.0000
   5175.92    0.0000   -0.0000    0.0000
   5176.95    0.0000   -0.0000    0.0000
   5177.99    0.0000   -0.0000    0.0000
   5179.02    0.0000   -0.0000    0.0000
   5180.05    0.0000    0.0000    0.0000
   5181.08    0.0000    0.0000    0.0000
   5182.12    0.0000    0.0000    0.0000
   5183.15    0.0000    0.0000    0.0000
   5184.18    0.0000    0.0000    0.0000
   5185.21    0.0000    0.0000    0.0000
   5186.25    0.0000    0.0000    0.0000
   5187.28    0.0000    0.0000    0.0000
   5188.31    0.0000    0.0000    0.0000
   5189.34    0.0000    0.0000    0.0000
   5190.38    0.0000    0.0000    0.0000
   5191.41    0.0000    0.0000    0.0000
   5192.44    0.0000    0.0000    0.0000
   5193.47    0.0000    0.0000    0.0000
   5194.51    0.0000    0.0000    0.0000
   5195.54    0.0000    0.0000    0.0000
   5196.57    0.0000    0.0000    0.0000
   5197.60    0.0000    0.0000    0.0000
   5198.64    0.0000    0.0000    0.0000
   5199.67    0.0000    0.0000    0.0000
   5200.70    0.0000    0.0000    0.0000
   5201.73    0.0000    0.0000    0.0000
   5202.77    0.0000    0.0000    0.0000
   5203.80    0.0000    0.0000    0.0000
   5204.83    0.0000    0.0000    0.0000
   5205.86    0.0000    0.0000    0.0000
   5206.90    0.0000    0.0000    0.0000
   5207.93    0.0000    0.0000    0.0000
   5208.96    0.0000    0.0000    0.0000
   5209.99    0.0000    0.0000    0.0000
   5211.03    0.0000    0.0000    0.0000
   5212.06    0.0000    0.0000    0.0000
   5213.09    0.0000    0.0000    0.0000
   5214.12    0.0000    0.0000    0.0000
   5215.16    0.0000    0.0000    0.0000
   5216.19    0.0000    0.0000    0.0000
   5217.22    0.0000    0.0000   -0.0000
   5218.25    0.0000    0.0000   -0.0000
   5219.29    0.0000    0.0000   -0.0000
   5220.32    0.0000    0.0000   -0.0000
   5221.35    0.0000    0.0000   -0.0000
   5222.38    0.0000    0.0000   -0.0000
   5223.42    0.0000    0.0000   -0.0000
   5224.45    0.0000    0.0000   -0.0000
   5225.48    0.0000    0.0000   -0.0000
   5226.51    0.0000    0.0000   -0.0000
   5227.55    0.0000    0.0000   -0.0000
   5228.58    0.0000    0.0000   -0.0000
   5229.61    0.0000    0.0000   -0.0000
   5230.64    0.0000    0.0000   -0.0000
   5231.68    0.0000    0.0000   -0.0000
   5232.71    0.0000    0.0000   -0.0000
   5233.74    0.0000    0.0000   -0.0000
   5234.77    0.0000    0.0000   -0.0000
