     #Time      Norm      Real      Imag
   3918.34    0.0000    0.0001    0.0000
   3918.34    0.0000    0.0003    0.0000
   3919.37    0.0000    0.0005    0.0000
   3920.40    0.0000    0.0007    0.0000
   3921.43    0.0000    0.0009    0.0000
   3922.47    0.0000    0.0011    0.0000
   3923.50    0.0000    0.0013    0.0001
   3924.53    0.0000    0.0015    0.0001
   3925.56    0.0000    0.0017    0.0001
   3926.60    0.0000    0.0019    0.0001
   3927.63    0.0000    0.0021    0.0001
   3928.66    0.0000    0.0023    0.0002
   3929.69    0.0000    0.0025    0.0002
   3930.73    0.0000    0.0027    0.0002
   3931.76    0.0000    0.0029    0.0003
   3932.79    0.0000    0.0031    0.0003
   3933.82    0.0000    0.0033    0.0003
   3934.86    0.0000    0.0035    0.0004
   3935.89    0.0000    0.0037    0.0004
   3936.92    0.0000    0.0039    0.0005
   3937.95    0.0000    0.0041    0.0005
   3938.99    0.0000    0.0043    0.0006
   3940.02    0.0000    0.0045    0.0006
   3941.05    0.0000    0.0047    0.0007
   3942.08    0.0000    0.0049    0.0008
   3943.12    0.0000    0.0051    0.0008
   3944.15    0.0000    0.0053    0.0009
   3945.18    0.0000    0.0055    0.0009
   3946.21    0.0000    0.0057    0.0010
   3947.25    0.0000    0.0059    0.0011
   3948.28    0.0000    0.0061    0.0012
   3949.31    0.0000    0.0063    0.0012
   3950.34    0.0000    0.0065    0.0013
   3951.38    0.0000    0.0067    0.0014
   3952.41    0.0000    0.0069    0.0015
   3953.44    0.0001    0.0071    0.0016
   3954.47    0.0001    0.0073    0.0017
   3955.51    0.0001    0.0075    0.0017
   3956.54    0.0001    0.0077    0.0018
   3957.57    0.0001    0.0079    0.0019
   3958.60    0.0001    0.0080    0.0020
   3959.64    0.0001    0.0082    0.0021
   3960.67    0.0001    0.0084    0.0022
   3961.70    0.0001    0.0086    0.0024
   3962.73    0.0001    0.0088    0.0025
   3963.77    0.0001    0.0090    0.0026
   3964.80    0.0001    0.0092    0.0027
   3965.83    0.0001    0.0094    0.0028
   3966.86    0.0001    0.0096    0.0029
   3967.90    0.0001    0.0097    0.0030
   3968.93    0.0001    0.0099    0.0032
   3969.96    0.0001    0.0101    0.0033
   3970.99    0.0001    0.0103    0.0034
   3972.03    0.0001    0.0105    0.0036
   3973.06    0.0001    0.0107    0.0037
   3974.09    0.0001    0.0109    0.0038
   3975.12    0.0001    0.0110    0.0040
   3976.16    0.0001    0.0112    0.0041
   3977.19    0.0001    0.0114    0.0042
   3978.22    0.0002    0.0116    0.0044
   3979.25    0.0002    0.0117    0.0045
   3980.29    0.0002    0.0119    0.0047
   3981.32    0.0002    0.0121    0.0048
   3982.35    0.0002    0.0123    0.0050
   3983.38    0.0002    0.0124    0.0052
   3984.42    0.0002    0.0126    0.0053
   3985.45    0.0002    0.0128    0.0055
   3986.48    0.0002    0.0129    0.0056
   3987.51    0.0002    0.0131    0.0058
   3988.55    0.0002    0.0133    0.0060
   3989.58    0.0002    0.0135    0.0062
   3990.61    0.0002    0.0136    0.0063
   3991.64    0.0002    0.0138    0.0065
   3992.68    0.0002    0.0139    0.0067
   3993.71    0.0002    0.0141    0.0069
   3994.74    0.0003    0.0143    0.0070
   3995.77    0.0003    0.0144    0.0072
   3996.81    0.0003    0.0146    0.0074
   3997.84    0.0003    0.0147    0.0076
   3998.87    0.0003    0.0149    0.0078
   3999.90    0.0003    0.0150    0.0080
   4000.94    0.0003    0.0152    0.0082
   4001.97    0.0003    0.0153    0.0084
   4003.00    0.0003    0.0155    0.0086
   4004.03    0.0003    0.0156    0.0088
   4005.07    0.0003    0.0158    0.0090
   4006.10    0.0003    0.0159    0.0092
   4007.13    0.0003    0.0161    0.0094
   4008.16    0.0004    0.0162    0.0096
   4009.20    0.0004    0.0164    0.0098
   4010.23    0.0004    0.0165    0.0101
   4011.26    0.0004    0.0166    0.0103
   4012.29    0.0004    0.0168    0.0105
   4013.33    0.0004    0.0169    0.0107
   4014.36    0.0004    0.0170    0.0109
   4015.39    0.0004    0.0172    0.0112
   4016.42    0.0004    0.0173    0.0114
   4017.46    0.0004    0.0174    0.0116
   4018.49    0.0004    0.0176    0.0118
   4019.52    0.0005    0.0177    0.0121
   4020.55    0.0005    0.0178    0.0123
   4021.59    0.0005    0.0179    0.0125
   4022.62    0.0005    0.0181    0.0128
   4023.65    0.0005    0.0182    0.0130
   4024.68    0.0005    0.0183    0.0133
   4025.72    0.0005    0.0184    0.0135
   4026.75    0.0005    0.0185    0.0138
   4027.78    0.0005    0.0186    0.0140
   4028.81    0.0006    0.0187    0.0142
   4029.85    0.0006    0.0189    0.0145
   4030.88    0.0006    0.0190    0.0148
   4031.91    0.0006    0.0191    0.0150
   4032.94    0.0006    0.0192    0.0153
   4033.98    0.0006    0.0193    0.0155
   4035.01    0.0006    0.0194    0.0158
   4036.04    0.0006    0.0195    0.0160
   4037.07    0.0006    0.0196    0.0163
   4038.11    0.0007    0.0197    0.0166
   4039.14    0.0007    0.0198    0.0168
   4040.17    0.0007    0.0198    0.0171
   4041.20    0.0007    0.0199    0.0174
   4042.24    0.0007    0.0200    0.0176
   4043.27    0.0007    0.0201    0.0179
   4044.30    0.0007    0.0202    0.0182
   4045.33    0.0008    0.0203    0.0184
   4046.37    0.0008    0.0204    0.0187
   4047.40    0.0008    0.0204    0.0190
   4048.43    0.0008    0.0205    0.0193
   4049.46    0.0008    0.0206    0.0195
   4050.50    0.0008    0.0207    0.0198
   4051.53    0.0008    0.0207    0.0201
   4052.56    0.0008    0.0208    0.0204
   4053.59    0.0009    0.0209    0.0207
   4054.63    0.0009    0.0209    0.0210
   4055.66    0.0009    0.0210    0.0212
   4056.69    0.0009    0.0210    0.0215
   4057.72    0.0009    0.0211    0.0218
   4058.76    0.0009    0.0212    0.0221
   4059.79    0.0010    0.0212    0.0224
   4060.82    0.0010    0.0213    0.0227
   4061.85    0.0010    0.0213    0.0230
   4062.89    0.0010    0.0214    0.0233
   4063.92    0.0010    0.0214    0.0236
   4064.95    0.0010    0.0214    0.0239
   4065.98    0.0010    0.0215    0.0242
   4067.02    0.0011    0.0215    0.0245
   4068.05    0.0011    0.0216    0.0248
   4069.08    0.0011    0.0216    0.0251
   4070.11    0.0011    0.0216    0.0254
   4071.15    0.0011    0.0216    0.0257
   4072.18    0.0011    0.0217    0.0260
   4073.21    0.0012    0.0217    0.0263
   4074.24    0.0012    0.0217    0.0266
   4075.28    0.0012    0.0217    0.0269
   4076.31    0.0012    0.0218    0.0272
   4077.34    0.0012    0.0218    0.0275
   4078.37    0.0012    0.0218    0.0278
   4079.41    0.0013    0.0218    0.0281
   4080.44    0.0013    0.0218    0.0284
   4081.47    0.0013    0.0218    0.0287
   4082.50    0.0013    0.0218    0.0290
   4083.54    0.0013    0.0218    0.0293
   4084.57    0.0014    0.0218    0.0296
   4085.60    0.0014    0.0218    0.0300
   4086.63    0.0014    0.0218    0.0303
   4087.67    0.0014    0.0218    0.0306
   4088.70    0.0014    0.0218    0.0309
   4089.73    0.0014    0.0217    0.0312
   4090.76    0.0015    0.0217    0.0315
   4091.80    0.0015    0.0217    0.0318
   4092.83    0.0015    0.0217    0.0321
   4093.86    0.0015    0.0217    0.0325
   4094.89    0.0015    0.0216    0.0328
   4095.93    0.0016    0.0216    0.0331
   4096.96    0.0016    0.0216    0.0334
   4097.99    0.0016    0.0215    0.0337
   4099.02    0.0016    0.0215    0.0340
   4100.06    0.0016    0.0214    0.0343
   4101.09    0.0017    0.0214    0.0347
   4102.12    0.0017    0.0214    0.0350
   4103.15    0.0017    0.0213    0.0353
   4104.19    0.0017    0.0213    0.0356
   4105.22    0.0017    0.0212    0.0359
   4106.25    0.0018    0.0211    0.0362
   4107.28    0.0018    0.0211    0.0365
   4108.32    0.0018    0.0210    0.0369
   4109.35    0.0018    0.0210    0.0372
   4110.38    0.0018    0.0209    0.0375
   4111.41    0.0019    0.0208    0.0378
   4112.45    0.0019    0.0207    0.0381
   4113.48    0.0019    0.0207    0.0384
   4114.51    0.0019    0.0206    0.0387
   4115.54    0.0019    0.0205    0.0391
   4116.58    0.0020    0.0204    0.0394
   4117.61    0.0020    0.0203    0.0397
   4118.64    0.0020    0.0202    0.0400
   4119.67    0.0020    0.0202    0.0403
   4120.71    0.0021    0.0201    0.0406
   4121.74    0.0021    0.0200    0.0409
   4122.77    0.0021    0.0199    0.0413
   4123.80    0.0021    0.0198    0.0416
   4124.84    0.0021    0.0196    0.0419
   4125.87    0.0022    0.0195    0.0422
   4126.90    0.0022    0.0194    0.0425
   4127.93    0.0022    0.0193    0.0428
   4128.97    0.0022    0.0192    0.0431
   4130.00    0.0023    0.0191    0.0434
   4131.03    0.0023    0.0190    0.0437
   4132.06    0.0023    0.0188    0.0440
   4133.10    0.0023    0.0187    0.0444
   4134.13    0.0023    0.0186    0.0447
   4135.16    0.0024    0.0184    0.0450
   4136.19    0.0024    0.0183    0.0453
   4137.23    0.0024    0.0182    0.0456
   4138.26    0.0024    0.0180    0.0459
   4139.29    0.0025    0.0179    0.0462
   4140.32    0.0025    0.0177    0.0465
   4141.36    0.0025    0.0176    0.0468
   4142.39    0.0025    0.0174    0.0471
   4143.42    0.0025    0.0173    0.0474
   4144.45    0.0026    0.0171    0.0477
   4145.49    0.0026    0.0170    0.0480
   4146.52    0.0026    0.0168    0.0483
   4147.55    0.0026    0.0166    0.0486
   4148.58    0.0027    0.0165    0.0489
   4149.62    0.0027    0.0163    0.0492
   4150.65    0.0027    0.0161    0.0495
   4151.68    0.0027    0.0160    0.0498
   4152.71    0.0028    0.0158    0.0501
   4153.75    0.0028    0.0156    0.0504
   4154.78    0.0028    0.0154    0.0506
   4155.81    0.0028    0.0152    0.0509
   4156.84    0.0028    0.0150    0.0512
   4157.88    0.0029    0.0149    0.0515
   4158.91    0.0029    0.0147    0.0518
   4159.94    0.0029    0.0145    0.0521
   4160.97    0.0029    0.0143    0.0524
   4162.01    0.0030    0.0141    0.0526
   4163.04    0.0030    0.0139    0.0529
   4164.07    0.0030    0.0137    0.0532
   4165.10    0.0030    0.0135    0.0535
   4166.14    0.0031    0.0132    0.0538
   4167.17    0.0031    0.0130    0.0540
   4168.20    0.0031    0.0128    0.0543
   4169.23    0.0031    0.0126    0.0546
   4170.27    0.0032    0.0124    0.0549
   4171.30    0.0032    0.0122    0.0551
   4172.33    0.0032    0.0119    0.0554
   4173.36    0.0032    0.0117    0.0557
   4174.40    0.0033    0.0115    0.0559
   4175.43    0.0033    0.0113    0.0562
   4176.46    0.0033    0.0110    0.0565
   4177.49    0.0033    0.0108    0.0567
   4178.53    0.0034    0.0106    0.0570
   4179.56    0.0034    0.0103    0.0573
   4180.59    0.0034    0.0101    0.0575
   4181.62    0.0034    0.0098    0.0578
   4182.66    0.0035    0.0096    0.0580
   4183.69    0.0035    0.0094    0.0583
   4184.72    0.0035    0.0091    0.0585
   4185.75    0.0035    0.0089    0.0588
   4186.79    0.0036    0.0086    0.0590
   4187.82    0.0036    0.0084    0.0593
   4188.85    0.0036    0.0081    0.0595
   4189.88    0.0036    0.0078    0.0598
   4190.92    0.0037    0.0076    0.0600
   4191.95    0.0037    0.0073    0.0603
   4192.98    0.0037    0.0071    0.0605
   4194.01    0.0037    0.0068    0.0608
   4195.05    0.0038    0.0065    0.0610
   4196.08    0.0038    0.0063    0.0612
   4197.11    0.0038    0.0060    0.0615
   4198.14    0.0038    0.0057    0.0617
   4199.18    0.0039    0.0054    0.0619
   4200.21    0.0039    0.0052    0.0621
   4201.24    0.0039    0.0049    0.0624
   4202.27    0.0039    0.0046    0.0626
   4203.31    0.0040    0.0043    0.0628
   4204.34    0.0040    0.0040    0.0630
   4205.37    0.0040    0.0038    0.0632
   4206.40    0.0040    0.0035    0.0635
   4207.44    0.0041    0.0032    0.0637
   4208.47    0.0041    0.0029    0.0639
   4209.50    0.0041    0.0026    0.0641
   4210.53    0.0041    0.0023    0.0643
   4211.57    0.0042    0.0020    0.0645
   4212.60    0.0042    0.0018    0.0647
   4213.63    0.0042    0.0015    0.0649
   4214.66    0.0042    0.0012    0.0651
   4215.70    0.0043    0.0009    0.0653
   4216.73    0.0043    0.0006    0.0655
   4217.76    0.0043    0.0003    0.0657
   4218.79    0.0043   -0.0000    0.0659
   4219.83    0.0044   -0.0003    0.0661
   4220.86    0.0044   -0.0006    0.0663
   4221.89    0.0044   -0.0009    0.0665
   4222.92    0.0044   -0.0012    0.0666
   4223.96    0.0045   -0.0015    0.0668
   4224.99    0.0045   -0.0018    0.0670
   4226.02    0.0045   -0.0021    0.0672
   4227.05    0.0045   -0.0024    0.0673
   4228.09    0.0046   -0.0027    0.0675
   4229.12    0.0046   -0.0030    0.0677
   4230.15    0.0046   -0.0034    0.0678
   4231.18    0.0046   -0.0037    0.0680
   4232.22    0.0047   -0.0040    0.0682
   4233.25    0.0047   -0.0043    0.0683
   4234.28    0.0047   -0.0046    0.0685
   4235.31    0.0047   -0.0049    0.0686
   4236.35    0.0048   -0.0052    0.0688
   4237.38    0.0048   -0.0055    0.0689
   4238.41    0.0048   -0.0058    0.0691
   4239.44    0.0048   -0.0061    0.0692
   4240.48    0.0049   -0.0064    0.0694
   4241.51    0.0049   -0.0067    0.0695
   4242.54    0.0049   -0.0071    0.0696
   4243.57    0.0049   -0.0074    0.0698
   4244.61    0.0049   -0.0077    0.0699
   4245.64    0.0050   -0.0080    0.0700
   4246.67    0.0050   -0.0083    0.0702
   4247.70    0.0050   -0.0086    0.0703
   4248.74    0.0050   -0.0089    0.0704
   4249.77    0.0051   -0.0092    0.0705
   4250.80    0.0051   -0.0095    0.0706
   4251.83    0.0051   -0.0098    0.0707
   4252.87    0.0051   -0.0101    0.0709
   4253.90    0.0051   -0.0104    0.0710
   4254.93    0.0052   -0.0107    0.0711
   4255.96    0.0052   -0.0110    0.0712
   4257.00    0.0052   -0.0113    0.0713
   4258.03    0.0052   -0.0117    0.0714
   4259.06    0.0053   -0.0120    0.0715
   4260.09    0.0053   -0.0123    0.0716
   4261.13    0.0053   -0.0126    0.0717
   4262.16    0.0053   -0.0129    0.0717
   4263.19    0.0053   -0.0132    0.0718
   4264.22    0.0054   -0.0135    0.0719
   4265.26    0.0054   -0.0138    0.0720
   4266.29    0.0054   -0.0140    0.0721
   4267.32    0.0054   -0.0143    0.0721
   4268.35    0.0054   -0.0146    0.0722
   4269.39    0.0054   -0.0149    0.0723
   4270.42    0.0055   -0.0152    0.0724
   4271.45    0.0055   -0.0155    0.0724
   4272.48    0.0055   -0.0158    0.0725
   4273.52    0.0055   -0.0161    0.0725
   4274.55    0.0055   -0.0164    0.0726
   4275.58    0.0056   -0.0167    0.0727
   4276.61    0.0056   -0.0169    0.0727
   4277.65    0.0056   -0.0172    0.0728
   4278.68    0.0056   -0.0175    0.0728
   4279.71    0.0056   -0.0178    0.0729
   4280.74    0.0056   -0.0181    0.0729
   4281.78    0.0057   -0.0183    0.0729
   4282.81    0.0057   -0.0186    0.0730
   4283.84    0.0057   -0.0189    0.0730
   4284.87    0.0057   -0.0192    0.0731
   4285.91    0.0057   -0.0194    0.0731
   4286.94    0.0057   -0.0197    0.0731
   4287.97    0.0057   -0.0200    0.0731
   4289.00    0.0058   -0.0202    0.0732
   4290.04    0.0058   -0.0205    0.0732
   4291.07    0.0058   -0.0208    0.0732
   4292.10    0.0058   -0.0210    0.0732
   4293.13    0.0058   -0.0213    0.0733
   4294.17    0.0058   -0.0215    0.0733
   4295.20    0.0058   -0.0218    0.0733
   4296.23    0.0059   -0.0221    0.0733
   4297.26    0.0059   -0.0223    0.0733
   4298.30    0.0059   -0.0226    0.0733
   4299.33    0.0059   -0.0228    0.0733
   4300.36    0.0059   -0.0231    0.0733
   4301.39    0.0059   -0.0233    0.0733
   4302.43    0.0059   -0.0235    0.0733
   4303.46    0.0059   -0.0238    0.0733
   4304.49    0.0059   -0.0240    0.0733
   4305.52    0.0060   -0.0243    0.0733
   4306.56    0.0060   -0.0245    0.0733
   4307.59    0.0060   -0.0247    0.0733
   4308.62    0.0060   -0.0250    0.0733
   4309.65    0.0060   -0.0252    0.0732
   4310.69    0.0060   -0.0254    0.0732
   4311.72    0.0060   -0.0257    0.0732
   4312.75    0.0060   -0.0259    0.0732
   4313.78    0.0060   -0.0261    0.0731
   4314.82    0.0060   -0.0263    0.0731
   4315.85    0.0060   -0.0266    0.0731
   4316.88    0.0061   -0.0268    0.0731
   4317.91    0.0061   -0.0270    0.0730
   4318.95    0.0061   -0.0272    0.0730
   4319.98    0.0061   -0.0274    0.0730
   4321.01    0.0061   -0.0276    0.0729
   4322.04    0.0061   -0.0279    0.0729
   4323.08    0.0061   -0.0281    0.0728
   4324.11    0.0061   -0.0283    0.0728
   4325.14    0.0061   -0.0285    0.0728
   4326.17    0.0061   -0.0287    0.0727
   4327.21    0.0061   -0.0289    0.0727
   4328.24    0.0061   -0.0291    0.0726
   4329.27    0.0061   -0.0293    0.0726
   4330.30    0.0061   -0.0295    0.0725
   4331.34    0.0061   -0.0297    0.0725
   4332.37    0.0061   -0.0299    0.0724
   4333.40    0.0061   -0.0301    0.0723
   4334.43    0.0061   -0.0303    0.0723
   4335.47    0.0061   -0.0305    0.0722
   4336.50    0.0061   -0.0306    0.0722
   4337.53    0.0061   -0.0308    0.0721
   4338.56    0.0062   -0.0310    0.0720
   4339.60    0.0062   -0.0312    0.0720
   4340.63    0.0062   -0.0314    0.0719
   4341.66    0.0062   -0.0316    0.0718
   4342.69    0.0062   -0.0317    0.0717
   4343.73    0.0062   -0.0319    0.0717
   4344.76    0.0062   -0.0321    0.0716
   4345.79    0.0062   -0.0323    0.0715
   4346.82    0.0062   -0.0324    0.0714
   4347.86    0.0062   -0.0326    0.0714
   4348.89    0.0062   -0.0328    0.0713
   4349.92    0.0062   -0.0329    0.0712
   4350.95    0.0062   -0.0331    0.0711
   4351.99    0.0062   -0.0333    0.0710
   4353.02    0.0062   -0.0334    0.0709
   4354.05    0.0061   -0.0336    0.0709
   4355.08    0.0061   -0.0338    0.0708
   4356.12    0.0061   -0.0339    0.0707
   4357.15    0.0061   -0.0341    0.0706
   4358.18    0.0061   -0.0342    0.0705
   4359.21    0.0061   -0.0344    0.0704
   4360.25    0.0061   -0.0345    0.0703
   4361.28    0.0061   -0.0347    0.0702
   4362.31    0.0061   -0.0348    0.0701
   4363.34    0.0061   -0.0350    0.0700
   4364.38    0.0061   -0.0351    0.0699
   4365.41    0.0061   -0.0353    0.0698
   4366.44    0.0061   -0.0354    0.0697
   4367.47    0.0061   -0.0356    0.0696
   4368.51    0.0061   -0.0357    0.0695
   4369.54    0.0061   -0.0358    0.0694
   4370.57    0.0061   -0.0360    0.0693
   4371.60    0.0061   -0.0361    0.0692
   4372.64    0.0061   -0.0362    0.0691
   4373.67    0.0061   -0.0364    0.0689
   4374.70    0.0061   -0.0365    0.0688
   4375.73    0.0061   -0.0366    0.0687
   4376.77    0.0061   -0.0368    0.0686
   4377.80    0.0061   -0.0369    0.0685
   4378.83    0.0060   -0.0370    0.0684
   4379.86    0.0060   -0.0371    0.0683
   4380.90    0.0060   -0.0373    0.0682
   4381.93    0.0060   -0.0374    0.0680
   4382.96    0.0060   -0.0375    0.0679
   4383.99    0.0060   -0.0376    0.0678
   4385.03    0.0060   -0.0377    0.0677
   4386.06    0.0060   -0.0378    0.0676
   4387.09    0.0060   -0.0379    0.0674
   4388.12    0.0060   -0.0380    0.0673
   4389.16    0.0060   -0.0382    0.0672
   4390.19    0.0060   -0.0383    0.0671
   4391.22    0.0060   -0.0384    0.0670
   4392.25    0.0059   -0.0385    0.0668
   4393.29    0.0059   -0.0386    0.0667
   4394.32    0.0059   -0.0387    0.0666
   4395.35    0.0059   -0.0388    0.0665
   4396.38    0.0059   -0.0388    0.0663
   4397.42    0.0059   -0.0389    0.0662
   4398.45    0.0059   -0.0390    0.0661
   4399.48    0.0059   -0.0391    0.0660
   4400.51    0.0059   -0.0392    0.0658
   4401.55    0.0059   -0.0393    0.0657
   4402.58    0.0059   -0.0394    0.0656
   4403.61    0.0058   -0.0395    0.0655
   4404.64    0.0058   -0.0395    0.0654
   4405.68    0.0058   -0.0396    0.0652
   4406.71    0.0058   -0.0397    0.0651
   4407.74    0.0058   -0.0398    0.0650
   4408.77    0.0058   -0.0398    0.0649
   4409.81    0.0058   -0.0399    0.0647
   4410.84    0.0058   -0.0400    0.0646
   4411.87    0.0058   -0.0401    0.0645
   4412.90    0.0058   -0.0401    0.0644
   4413.94    0.0057   -0.0402    0.0642
   4414.97    0.0057   -0.0402    0.0641
   4416.00    0.0057   -0.0403    0.0640
   4417.03    0.0057   -0.0404    0.0639
   4418.07    0.0057   -0.0404    0.0637
   4419.10    0.0057   -0.0405    0.0636
   4420.13    0.0057   -0.0405    0.0635
   4421.16    0.0057   -0.0406    0.0634
   4422.20    0.0057   -0.0406    0.0633
   4423.23    0.0056   -0.0407    0.0631
   4424.26    0.0056   -0.0407    0.0630
   4425.29    0.0056   -0.0408    0.0629
   4426.33    0.0056   -0.0408    0.0628
   4427.36    0.0056   -0.0409    0.0627
   4428.39    0.0056   -0.0409    0.0626
   4429.42    0.0056   -0.0409    0.0624
   4430.46    0.0056   -0.0410    0.0623
   4431.49    0.0056   -0.0410    0.0622
   4432.52    0.0055   -0.0410    0.0621
   4433.55    0.0055   -0.0411    0.0620
   4434.59    0.0055   -0.0411    0.0619
   4435.62    0.0055   -0.0411    0.0618
   4436.65    0.0055   -0.0411    0.0617
   4437.68    0.0055   -0.0412    0.0616
   4438.72    0.0055   -0.0412    0.0614
   4439.75    0.0055   -0.0412    0.0613
   4440.78    0.0054   -0.0412    0.0612
   4441.81    0.0054   -0.0412    0.0611
   4442.85    0.0054   -0.0413    0.0610
   4443.88    0.0054   -0.0413    0.0609
   4444.91    0.0054   -0.0413    0.0608
   4445.94    0.0054   -0.0413    0.0607
   4446.98    0.0054   -0.0413    0.0606
   4448.01    0.0054   -0.0413    0.0605
   4449.04    0.0054   -0.0413    0.0604
   4450.07    0.0053   -0.0413    0.0603
   4451.11    0.0053   -0.0413    0.0602
   4452.14    0.0053   -0.0413    0.0601
   4453.17    0.0053   -0.0413    0.0601
   4454.20    0.0053   -0.0413    0.0600
   4455.24    0.0053   -0.0413    0.0599
   4456.27    0.0053   -0.0413    0.0598
   4457.30    0.0053   -0.0413    0.0597
   4458.33    0.0053   -0.0413    0.0596
   4459.37    0.0052   -0.0413    0.0595
   4460.40    0.0052   -0.0413    0.0594
   4461.43    0.0052   -0.0413    0.0594
   4462.46    0.0052   -0.0413    0.0593
   4463.50    0.0052   -0.0413    0.0592
   4464.53    0.0052   -0.0412    0.0591
   4465.56    0.0052   -0.0412    0.0591
   4466.59    0.0052   -0.0412    0.0590
   4467.63    0.0052   -0.0412    0.0589
   4468.66    0.0052   -0.0412    0.0588
   4469.69    0.0051   -0.0411    0.0588
   4470.72    0.0051   -0.0411    0.0587
   4471.76    0.0051   -0.0411    0.0586
   4472.79    0.0051   -0.0411    0.0586
   4473.82    0.0051   -0.0411    0.0585
   4474.85    0.0051   -0.0410    0.0584
   4475.89    0.0051   -0.0410    0.0584
   4476.92    0.0051   -0.0410    0.0583
   4477.95    0.0051   -0.0410    0.0582
   4478.98    0.0051   -0.0409    0.0582
   4480.02    0.0051   -0.0409    0.0581
   4481.05    0.0050   -0.0409    0.0581
   4482.08    0.0050   -0.0408    0.0580
   4483.11    0.0050   -0.0408    0.0580
   4484.15    0.0050   -0.0408    0.0579
   4485.18    0.0050   -0.0407    0.0579
   4486.21    0.0050   -0.0407    0.0578
   4487.24    0.0050   -0.0407    0.0578
   4488.28    0.0050   -0.0406    0.0577
   4489.31    0.0050   -0.0406    0.0577
   4490.34    0.0050   -0.0406    0.0576
   4491.37    0.0050   -0.0405    0.0576
   4492.41    0.0049   -0.0405    0.0575
   4493.44    0.0049   -0.0404    0.0575
   4494.47    0.0049   -0.0404    0.0575
   4495.50    0.0049   -0.0404    0.0574
   4496.54    0.0049   -0.0403    0.0574
   4497.57    0.0049   -0.0403    0.0573
   4498.60    0.0049   -0.0402    0.0573
   4499.63    0.0049   -0.0402    0.0573
   4500.67    0.0049   -0.0401    0.0572
   4501.70    0.0049   -0.0401    0.0572
   4502.73    0.0049   -0.0401    0.0572
   4503.76    0.0049   -0.0400    0.0571
   4504.80    0.0049   -0.0400    0.0571
   4505.83    0.0049   -0.0399    0.0571
   4506.86    0.0048   -0.0399    0.0570
   4507.89    0.0048   -0.0398    0.0570
   4508.93    0.0048   -0.0398    0.0570
   4509.96    0.0048   -0.0398    0.0570
   4510.99    0.0048   -0.0397    0.0569
   4512.02    0.0048   -0.0397    0.0569
   4513.06    0.0048   -0.0396    0.0569
   4514.09    0.0048   -0.0396    0.0569
   4515.12    0.0048   -0.0395    0.0568
   4516.15    0.0048   -0.0395    0.0568
   4517.19    0.0048   -0.0394    0.0568
   4518.22    0.0048   -0.0394    0.0568
   4519.25    0.0048   -0.0393    0.0568
   4520.28    0.0048   -0.0393    0.0567
   4521.32    0.0048   -0.0392    0.0567
   4522.35    0.0048   -0.0392    0.0567
   4523.38    0.0047   -0.0391    0.0567
   4524.41    0.0047   -0.0391    0.0567
   4525.45    0.0047   -0.0390    0.0567
   4526.48    0.0047   -0.0390    0.0566
   4527.51    0.0047   -0.0389    0.0566
   4528.54    0.0047   -0.0389    0.0566
   4529.58    0.0047   -0.0388    0.0566
   4530.61    0.0047   -0.0388    0.0566
   4531.64    0.0047   -0.0387    0.0566
   4532.67    0.0047   -0.0387    0.0565
   4533.71    0.0047   -0.0386    0.0565
   4534.74    0.0047   -0.0386    0.0565
   4535.77    0.0047   -0.0385    0.0565
   4536.80    0.0047   -0.0385    0.0565
   4537.84    0.0047   -0.0384    0.0565
   4538.87    0.0047   -0.0384    0.0565
   4539.90    0.0047   -0.0383    0.0565
   4540.93    0.0047   -0.0383    0.0565
   4541.97    0.0046   -0.0382    0.0564
   4543.00    0.0046   -0.0382    0.0564
   4544.03    0.0046   -0.0381    0.0564
   4545.06    0.0046   -0.0381    0.0564
   4546.10    0.0046   -0.0380    0.0564
   4547.13    0.0046   -0.0380    0.0564
   4548.16    0.0046   -0.0379    0.0564
   4549.19    0.0046   -0.0379    0.0564
   4550.23    0.0046   -0.0378    0.0564
   4551.26    0.0046   -0.0378    0.0564
   4552.29    0.0046   -0.0377    0.0564
   4553.32    0.0046   -0.0377    0.0564
   4554.36    0.0046   -0.0376    0.0564
   4555.39    0.0046   -0.0376    0.0563
   4556.42    0.0046   -0.0375    0.0563
   4557.45    0.0046   -0.0375    0.0563
   4558.49    0.0046   -0.0374    0.0563
   4559.52    0.0046   -0.0374    0.0563
   4560.55    0.0046   -0.0373    0.0563
   4561.58    0.0046   -0.0373    0.0563
   4562.62    0.0046   -0.0372    0.0563
   4563.65    0.0046   -0.0372    0.0563
   4564.68    0.0045   -0.0371    0.0563
   4565.71    0.0045   -0.0371    0.0563
   4566.75    0.0045   -0.0370    0.0563
   4567.78    0.0045   -0.0370    0.0563
   4568.81    0.0045   -0.0369    0.0563
   4569.84    0.0045   -0.0369    0.0563
   4570.88    0.0045   -0.0368    0.0563
   4571.91    0.0045   -0.0368    0.0563
   4572.94    0.0045   -0.0367    0.0563
   4573.97    0.0045   -0.0367    0.0563
   4575.01    0.0045   -0.0366    0.0563
   4576.04    0.0045   -0.0366    0.0562
   4577.07    0.0045   -0.0365    0.0562
   4578.10    0.0045   -0.0365    0.0562
   4579.14    0.0045   -0.0364    0.0562
   4580.17    0.0045   -0.0364    0.0562
   4581.20    0.0045   -0.0364    0.0562
   4582.23    0.0045   -0.0363    0.0562
   4583.27    0.0045   -0.0363    0.0562
   4584.30    0.0045   -0.0362    0.0562
   4585.33    0.0045   -0.0362    0.0562
   4586.36    0.0045   -0.0361    0.0562
   4587.40    0.0045   -0.0361    0.0562
   4588.43    0.0045   -0.0360    0.0562
   4589.46    0.0045   -0.0360    0.0562
   4590.49    0.0045   -0.0359    0.0562
   4591.53    0.0044   -0.0359    0.0562
   4592.56    0.0044   -0.0358    0.0562
   4593.59    0.0044   -0.0358    0.0562
   4594.62    0.0044   -0.0357    0.0562
   4595.66    0.0044   -0.0357    0.0562
   4596.69    0.0044   -0.0356    0.0562
   4597.72    0.0044   -0.0356    0.0563
   4598.75    0.0044   -0.0357    0.0563
   4599.79    0.0044   -0.0358    0.0563
   4600.82    0.0045   -0.0359    0.0562
   4601.85    0.0045   -0.0360    0.0562
   4602.88    0.0045   -0.0361    0.0561
   4603.92    0.0044   -0.0362    0.0560
   4604.95    0.0044   -0.0362    0.0559
   4605.98    0.0044   -0.0361    0.0558
   4607.01    0.0044   -0.0360    0.0557
   4608.05    0.0044   -0.0359    0.0556
   4609.08    0.0044   -0.0358    0.0556
   4610.11    0.0044   -0.0357    0.0556
   4611.14    0.0044   -0.0356    0.0556
   4612.18    0.0044   -0.0355    0.0556
   4613.21    0.0043   -0.0355    0.0556
   4614.24    0.0044   -0.0355    0.0556
   4615.27    0.0044   -0.0356    0.0556
   4616.31    0.0044   -0.0356    0.0556
   4617.34    0.0044   -0.0357    0.0555
   4618.37    0.0044   -0.0358    0.0555
   4619.40    0.0044   -0.0359    0.0554
   4620.44    0.0044   -0.0360    0.0553
   4621.47    0.0043   -0.0361    0.0552
   4622.50    0.0043   -0.0361    0.0551
   4623.53    0.0043   -0.0361    0.0550
   4624.57    0.0043   -0.0360    0.0549
   4625.60    0.0043   -0.0359    0.0548
   4626.63    0.0043   -0.0358    0.0548
   4627.66    0.0043   -0.0357    0.0548
   4628.70    0.0043   -0.0356    0.0547
   4629.73    0.0043   -0.0355    0.0547
   4630.76    0.0042   -0.0354    0.0547
   4631.79    0.0042   -0.0353    0.0548
   4632.83    0.0042   -0.0352    0.0548
   4633.86    0.0042   -0.0352    0.0548
   4634.89    0.0042   -0.0352    0.0548
   4635.92    0.0042   -0.0352    0.0548
   4636.96    0.0042   -0.0352    0.0548
   4637.99    0.0042   -0.0353    0.0548
   4639.02    0.0042   -0.0354    0.0548
   4640.05    0.0042   -0.0354    0.0547
   4641.09    0.0042   -0.0355    0.0546
   4642.12    0.0042   -0.0356    0.0545
   4643.15    0.0042   -0.0357    0.0544
   4644.18    0.0042   -0.0357    0.0543
   4645.22    0.0042   -0.0358    0.0542
   4646.25    0.0042   -0.0358    0.0541
   4647.28    0.0042   -0.0358    0.0540
   4648.31    0.0042   -0.0358    0.0540
   4649.35    0.0042   -0.0357    0.0539
   4650.38    0.0042   -0.0357    0.0538
   4651.41    0.0042   -0.0356    0.0538
   4652.44    0.0042   -0.0355    0.0537
   4653.48    0.0041   -0.0354    0.0537
   4654.51    0.0041   -0.0353    0.0537
   4655.54    0.0041   -0.0352    0.0537
   4656.57    0.0041   -0.0351    0.0538
   4657.61    0.0041   -0.0350    0.0538
   4658.64    0.0041   -0.0349    0.0539
   4659.67    0.0041   -0.0349    0.0539
   4660.70    0.0041   -0.0348    0.0539
   4661.74    0.0041   -0.0348    0.0540
   4662.77    0.0041   -0.0347    0.0540
   4663.80    0.0041   -0.0347    0.0541
   4664.83    0.0041   -0.0347    0.0541
   4665.87    0.0041   -0.0347    0.0541
   4666.90    0.0041   -0.0348    0.0541
   4667.93    0.0041   -0.0348    0.0541
   4668.96    0.0041   -0.0348    0.0540
   4670.00    0.0041   -0.0349    0.0540
   4671.03    0.0041   -0.0350    0.0539
   4672.06    0.0041   -0.0350    0.0539
   4673.09    0.0041   -0.0351    0.0538
   4674.13    0.0041   -0.0351    0.0537
   4675.16    0.0041   -0.0352    0.0536
   4676.19    0.0041   -0.0352    0.0535
   4677.22    0.0041   -0.0353    0.0534
   4678.26    0.0041   -0.0353    0.0533
   4679.29    0.0041   -0.0353    0.0532
   4680.32    0.0041   -0.0353    0.0531
   4681.35    0.0041   -0.0353    0.0530
   4682.39    0.0040   -0.0353    0.0530
   4683.42    0.0040   -0.0353    0.0529
   4684.45    0.0040   -0.0352    0.0528
   4685.48    0.0040   -0.0352    0.0528
   4686.52    0.0040   -0.0351    0.0528
   4687.55    0.0040   -0.0351    0.0527
   4688.58    0.0040   -0.0350    0.0527
   4689.61    0.0040   -0.0350    0.0527
   4690.65    0.0040   -0.0349    0.0528
   4691.68    0.0040   -0.0348    0.0528
   4692.71    0.0040   -0.0348    0.0528
   4693.74    0.0040   -0.0347    0.0529
   4694.78    0.0040   -0.0347    0.0530
   4695.81    0.0040   -0.0346    0.0530
   4696.84    0.0040   -0.0346    0.0531
   4697.87    0.0040   -0.0345    0.0532
   4698.91    0.0040   -0.0345    0.0533
   4699.94    0.0040   -0.0344    0.0533
   4700.97    0.0040   -0.0344    0.0534
   4702.00    0.0040   -0.0344    0.0535
   4703.04    0.0040   -0.0344    0.0535
   4704.07    0.0041   -0.0344    0.0536
   4705.10    0.0041   -0.0344    0.0536
   4706.13    0.0041   -0.0344    0.0537
   4707.17    0.0041   -0.0344    0.0537
   4708.20    0.0041   -0.0344    0.0537
   4709.23    0.0041   -0.0345    0.0538
   4710.26    0.0041   -0.0345    0.0538
   4711.30    0.0041   -0.0345    0.0538
   4712.33    0.0041   -0.0345    0.0537
   4713.36    0.0041   -0.0346    0.0537
   4714.39    0.0041   -0.0346    0.0537
   4715.43    0.0041   -0.0346    0.0536
   4716.46    0.0041   -0.0347    0.0536
   4717.49    0.0041   -0.0347    0.0535
   4718.52    0.0041   -0.0347    0.0534
   4719.56    0.0041   -0.0347    0.0534
   4720.59    0.0040   -0.0347    0.0533
   4721.62    0.0040   -0.0348    0.0532
   4722.65    0.0040   -0.0348    0.0531
   4723.69    0.0040   -0.0348    0.0530
   4724.72    0.0040   -0.0348    0.0529
   4725.75    0.0040   -0.0348    0.0528
   4726.78    0.0040   -0.0348    0.0527
   4727.82    0.0040   -0.0348    0.0527
   4728.85    0.0040   -0.0348    0.0526
   4729.88    0.0040   -0.0347    0.0525
   4730.91    0.0040   -0.0347    0.0524
   4731.95    0.0039   -0.0347    0.0523
   4732.98    0.0039   -0.0347    0.0523
   4734.01    0.0039   -0.0346    0.0522
   4735.04    0.0039   -0.0346    0.0521
   4736.08    0.0039   -0.0346    0.0521
   4737.11    0.0039   -0.0346    0.0520
   4738.14    0.0039   -0.0345    0.0520
   4739.17    0.0039   -0.0345    0.0520
   4740.21    0.0039   -0.0345    0.0520
   4741.24    0.0039   -0.0345    0.0519
   4742.27    0.0039   -0.0344    0.0519
   4743.30    0.0039   -0.0344    0.0519
   4744.34    0.0039   -0.0344    0.0519
   4745.37    0.0039   -0.0344    0.0520
   4746.40    0.0039   -0.0344    0.0520
   4747.43    0.0039   -0.0343    0.0520
   4748.47    0.0039   -0.0343    0.0520
   4749.50    0.0039   -0.0343    0.0521
   4750.53    0.0039   -0.0343    0.0521
   4751.56    0.0039   -0.0343    0.0522
   4752.60    0.0039   -0.0343    0.0522
   4753.63    0.0039   -0.0343    0.0523
   4754.66    0.0039   -0.0344    0.0523
   4755.69    0.0039   -0.0344    0.0524
   4756.73    0.0039   -0.0344    0.0525
   4757.76    0.0039   -0.0344    0.0525
   4758.79    0.0040   -0.0345    0.0526
   4759.82    0.0040   -0.0345    0.0527
   4760.86    0.0040   -0.0345    0.0527
   4761.89    0.0040   -0.0346    0.0528
   4762.92    0.0040   -0.0346    0.0529
   4763.95    0.0040   -0.0346    0.0529
   4764.99    0.0040   -0.0347    0.0530
   4766.02    0.0040   -0.0347    0.0531
   4767.05    0.0040   -0.0348    0.0531
   4768.08    0.0040   -0.0348    0.0532
   4769.12    0.0041   -0.0349    0.0532
   4770.15    0.0041   -0.0350    0.0533
   4771.18    0.0041   -0.0350    0.0533
   4772.21    0.0041   -0.0351    0.0534
   4773.25    0.0041   -0.0351    0.0534
   4774.28    0.0041   -0.0352    0.0534
   4775.31    0.0041   -0.0352    0.0535
   4776.34    0.0041   -0.0353    0.0535
   4777.38    0.0041   -0.0353    0.0535
   4778.41    0.0041   -0.0354    0.0535
   4779.44    0.0041   -0.0354    0.0535
   4780.47    0.0041   -0.0355    0.0535
   4781.51    0.0041   -0.0355    0.0535
   4782.54    0.0041   -0.0355    0.0535
   4783.57    0.0041   -0.0356    0.0535
   4784.60    0.0041   -0.0356    0.0535
   4785.64    0.0041   -0.0356    0.0535
   4786.67    0.0041   -0.0357    0.0535
   4787.70    0.0041   -0.0357    0.0535
   4788.73    0.0041   -0.0357    0.0535
   4789.77    0.0041   -0.0357    0.0534
   4790.80    0.0041   -0.0357    0.0534
   4791.83    0.0041   -0.0357    0.0534
   4792.86    0.0041   -0.0357    0.0534
   4793.90    0.0041   -0.0357    0.0533
   4794.93    0.0041   -0.0357    0.0533
   4795.96    0.0041   -0.0357    0.0532
   4796.99    0.0041   -0.0357    0.0532
   4798.03    0.0041   -0.0357    0.0532
   4799.06    0.0041   -0.0357    0.0531
   4800.09    0.0041   -0.0356    0.0531
   4801.12    0.0041   -0.0356    0.0530
   4802.16    0.0041   -0.0356    0.0530
   4803.19    0.0041   -0.0355    0.0530
   4804.22    0.0041   -0.0355    0.0529
   4805.25    0.0041   -0.0354    0.0529
   4806.29    0.0040   -0.0354    0.0528
   4807.32    0.0040   -0.0353    0.0528
   4808.35    0.0040   -0.0353    0.0527
   4809.38    0.0040   -0.0352    0.0527
   4810.42    0.0040   -0.0351    0.0527
   4811.45    0.0040   -0.0351    0.0526
   4812.48    0.0040   -0.0350    0.0526
   4813.51    0.0040   -0.0349    0.0526
   4814.55    0.0040   -0.0349    0.0525
   4815.58    0.0040   -0.0348    0.0525
   4816.61    0.0040   -0.0347    0.0525
   4817.64    0.0040   -0.0346    0.0524
   4818.68    0.0039   -0.0346    0.0524
   4819.71    0.0039   -0.0345    0.0524
   4820.74    0.0039   -0.0344    0.0524
   4821.77    0.0039   -0.0343    0.0524
   4822.81    0.0039   -0.0343    0.0523
   4823.84    0.0039   -0.0342    0.0523
   4824.87    0.0039   -0.0341    0.0523
   4825.90    0.0039   -0.0341    0.0523
   4826.94    0.0039   -0.0340    0.0523
   4827.97    0.0039   -0.0339    0.0523
   4829.00    0.0039   -0.0339    0.0523
   4830.03    0.0039   -0.0338    0.0523
   4831.07    0.0039   -0.0338    0.0523
   4832.10    0.0039   -0.0337    0.0523
   4833.13    0.0039   -0.0336    0.0523
   4834.16    0.0039   -0.0336    0.0523
   4835.20    0.0039   -0.0336    0.0523
   4836.23    0.0039   -0.0335    0.0523
   4837.26    0.0039   -0.0335    0.0523
   4838.29    0.0038   -0.0334    0.0523
   4839.33    0.0038   -0.0334    0.0523
   4840.36    0.0038   -0.0334    0.0522
   4841.39    0.0038   -0.0334    0.0522
   4842.42    0.0038   -0.0334    0.0522
   4843.46    0.0038   -0.0333    0.0522
   4844.49    0.0038   -0.0333    0.0522
   4845.52    0.0038   -0.0333    0.0522
   4846.55    0.0038   -0.0333    0.0522
   4847.59    0.0038   -0.0333    0.0522
   4848.62    0.0038   -0.0333    0.0522
   4849.65    0.0038   -0.0333    0.0521
   4850.68    0.0038   -0.0334    0.0521
   4851.72    0.0038   -0.0334    0.0521
   4852.75    0.0038   -0.0334    0.0521
   4853.78    0.0038   -0.0334    0.0520
   4854.81    0.0038   -0.0334    0.0520
   4855.85    0.0038   -0.0334    0.0520
   4856.88    0.0038   -0.0335    0.0520
   4857.91    0.0038   -0.0335    0.0519
   4858.94    0.0038   -0.0335    0.0519
   4859.98    0.0038   -0.0335    0.0518
   4861.01    0.0038   -0.0335    0.0517
   4862.04    0.0038   -0.0335    0.0517
   4863.07    0.0038   -0.0336    0.0516
   4864.11    0.0038   -0.0336    0.0515
   4865.14    0.0038   -0.0336    0.0515
   4866.17    0.0038   -0.0336    0.0514
   4867.20    0.0038   -0.0336    0.0514
   4868.24    0.0038   -0.0336    0.0514
   4869.27    0.0038   -0.0337    0.0513
   4870.30    0.0038   -0.0337    0.0513
   4871.33    0.0038   -0.0337    0.0513
   4872.37    0.0038   -0.0337    0.0513
   4873.40    0.0038   -0.0338    0.0512
   4874.43    0.0038   -0.0338    0.0512
   4875.46    0.0038   -0.0338    0.0511
   4876.50    0.0037   -0.0338    0.0511
   4877.53    0.0037   -0.0338    0.0510
   4878.56    0.0037   -0.0338    0.0509
   4879.59    0.0037   -0.0338    0.0509
   4880.63    0.0037   -0.0338    0.0508
   4881.66    0.0037   -0.0338    0.0507
   4882.69    0.0037   -0.0338    0.0507
   4883.72    0.0037   -0.0338    0.0506
   4884.76    0.0037   -0.0338    0.0505
   4885.79    0.0037   -0.0338    0.0505
   4886.82    0.0037   -0.0338    0.0504
   4887.85    0.0037   -0.0339    0.0504
   4888.89    0.0037   -0.0339    0.0503
   4889.92    0.0037   -0.0339    0.0503
   4890.95    0.0037   -0.0339    0.0502
   4891.98    0.0037   -0.0339    0.0502
   4893.02    0.0037   -0.0340    0.0502
   4894.05    0.0037   -0.0340    0.0501
   4895.08    0.0037   -0.0340    0.0501
   4896.11    0.0037   -0.0340    0.0500
   4897.15    0.0037   -0.0340    0.0500
   4898.18    0.0036   -0.0340    0.0499
   4899.21    0.0036   -0.0340    0.0498
   4900.24    0.0036   -0.0340    0.0498
   4901.28    0.0036   -0.0340    0.0497
   4902.31    0.0036   -0.0340    0.0496
   4903.34    0.0036   -0.0340    0.0496
   4904.37    0.0036   -0.0340    0.0495
   4905.41    0.0036   -0.0340    0.0494
   4906.44    0.0036   -0.0339    0.0493
   4907.47    0.0036   -0.0339    0.0493
   4908.50    0.0036   -0.0339    0.0492
   4909.54    0.0036   -0.0339    0.0491
   4910.57    0.0036   -0.0339    0.0491
   4911.60    0.0035   -0.0339    0.0490
   4912.63    0.0035   -0.0338    0.0489
   4913.67    0.0035   -0.0338    0.0489
   4914.70    0.0035   -0.0338    0.0488
   4915.73    0.0035   -0.0338    0.0487
   4916.76    0.0035   -0.0338    0.0487
   4917.80    0.0035   -0.0338    0.0486
   4918.83    0.0035   -0.0339    0.0485
   4919.86    0.0035   -0.0339    0.0485
   4920.89    0.0035   -0.0339    0.0484
   4921.93    0.0035   -0.0339    0.0483
   4922.96    0.0035   -0.0339    0.0483
   4923.99    0.0035   -0.0339    0.0482
   4925.02    0.0035   -0.0339    0.0481
   4926.06    0.0035   -0.0339    0.0480
   4927.09    0.0035   -0.0339    0.0480
   4928.12    0.0034   -0.0339    0.0479
   4929.15    0.0034   -0.0339    0.0478
   4930.19    0.0034   -0.0339    0.0477
   4931.22    0.0034   -0.0339    0.0477
   4932.25    0.0034   -0.0339    0.0476
   4933.28    0.0034   -0.0339    0.0475
   4934.32    0.0034   -0.0338    0.0474
   4935.35    0.0034   -0.0338    0.0473
   4936.38    0.0034   -0.0338    0.0473
   4937.41    0.0034   -0.0337    0.0472
   4938.45    0.0034   -0.0337    0.0471
   4939.48    0.0033   -0.0336    0.0471
   4940.51    0.0033   -0.0336    0.0470
   4941.54    0.0033   -0.0335    0.0469
   4942.58    0.0033   -0.0335    0.0469
   4943.61    0.0033   -0.0334    0.0468
   4944.64    0.0033   -0.0334    0.0467
   4945.67    0.0033   -0.0333    0.0467
   4946.71    0.0033   -0.0333    0.0466
   4947.74    0.0033   -0.0332    0.0465
   4948.77    0.0033   -0.0332    0.0465
   4949.80    0.0033   -0.0332    0.0464
   4950.84    0.0032   -0.0331    0.0463
   4951.87    0.0032   -0.0331    0.0462
   4952.90    0.0032   -0.0331    0.0461
   4953.93    0.0032   -0.0331    0.0461
   4954.97    0.0032   -0.0330    0.0460
   4956.00    0.0032   -0.0330    0.0459
   4957.03    0.0032   -0.0330    0.0458
   4958.06    0.0032   -0.0330    0.0457
   4959.10    0.0032   -0.0330    0.0456
   4960.13    0.0032   -0.0329    0.0455
   4961.16    0.0031   -0.0329    0.0454
   4962.19    0.0031   -0.0329    0.0453
   4963.23    0.0031   -0.0329    0.0452
   4964.26    0.0031   -0.0328    0.0451
   4965.29    0.0031   -0.0328    0.0450
   4966.32    0.0031   -0.0328    0.0449
   4967.36    0.0031   -0.0327    0.0448
   4968.39    0.0031   -0.0327    0.0446
   4969.42    0.0031   -0.0327    0.0446
   4970.45    0.0030   -0.0326    0.0445
   4971.49    0.0030   -0.0326    0.0444
   4972.52    0.0030   -0.0325    0.0443
   4973.55    0.0030   -0.0325    0.0442
   4974.58    0.0030   -0.0324    0.0441
   4975.62    0.0030   -0.0324    0.0440
   4976.65    0.0030   -0.0323    0.0440
   4977.68    0.0030   -0.0323    0.0439
   4978.71    0.0030   -0.0322    0.0438
   4979.75    0.0030   -0.0322    0.0438
   4980.78    0.0029   -0.0321    0.0437
   4981.81    0.0029   -0.0321    0.0436
   4982.84    0.0029   -0.0320    0.0436
   4983.88    0.0029   -0.0320    0.0435
   4984.91    0.0029   -0.0319    0.0435
   4985.94    0.0029   -0.0319    0.0434
   4986.97    0.0029   -0.0318    0.0434
   4988.01    0.0029   -0.0318    0.0433
   4989.04    0.0029   -0.0318    0.0432
   4990.07    0.0029   -0.0317    0.0432
   4991.10    0.0029   -0.0317    0.0431
   4992.14    0.0028   -0.0316    0.0430
   4993.17    0.0028   -0.0316    0.0429
   4994.20    0.0028   -0.0315    0.0428
   4995.23    0.0028   -0.0315    0.0427
   4996.27    0.0028   -0.0314    0.0426
   4997.30    0.0028   -0.0314    0.0425
   4998.33    0.0028   -0.0313    0.0424
   4999.36    0.0028   -0.0313    0.0423
   5000.40    0.0028   -0.0312    0.0422
   5001.43    0.0027   -0.0312    0.0421
   5002.46    0.0027   -0.0311    0.0419
   5003.49    0.0027   -0.0310    0.0418
   5004.53    0.0027   -0.0310    0.0417
   5005.56    0.0027   -0.0309    0.0416
   5006.59    0.0027   -0.0309    0.0414
   5007.62    0.0027   -0.0308    0.0413
   5008.66    0.0026   -0.0307    0.0412
   5009.69    0.0026   -0.0307    0.0411
   5010.72    0.0026   -0.0306    0.0410
   5011.75    0.0026   -0.0306    0.0409
   5012.79    0.0026   -0.0305    0.0408
   5013.82    0.0026   -0.0305    0.0407
   5014.85    0.0026   -0.0304    0.0406
   5015.88    0.0026   -0.0304    0.0405
   5016.92    0.0026   -0.0304    0.0405
   5017.95    0.0026   -0.0303    0.0404
   5018.98    0.0025   -0.0303    0.0403
   5020.01    0.0025   -0.0303    0.0402
   5021.05    0.0025   -0.0303    0.0401
   5022.08    0.0025   -0.0302    0.0401
   5023.11    0.0025   -0.0302    0.0400
   5024.14    0.0025   -0.0302    0.0399
   5025.18    0.0025   -0.0302    0.0398
   5026.21    0.0025   -0.0301    0.0397
   5027.24    0.0025   -0.0301    0.0396
   5028.27    0.0025   -0.0301    0.0395
   5029.31    0.0025   -0.0300    0.0394
   5030.34    0.0024   -0.0300    0.0393
   5031.37    0.0024   -0.0299    0.0392
   5032.40    0.0024   -0.0298    0.0391
   5033.44    0.0024   -0.0298    0.0389
   5034.47    0.0024   -0.0297    0.0388
   5035.50    0.0024   -0.0296    0.0387
   5036.53    0.0024   -0.0296    0.0386
   5037.57    0.0023   -0.0295    0.0385
   5038.60    0.0023   -0.0294    0.0383
   5039.63    0.0023   -0.0294    0.0382
   5040.66    0.0023   -0.0293    0.0381
   5041.70    0.0023   -0.0293    0.0380
   5042.73    0.0023   -0.0292    0.0379
   5043.76    0.0023   -0.0292    0.0378
   5044.79    0.0023   -0.0292    0.0376
   5045.83    0.0023   -0.0292    0.0375
   5046.86    0.0023   -0.0292    0.0374
   5047.89    0.0022   -0.0292    0.0373
   5048.92    0.0022   -0.0292    0.0372
   5049.96    0.0022   -0.0292    0.0370
   5050.99    0.0022   -0.0292    0.0369
   5052.02    0.0022   -0.0292    0.0368
   5053.05    0.0022   -0.0291    0.0367
   5054.09    0.0022   -0.0291    0.0365
   5055.12    0.0022   -0.0291    0.0364
   5056.15    0.0022   -0.0290    0.0363
   5057.18    0.0021   -0.0289    0.0362
   5058.22    0.0021   -0.0289    0.0361
   5059.25    0.0021   -0.0288    0.0360
   5060.28    0.0021   -0.0287    0.0359
   5061.31    0.0021   -0.0287    0.0358
   5062.35    0.0021   -0.0286    0.0357
   5063.38    0.0021   -0.0286    0.0355
   5064.41    0.0021   -0.0285    0.0354
   5065.44    0.0021   -0.0285    0.0353
   5066.48    0.0020   -0.0285    0.0352
   5067.51    0.0020   -0.0285    0.0350
   5068.54    0.0020   -0.0285    0.0349
   5069.57    0.0020   -0.0285    0.0348
   5070.61    0.0020   -0.0285    0.0346
   5071.64    0.0020   -0.0285    0.0345
   5072.67    0.0020   -0.0284    0.0344
   5073.70    0.0020   -0.0284    0.0342
   5074.74    0.0020   -0.0283    0.0341
   5075.77    0.0020   -0.0283    0.0340
   5076.80    0.0019   -0.0282    0.0339
   5077.83    0.0019   -0.0282    0.0338
   5078.87    0.0019   -0.0281    0.0337
   5079.90    0.0019   -0.0281    0.0336
   5080.93    0.0019   -0.0280    0.0335
   5081.96    0.0019   -0.0280    0.0334
   5083.00    0.0019   -0.0279    0.0333
   5084.03    0.0019   -0.0278    0.0331
   5085.06    0.0019   -0.0277    0.0330
   5086.09    0.0018   -0.0277    0.0329
   5087.13    0.0018   -0.0276    0.0328
   5088.16    0.0018   -0.0275    0.0327
   5089.19    0.0018   -0.0274    0.0325
   5090.22    0.0018   -0.0273    0.0324
   5091.26    0.0018   -0.0272    0.0323
   5092.29    0.0018   -0.0271    0.0322
   5093.32    0.0018   -0.0270    0.0321
   5094.35    0.0017   -0.0268    0.0320
   5095.39    0.0017   -0.0267    0.0319
   5096.42    0.0017   -0.0266    0.0318
   5097.45    0.0017   -0.0265    0.0317
   5098.48    0.0017   -0.0263    0.0316
   5099.52    0.0017   -0.0262    0.0315
   5100.55    0.0017   -0.0261    0.0314
   5101.58    0.0017   -0.0259    0.0313
   5102.61    0.0016   -0.0258    0.0312
   5103.65    0.0016   -0.0257    0.0311
   5104.68    0.0016   -0.0255    0.0310
   5105.71    0.0016   -0.0254    0.0310
   5106.74    0.0016   -0.0253    0.0309
   5107.78    0.0016   -0.0251    0.0308
   5108.81    0.0016   -0.0250    0.0307
   5109.84    0.0016   -0.0249    0.0306
   5110.87    0.0015   -0.0248    0.0306
   5111.91    0.0015   -0.0246    0.0305
   5112.94    0.0015   -0.0245    0.0304
   5113.97    0.0015   -0.0244    0.0303
   5115.00    0.0015   -0.0243    0.0302
   5116.04    0.0015   -0.0243    0.0301
   5117.07    0.0015   -0.0242    0.0300
   5118.10    0.0015   -0.0241    0.0299
   5119.13    0.0015   -0.0240    0.0298
   5120.17    0.0015   -0.0240    0.0296
   5121.20    0.0014   -0.0239    0.0295
   5122.23    0.0014   -0.0239    0.0294
   5123.26    0.0014   -0.0239    0.0292
   5124.30    0.0014   -0.0238    0.0291
   5125.33    0.0014   -0.0238    0.0289
   5126.36    0.0014   -0.0238    0.0288
   5127.39    0.0014   -0.0238    0.0286
   5128.43    0.0014   -0.0238    0.0284
   5129.46    0.0014   -0.0238    0.0282
   5130.49    0.0014   -0.0238    0.0280
   5131.52    0.0013   -0.0238    0.0278
   5132.56    0.0013   -0.0239    0.0276
   5133.59    0.0013   -0.0239    0.0274
   5134.62    0.0013   -0.0239    0.0271
   5135.65    0.0013   -0.0240    0.0269
   5136.69    0.0013   -0.0240    0.0266
   5137.72    0.0013   -0.0241    0.0264
   5138.75    0.0013   -0.0241    0.0261
   5139.78    0.0013   -0.0242    0.0259
   5140.82    0.0012   -0.0242    0.0256
   5141.85    0.0012   -0.0243    0.0254
   5142.88    0.0012   -0.0244    0.0251
   5143.91    0.0012   -0.0245    0.0249
   5144.95    0.0012   -0.0245    0.0246
   5145.98    0.0012   -0.0246    0.0244
   5147.01    0.0012   -0.0247    0.0242
   5148.04    0.0012   -0.0248    0.0240
   5149.08    0.0012   -0.0248    0.0238
   5150.11    0.0012   -0.0249    0.0237
   5151.14    0.0012   -0.0250    0.0235
   5152.17    0.0012   -0.0251    0.0234
   5153.21    0.0012   -0.0252    0.0233
   5154.24    0.0012   -0.0253    0.0233
   5155.27    0.0012   -0.0253    0.0232
   5156.30    0.0012   -0.0254    0.0232
   5157.34    0.0012   -0.0255    0.0232
   5158.37    0.0012   -0.0255    0.0232
   5159.40    0.0012   -0.0255    0.0232
   5160.43    0.0012   -0.0256    0.0233
   5161.47    0.0012   -0.0256    0.0233
   5162.50    0.0012   -0.0256    0.0233
   5163.53    0.0012   -0.0256    0.0233
   5164.56    0.0012   -0.0256    0.0233
   5165.60    0.0012   -0.0256    0.0233
   5166.63    0.0012   -0.0255    0.0232
   5167.66    0.0012   -0.0255    0.0231
   5168.69    0.0012   -0.0254    0.0230
   5169.73    0.0012   -0.0254    0.0228
   5170.76    0.0012   -0.0253    0.0226
   5171.79    0.0011   -0.0253    0.0224
   5172.82    0.0011   -0.0252    0.0222
   5173.86    0.0011   -0.0252    0.0219
   5174.89    0.0011   -0.0252    0.0217
   5175.92    0.0011   -0.0253    0.0216
   5176.95    0.0011   -0.0253    0.0214
   5177.99    0.0011   -0.0254    0.0213
   5179.02    0.0011   -0.0255    0.0213
   5180.05    0.0011   -0.0256    0.0212
   5181.08    0.0011   -0.0258    0.0213
   5182.12    0.0011   -0.0259    0.0213
   5183.15    0.0011   -0.0259    0.0213
   5184.18    0.0011   -0.0260    0.0214
   5185.21    0.0011   -0.0259    0.0214
   5186.25    0.0011   -0.0259    0.0213
   5187.28    0.0011   -0.0258    0.0212
   5188.31    0.0011   -0.0257    0.0211
   5189.34    0.0011   -0.0256    0.0210
   5190.38    0.0011   -0.0255    0.0209
   5191.41    0.0011   -0.0254    0.0208
   5192.44    0.0011   -0.0253    0.0207
   5193.47    0.0011   -0.0253    0.0207
   5194.51    0.0011   -0.0252    0.0206
   5195.54    0.0011   -0.0251    0.0205
   5196.57    0.0010   -0.0251    0.0205
   5197.60    0.0010   -0.0250    0.0204
   5198.64    0.0010   -0.0250    0.0204
   5199.67    0.0010   -0.0249    0.0203
   5200.70    0.0010   -0.0248    0.0203
   5201.73    0.0010   -0.0247    0.0203
   5202.77    0.0010   -0.0246    0.0202
   5203.80    0.0010   -0.0245    0.0202
   5204.83    0.0010   -0.0244    0.0201
   5205.86    0.0010   -0.0242    0.0201
   5206.90    0.0010   -0.0241    0.0200
   5207.93    0.0010   -0.0240    0.0200
   5208.96    0.0010   -0.0240    0.0199
   5209.99    0.0010   -0.0239    0.0199
   5211.03    0.0010   -0.0239    0.0199
   5212.06    0.0010   -0.0238    0.0199
   5213.09    0.0010   -0.0238    0.0199
   5214.12    0.0010   -0.0237    0.0199
   5215.16    0.0010   -0.0237    0.0199
   5216.19    0.0010   -0.0236    0.0200
   5217.22    0.0009   -0.0235    0.0200
   5218.25    0.0009   -0.0234    0.0200
   5219.29    0.0009   -0.0232    0.0199
   5220.32    0.0009   -0.0231    0.0199
   5221.35    0.0009   -0.0230    0.0199
   5222.38    0.0009   -0.0229    0.0199
   5223.42    0.0009   -0.0229    0.0199
   5224.45    0.0009   -0.0228    0.0200
   5225.48    0.0010   -0.0229    0.0207
   5226.51    0.0010   -0.0233    0.0222
   5227.55    0.0012   -0.0239    0.0244
   5228.58    0.0014   -0.0248    0.0272
   5229.61    0.0016   -0.0259    0.0306
   5230.64    0.0019   -0.0270    0.0341
   5231.68    0.0022   -0.0282    0.0374
   5232.71    0.0025   -0.0291    0.0403
   5233.74    0.0027   -0.0297    0.0425
   5234.77    0.0028   -0.0300    0.0441
   5235.81    0.0029   -0.0300    0.0452
   5236.84    0.0030   -0.0299    0.0464
   5237.87    0.0032   -0.0299    0.0477
   5238.90    0.0033   -0.0299    0.0494
   5239.94    0.0036   -0.0301    0.0516
   5240.97    0.0038   -0.0304    0.0540
   5242.00    0.0041   -0.0307    0.0563
   5243.03    0.0043   -0.0308    0.0582
   5244.07    0.0045   -0.0306    0.0593
   5245.10    0.0045   -0.0300    0.0596
   5246.13    0.0043   -0.0289    0.0591
   5247.16    0.0041   -0.0276    0.0580
   5248.20    0.0039   -0.0260    0.0567
   5249.23    0.0037   -0.0245    0.0557
   5250.26    0.0036   -0.0232    0.0553
   5251.29    0.0036   -0.0222    0.0555
   5252.33    0.0036   -0.0214    0.0563
   5253.36    0.0037   -0.0209    0.0575
   5254.39    0.0038   -0.0204    0.0585
   5255.42    0.0039   -0.0198    0.0591
   5256.46    0.0038   -0.0189    0.0587
   5257.49    0.0036   -0.0177    0.0574
