     #Time      Norm      Real      Imag
   5207.93    0.0000    0.0000   -0.0000
   5208.96    0.0000    0.0000   -0.0000
   5209.99    0.0000    0.0000   -0.0000
   5211.03    0.0000    0.0000   -0.0000
   5212.06    0.0000    0.0000   -0.0000
   5213.09    0.0000    0.0000   -0.0000
   5214.12    0.0000    0.0001    0.0000
   5215.16    0.0000    0.0001    0.0000
   5216.19    0.0000    0.0001    0.0000
   5217.22    0.0000    0.0001    0.0001
   5218.25    0.0000    0.0001    0.0001
   5219.29    0.0000    0.0001    0.0001
   5220.32    0.0000    0.0001    0.0001
   5221.35    0.0000    0.0001    0.0001
   5222.38    0.0000    0.0000    0.0001
   5223.42    0.0000    0.0000    0.0001
   5224.45    0.0000    0.0000    0.0001
   5225.48    0.0000    0.0000    0.0001
   5226.51    0.0000    0.0000    0.0001
   5227.55    0.0000    0.0000    0.0001
   5228.58    0.0000   -0.0000    0.0001
   5229.61    0.0000   -0.0000    0.0001
   5230.64    0.0000   -0.0001    0.0001
   5231.68    0.0000   -0.0001    0.0001
   5232.71    0.0000   -0.0001    0.0001
   5233.74    0.0000   -0.0001    0.0001
   5234.77    0.0000   -0.0002    0.0001
   5235.81    0.0000   -0.0002    0.0001
   5236.84    0.0000   -0.0001    0.0001
   5237.87    0.0000   -0.0001    0.0001
   5238.90    0.0000   -0.0001    0.0001
   5239.94    0.0000   -0.0001    0.0001
   5240.97    0.0000   -0.0001    0.0001
   5242.00    0.0000   -0.0001    0.0001
   5243.03    0.0000   -0.0001    0.0001
   5244.07    0.0000   -0.0001    0.0001
   5245.10    0.0000   -0.0001    0.0001
   5246.13    0.0000   -0.0001    0.0001
   5247.16    0.0000   -0.0001    0.0001
   5248.20    0.0000   -0.0001    0.0001
   5249.23    0.0000   -0.0002    0.0001
   5250.26    0.0000   -0.0002    0.0001
   5251.29    0.0000   -0.0002    0.0001
   5252.33    0.0000   -0.0002    0.0001
   5253.36    0.0000   -0.0002    0.0001
   5254.39    0.0000   -0.0002    0.0001
   5255.42    0.0000   -0.0002    0.0001
   5256.46    0.0000   -0.0003    0.0001
   5257.49    0.0000   -0.0003    0.0001
   5258.52    0.0000   -0.0003    0.0000
   5259.55    0.0000   -0.0004    0.0000
   5260.59    0.0000   -0.0004    0.0000
   5261.62    0.0000   -0.0004    0.0000
   5262.65    0.0000   -0.0004    0.0000
   5263.68    0.0000   -0.0004    0.0000
   5264.72    0.0000   -0.0005    0.0000
   5265.75    0.0000   -0.0005    0.0000
   5266.78    0.0000   -0.0005    0.0000
   5267.81    0.0000   -0.0004    0.0000
   5268.85    0.0000   -0.0004   -0.0000
   5269.88    0.0000   -0.0004   -0.0000
   5270.91    0.0000   -0.0004   -0.0001
   5271.94    0.0000   -0.0004   -0.0001
   5272.98    0.0000   -0.0004   -0.0001
   5274.01    0.0000   -0.0004   -0.0001
   5275.04    0.0000   -0.0004   -0.0002
   5276.07    0.0000   -0.0003   -0.0001
   5277.11    0.0000   -0.0003   -0.0001
   5278.14    0.0000   -0.0002   -0.0001
   5279.17    0.0000   -0.0002   -0.0001
   5280.20    0.0000   -0.0002   -0.0001
   5281.24    0.0000   -0.0001   -0.0001
   5282.27    0.0000   -0.0001   -0.0001
   5283.30    0.0000   -0.0001   -0.0000
   5284.33    0.0000   -0.0001   -0.0000
   5285.37    0.0000   -0.0001   -0.0000
   5286.40    0.0000   -0.0001   -0.0000
   5287.43    0.0000   -0.0001    0.0000
   5288.46    0.0000   -0.0001    0.0000
   5289.50    0.0000   -0.0001    0.0001
   5290.53    0.0000   -0.0001    0.0001
   5291.56    0.0000   -0.0001    0.0002
   5292.59    0.0000   -0.0000    0.0003
   5293.63    0.0000   -0.0000    0.0003
   5294.66    0.0000   -0.0000    0.0004
   5295.69    0.0000   -0.0000    0.0005
   5296.72    0.0000   -0.0000    0.0006
   5297.76    0.0000   -0.0000    0.0006
   5298.79    0.0000   -0.0000    0.0007
   5299.82    0.0000   -0.0001    0.0007
   5300.85    0.0000   -0.0001    0.0008
   5301.89    0.0000   -0.0001    0.0009
   5302.92    0.0000   -0.0001    0.0009
   5303.95    0.0000   -0.0001    0.0010
   5304.98    0.0000   -0.0001    0.0010
   5306.02    0.0000   -0.0002    0.0011
   5307.05    0.0000   -0.0002    0.0011
   5308.08    0.0000   -0.0002    0.0011
   5309.11    0.0000   -0.0002    0.0012
