     #Time      Norm      Real      Imag
   5036.53    0.0000   -0.0000    0.0000
   5037.57    0.0000   -0.0000    0.0000
   5038.60    0.0000   -0.0000    0.0000
   5039.63    0.0000   -0.0000   -0.0000
   5040.66    0.0000    0.0000   -0.0000
   5041.70    0.0000    0.0000   -0.0000
   5042.73    0.0000    0.0000   -0.0000
   5043.76    0.0000    0.0000    0.0000
   5044.79    0.0000    0.0000    0.0000
   5045.83    0.0000   -0.0000    0.0000
   5046.86    0.0000   -0.0000    0.0000
   5047.89    0.0000   -0.0000    0.0000
   5048.92    0.0000   -0.0001    0.0000
   5049.96    0.0000   -0.0001    0.0000
   5050.99    0.0000   -0.0000   -0.0000
   5052.02    0.0000   -0.0000   -0.0000
   5053.05    0.0000    0.0000   -0.0000
   5054.09    0.0000    0.0000   -0.0000
   5055.12    0.0000    0.0000   -0.0000
   5056.15    0.0000    0.0001    0.0000
   5057.18    0.0000    0.0000    0.0000
   5058.22    0.0000    0.0000    0.0000
   5059.25    0.0000    0.0000    0.0000
   5060.28    0.0000   -0.0000    0.0000
   5061.31    0.0000   -0.0000    0.0000
   5062.35    0.0000   -0.0000    0.0000
   5063.38    0.0000   -0.0000   -0.0000
   5064.41    0.0000   -0.0000   -0.0000
   5065.44    0.0000    0.0000   -0.0000
   5066.48    0.0000    0.0000   -0.0000
   5067.51    0.0000    0.0000   -0.0000
   5068.54    0.0000    0.0001    0.0000
   5069.57    0.0000    0.0001    0.0000
   5070.61    0.0000    0.0001    0.0000
   5071.64    0.0000    0.0000    0.0000
   5072.67    0.0000    0.0000    0.0000
   5073.70    0.0000    0.0000    0.0000
   5074.74    0.0000    0.0000    0.0000
   5075.77    0.0000   -0.0000   -0.0000
   5076.80    0.0000   -0.0000   -0.0000
   5077.83    0.0000    0.0000   -0.0000
   5078.87    0.0000    0.0000   -0.0000
   5079.90    0.0000    0.0000   -0.0000
   5080.93    0.0000    0.0000    0.0000
   5081.96    0.0000    0.0000    0.0000
   5083.00    0.0000    0.0000    0.0000
   5084.03    0.0000    0.0000    0.0000
   5085.06    0.0000    0.0000    0.0000
   5086.09    0.0000    0.0000    0.0000
   5087.13    0.0000    0.0000    0.0000
   5088.16    0.0000   -0.0000    0.0000
   5089.19    0.0000   -0.0000    0.0000
   5090.22    0.0000   -0.0000    0.0000
   5091.26    0.0000   -0.0000    0.0000
   5092.29    0.0000   -0.0000    0.0000
   5093.32    0.0000    0.0000   -0.0000
   5094.35    0.0000    0.0000   -0.0000
   5095.39    0.0000    0.0000   -0.0000
   5096.42    0.0000    0.0000   -0.0000
   5097.45    0.0000    0.0001   -0.0000
   5098.48    0.0000    0.0000    0.0000
   5099.52    0.0000    0.0000    0.0000
   5100.55    0.0000    0.0000    0.0000
   5101.58    0.0000    0.0000    0.0000
   5102.61    0.0000   -0.0000    0.0000
   5103.65    0.0000   -0.0000    0.0000
   5104.68    0.0000   -0.0000    0.0000
   5105.71    0.0000   -0.0000    0.0000
   5106.74    0.0000   -0.0000    0.0000
   5107.78    0.0000   -0.0000   -0.0000
   5108.81    0.0000    0.0000   -0.0000
   5109.84    0.0000    0.0000   -0.0000
   5110.87    0.0000    0.0000   -0.0000
   5111.91    0.0000    0.0000   -0.0000
   5112.94    0.0000    0.0000   -0.0000
   5113.97    0.0000    0.0001    0.0000
   5115.00    0.0000    0.0001    0.0000
   5116.04    0.0000    0.0001    0.0001
   5117.07    0.0000    0.0000    0.0001
   5118.10    0.0000    0.0000    0.0001
   5119.13    0.0000    0.0000    0.0001
   5120.17    0.0000   -0.0000    0.0001
   5121.20    0.0000   -0.0000    0.0000
   5122.23    0.0000   -0.0000    0.0000
   5123.26    0.0000   -0.0001    0.0000
   5124.30    0.0000   -0.0001   -0.0000
   5125.33    0.0000   -0.0000   -0.0000
   5126.36    0.0000   -0.0000   -0.0000
   5127.39    0.0000   -0.0000   -0.0000
   5128.43    0.0000    0.0000   -0.0000
   5129.46    0.0000    0.0000   -0.0000
   5130.49    0.0000    0.0000   -0.0000
   5131.52    0.0000    0.0000   -0.0000
   5132.56    0.0000    0.0000   -0.0000
   5133.59    0.0000    0.0000    0.0000
   5134.62    0.0000    0.0000    0.0000
   5135.65    0.0000    0.0000    0.0000
   5136.69    0.0000   -0.0000    0.0001
   5137.72    0.0000   -0.0000    0.0001
   5138.75    0.0000   -0.0000    0.0001
   5139.78    0.0000   -0.0000    0.0001
   5140.82    0.0000   -0.0000    0.0001
   5141.85    0.0000   -0.0000    0.0000
   5142.88    0.0000   -0.0000    0.0000
   5143.91    0.0000   -0.0000   -0.0000
   5144.95    0.0000   -0.0000   -0.0000
   5145.98    0.0000   -0.0000   -0.0001
   5147.01    0.0000   -0.0000   -0.0001
   5148.04    0.0000   -0.0000   -0.0000
   5149.08    0.0000    0.0000   -0.0000
   5150.11    0.0000    0.0000   -0.0000
   5151.14    0.0000    0.0001    0.0000
   5152.17    0.0000    0.0001    0.0000
   5153.21    0.0000    0.0001    0.0000
   5154.24    0.0000    0.0001    0.0000
   5155.27    0.0000    0.0001    0.0000
   5156.30    0.0000    0.0000    0.0000
   5157.34    0.0000    0.0000    0.0000
   5158.37    0.0000   -0.0000    0.0000
   5159.40    0.0000   -0.0000    0.0000
   5160.43    0.0000   -0.0000   -0.0000
   5161.47    0.0000   -0.0000   -0.0000
   5162.50    0.0000   -0.0000   -0.0000
   5163.53    0.0000   -0.0000   -0.0000
   5164.56    0.0000   -0.0000   -0.0001
   5165.60    0.0000    0.0000   -0.0001
   5166.63    0.0000    0.0000   -0.0000
   5167.66    0.0000    0.0000   -0.0000
   5168.69    0.0000    0.0000   -0.0000
   5169.73    0.0000    0.0000    0.0000
   5170.76    0.0000    0.0000    0.0000
   5171.79    0.0000    0.0000    0.0000
   5172.82    0.0000    0.0000    0.0000
   5173.86    0.0000   -0.0000    0.0000
   5174.89    0.0000   -0.0000    0.0000
   5175.92    0.0000   -0.0000   -0.0000
   5176.95    0.0000   -0.0000   -0.0000
   5177.99    0.0000   -0.0000   -0.0000
   5179.02    0.0000   -0.0000   -0.0000
   5180.05    0.0000   -0.0000   -0.0000
   5181.08    0.0000    0.0000   -0.0000
   5182.12    0.0000    0.0000    0.0000
   5183.15    0.0000    0.0000    0.0000
   5184.18    0.0000    0.0000    0.0000
   5185.21    0.0000    0.0000    0.0000
   5186.25    0.0000    0.0000    0.0000
   5187.28    0.0000   -0.0000    0.0000
   5188.31    0.0000   -0.0000   -0.0000
   5189.34    0.0000   -0.0000   -0.0000
   5190.38    0.0000   -0.0000   -0.0001
   5191.41    0.0000   -0.0000   -0.0000
   5192.44    0.0000   -0.0000   -0.0000
   5193.47    0.0000    0.0000   -0.0000
   5194.51    0.0000    0.0000    0.0000
   5195.54    0.0000   -0.0000    0.0000
   5196.57    0.0000   -0.0000    0.0000
   5197.60    0.0000   -0.0000    0.0000
   5198.64    0.0000   -0.0001    0.0000
   5199.67    0.0000   -0.0001   -0.0000
   5200.70    0.0000   -0.0000   -0.0000
   5201.73    0.0000   -0.0000   -0.0000
   5202.77    0.0000    0.0000    0.0000
   5203.80    0.0000    0.0000    0.0000
   5204.83    0.0000    0.0000    0.0000
   5205.86    0.0000    0.0000    0.0000
   5206.90    0.0000    0.0000    0.0000
   5207.93    0.0000   -0.0000    0.0000
   5208.96    0.0000   -0.0000   -0.0000
   5209.99    0.0000   -0.0000   -0.0000
   5211.03    0.0000   -0.0000   -0.0001
   5212.06    0.0000   -0.0000   -0.0001
   5213.09    0.0000    0.0000   -0.0000
   5214.12    0.0000    0.0000   -0.0000
   5215.16    0.0000    0.0000    0.0000
   5216.19    0.0000    0.0000    0.0000
   5217.22    0.0000    0.0000    0.0000
   5218.25    0.0000    0.0000    0.0000
   5219.29    0.0000   -0.0000   -0.0000
   5220.32    0.0000   -0.0000   -0.0000
   5221.35    0.0000   -0.0000   -0.0000
   5222.38    0.0000   -0.0000   -0.0000
   5223.42    0.0000   -0.0000   -0.0000
   5224.45    0.0000    0.0000   -0.0000
   5225.48    0.0000    0.0000   -0.0000
   5226.51    0.0000    0.0000   -0.0000
   5227.55    0.0000    0.0000   -0.0000
   5228.58    0.0000   -0.0000   -0.0000
   5229.61    0.0000   -0.0000   -0.0000
   5230.64    0.0000   -0.0000   -0.0000
   5231.68    0.0000   -0.0000   -0.0000
   5232.71    0.0000    0.0000   -0.0000
   5233.74    0.0000    0.0000   -0.0000
   5234.77    0.0000    0.0000    0.0000
   5235.81    0.0000    0.0000    0.0000
   5236.84    0.0000   -0.0000    0.0000
   5237.87    0.0000   -0.0000    0.0000
   5238.90    0.0000   -0.0000    0.0000
   5239.94    0.0000   -0.0000    0.0000
   5240.97    0.0000   -0.0000    0.0000
