     #Time      Norm      Real      Imag
   3919.37    0.0000    0.0000   -0.0000
   3919.37    0.0000    0.0000   -0.0000
   3920.40    0.0000    0.0000   -0.0000
   3921.43    0.0000    0.0000   -0.0000
   3922.47    0.0000    0.0000   -0.0000
   3923.50    0.0000    0.0000   -0.0000
   3924.53    0.0000    0.0000   -0.0000
   3925.56    0.0000    0.0000   -0.0000
   3926.60    0.0000    0.0000   -0.0000
   3927.63    0.0000    0.0000   -0.0000
   3928.66    0.0000    0.0000   -0.0000
   3929.69    0.0000    0.0000   -0.0000
   3930.73    0.0000    0.0000   -0.0000
   3931.76    0.0000    0.0000   -0.0000
   3932.79    0.0000    0.0000   -0.0000
   3933.82    0.0000    0.0000   -0.0000
   3934.86    0.0000    0.0000   -0.0000
   3935.89    0.0000    0.0000   -0.0000
   3936.92    0.0000    0.0000   -0.0000
   3937.95    0.0000    0.0000   -0.0000
   3938.99    0.0000    0.0000   -0.0000
   3940.02    0.0000    0.0000   -0.0000
   3941.05    0.0000    0.0000   -0.0000
   3942.08    0.0000    0.0000   -0.0000
   3943.12    0.0000    0.0000   -0.0000
   3944.15    0.0000    0.0000   -0.0000
   3945.18    0.0000    0.0000   -0.0000
   3946.21    0.0000    0.0000   -0.0000
   3947.25    0.0000    0.0000   -0.0000
   3948.28    0.0000    0.0000   -0.0000
   3949.31    0.0000    0.0000   -0.0000
   3950.34    0.0000    0.0000   -0.0000
   3951.38    0.0000    0.0000   -0.0000
   3952.41    0.0000    0.0000   -0.0000
   3953.44    0.0000    0.0000   -0.0000
   3954.47    0.0000    0.0000   -0.0000
   3955.51    0.0000    0.0000   -0.0000
   3956.54    0.0000    0.0000   -0.0000
   3957.57    0.0000    0.0000   -0.0000
   3958.60    0.0000    0.0000   -0.0000
   3959.64    0.0000    0.0000   -0.0000
   3960.67    0.0000    0.0000   -0.0000
   3961.70    0.0000    0.0000   -0.0000
   3962.73    0.0000    0.0000   -0.0000
   3963.77    0.0000    0.0000   -0.0000
   3964.80    0.0000    0.0000   -0.0000
   3965.83    0.0000    0.0000   -0.0000
   3966.86    0.0000    0.0000   -0.0000
   3967.90    0.0000    0.0000   -0.0000
   3968.93    0.0000    0.0000   -0.0000
   3969.96    0.0000    0.0000   -0.0000
   3970.99    0.0000    0.0000   -0.0000
   3972.03    0.0000    0.0000   -0.0000
   3973.06    0.0000    0.0000   -0.0000
   3974.09    0.0000    0.0000   -0.0000
   3975.12    0.0000    0.0000   -0.0000
   3976.16    0.0000    0.0000   -0.0000
   3977.19    0.0000    0.0000   -0.0000
   3978.22    0.0000    0.0000   -0.0000
   3979.25    0.0000    0.0000   -0.0000
   3980.29    0.0000    0.0000   -0.0000
   3981.32    0.0000    0.0000   -0.0000
   3982.35    0.0000    0.0000   -0.0000
   3983.38    0.0000    0.0000   -0.0000
   3984.42    0.0000    0.0000   -0.0000
   3985.45    0.0000    0.0000   -0.0000
   3986.48    0.0000    0.0000   -0.0000
   3987.51    0.0000    0.0000   -0.0000
   3988.55    0.0000    0.0000   -0.0000
   3989.58    0.0000    0.0000   -0.0000
   3990.61    0.0000    0.0000   -0.0000
   3991.64    0.0000    0.0000   -0.0000
   3992.68    0.0000    0.0000   -0.0000
   3993.71    0.0000    0.0000   -0.0000
   3994.74    0.0000    0.0000   -0.0000
   3995.77    0.0000    0.0000   -0.0000
   3996.81    0.0000    0.0000   -0.0000
   3997.84    0.0000    0.0000   -0.0000
   3998.87    0.0000    0.0000   -0.0000
   3999.90    0.0000    0.0000   -0.0000
   4000.94    0.0000    0.0000   -0.0000
   4001.97    0.0000    0.0000   -0.0000
   4003.00    0.0000    0.0000   -0.0000
   4004.03    0.0000    0.0000   -0.0000
   4005.07    0.0000    0.0000   -0.0000
   4006.10    0.0000    0.0000   -0.0000
   4007.13    0.0000    0.0000   -0.0000
   4008.16    0.0000    0.0000   -0.0000
   4009.20    0.0000    0.0000   -0.0000
   4010.23    0.0000    0.0000   -0.0000
   4011.26    0.0000    0.0000   -0.0000
   4012.29    0.0000    0.0000   -0.0000
   4013.33    0.0000    0.0000   -0.0000
   4014.36    0.0000    0.0000   -0.0000
   4015.39    0.0000    0.0000   -0.0000
   4016.42    0.0000    0.0000   -0.0000
   4017.46    0.0000    0.0000   -0.0000
   4018.49    0.0000    0.0000   -0.0000
   4019.52    0.0000    0.0000   -0.0000
   4020.55    0.0000    0.0000   -0.0000
   4021.59    0.0000    0.0000   -0.0000
   4022.62    0.0000    0.0000   -0.0000
   4023.65    0.0000    0.0000   -0.0000
   4024.68    0.0000    0.0000   -0.0000
   4025.72    0.0000    0.0000   -0.0000
   4026.75    0.0000    0.0000   -0.0000
   4027.78    0.0000    0.0000   -0.0000
   4028.81    0.0000    0.0000   -0.0000
   4029.85    0.0000    0.0000   -0.0000
   4030.88    0.0000    0.0000   -0.0000
   4031.91    0.0000    0.0000   -0.0000
   4032.94    0.0000    0.0000   -0.0000
   4033.98    0.0000    0.0000   -0.0000
   4035.01    0.0000    0.0000   -0.0000
   4036.04    0.0000    0.0000   -0.0000
   4037.07    0.0000    0.0000   -0.0000
   4038.11    0.0000    0.0000   -0.0000
   4039.14    0.0000    0.0000   -0.0000
   4040.17    0.0000    0.0000   -0.0000
   4041.20    0.0000    0.0000   -0.0000
   4042.24    0.0000    0.0000   -0.0000
   4043.27    0.0000    0.0000   -0.0000
   4044.30    0.0000    0.0000   -0.0000
   4045.33    0.0000    0.0000   -0.0000
   4046.37    0.0000    0.0000   -0.0000
   4047.40    0.0000    0.0000   -0.0000
   4048.43    0.0000    0.0000   -0.0000
   4049.46    0.0000    0.0000   -0.0000
   4050.50    0.0000    0.0000   -0.0000
   4051.53    0.0000    0.0000   -0.0000
   4052.56    0.0000    0.0000   -0.0000
   4053.59    0.0000    0.0000   -0.0000
   4054.63    0.0000    0.0000   -0.0000
   4055.66    0.0000    0.0000   -0.0000
   4056.69    0.0000    0.0000   -0.0000
   4057.72    0.0000    0.0000   -0.0000
   4058.76    0.0000    0.0000   -0.0000
   4059.79    0.0000    0.0000   -0.0000
   4060.82    0.0000    0.0000   -0.0000
   4061.85    0.0000    0.0000   -0.0000
   4062.89    0.0000    0.0000   -0.0000
   4063.92    0.0000    0.0000   -0.0000
   4064.95    0.0000    0.0000   -0.0000
   4065.98    0.0000    0.0000   -0.0000
   4067.02    0.0000    0.0000   -0.0000
   4068.05    0.0000    0.0000   -0.0000
   4069.08    0.0000    0.0000   -0.0000
   4070.11    0.0000    0.0000   -0.0000
   4071.15    0.0000    0.0000   -0.0000
   4072.18    0.0000    0.0000   -0.0000
   4073.21    0.0000    0.0000   -0.0000
   4074.24    0.0000    0.0000   -0.0000
   4075.28    0.0000    0.0000   -0.0000
   4076.31    0.0000    0.0000   -0.0000
   4077.34    0.0000    0.0000   -0.0000
   4078.37    0.0000    0.0000   -0.0000
   4079.41    0.0000    0.0000   -0.0000
   4080.44    0.0000    0.0000   -0.0000
   4081.47    0.0000    0.0000   -0.0000
   4082.50    0.0000    0.0000   -0.0000
   4083.54    0.0000    0.0000   -0.0000
   4084.57    0.0000    0.0000   -0.0000
   4085.60    0.0000    0.0000   -0.0000
   4086.63    0.0000    0.0000   -0.0000
   4087.67    0.0000    0.0000   -0.0000
   4088.70    0.0000    0.0000   -0.0000
   4089.73    0.0000    0.0000   -0.0000
   4090.76    0.0000    0.0000   -0.0000
   4091.80    0.0000    0.0000   -0.0000
   4092.83    0.0000    0.0000   -0.0000
   4093.86    0.0000    0.0000   -0.0000
   4094.89    0.0000    0.0000   -0.0000
   4095.93    0.0000    0.0000   -0.0000
   4096.96    0.0000    0.0000   -0.0000
   4097.99    0.0000    0.0000   -0.0000
   4099.02    0.0000    0.0000   -0.0000
   4100.06    0.0000    0.0000   -0.0000
   4101.09    0.0000    0.0000   -0.0000
   4102.12    0.0000    0.0000   -0.0000
   4103.15    0.0000    0.0000   -0.0000
   4104.19    0.0000    0.0000   -0.0000
   4105.22    0.0000    0.0000   -0.0000
   4106.25    0.0000    0.0000   -0.0000
   4107.28    0.0000    0.0000   -0.0000
   4108.32    0.0000    0.0000   -0.0000
   4109.35    0.0000    0.0000   -0.0000
   4110.38    0.0000    0.0000   -0.0000
   4111.41    0.0000    0.0000   -0.0000
   4112.45    0.0000    0.0000   -0.0000
   4113.48    0.0000    0.0000   -0.0000
   4114.51    0.0000    0.0000   -0.0000
   4115.54    0.0000    0.0000   -0.0000
   4116.58    0.0000    0.0000   -0.0000
   4117.61    0.0000    0.0000   -0.0000
   4118.64    0.0000    0.0000   -0.0000
   4119.67    0.0000    0.0000   -0.0000
   4120.71    0.0000    0.0000   -0.0000
   4121.74    0.0000    0.0000   -0.0000
   4122.77    0.0000    0.0000   -0.0000
   4123.80    0.0000    0.0000   -0.0000
   4124.84    0.0000    0.0000   -0.0000
   4125.87    0.0000    0.0000   -0.0000
   4126.90    0.0000    0.0000   -0.0000
   4127.93    0.0000    0.0000   -0.0000
   4128.97    0.0000    0.0000   -0.0000
   4130.00    0.0000    0.0000   -0.0000
   4131.03    0.0000    0.0000   -0.0000
   4132.06    0.0000    0.0000   -0.0000
   4133.10    0.0000    0.0000   -0.0000
   4134.13    0.0000    0.0000   -0.0000
   4135.16    0.0000    0.0000   -0.0000
   4136.19    0.0000    0.0000   -0.0000
   4137.23    0.0000    0.0000   -0.0000
   4138.26    0.0000    0.0000   -0.0000
   4139.29    0.0000    0.0000   -0.0000
   4140.32    0.0000    0.0000   -0.0000
   4141.36    0.0000    0.0000   -0.0000
   4142.39    0.0000    0.0000   -0.0000
   4143.42    0.0000    0.0000   -0.0000
   4144.45    0.0000    0.0000   -0.0000
   4145.49    0.0000    0.0000   -0.0000
   4146.52    0.0000    0.0000   -0.0000
   4147.55    0.0000    0.0000   -0.0000
   4148.58    0.0000    0.0000   -0.0000
   4149.62    0.0000    0.0000   -0.0000
   4150.65    0.0000    0.0000   -0.0000
   4151.68    0.0000    0.0000   -0.0000
   4152.71    0.0000    0.0000   -0.0000
   4153.75    0.0000    0.0000   -0.0000
   4154.78    0.0000    0.0000   -0.0000
   4155.81    0.0000    0.0000   -0.0000
   4156.84    0.0000    0.0000   -0.0000
   4157.88    0.0000    0.0000   -0.0000
   4158.91    0.0000    0.0000   -0.0000
   4159.94    0.0000    0.0000   -0.0000
   4160.97    0.0000    0.0000   -0.0000
   4162.01    0.0000    0.0000   -0.0000
   4163.04    0.0000    0.0000   -0.0000
   4164.07    0.0000    0.0000   -0.0000
   4165.10    0.0000    0.0000   -0.0000
   4166.14    0.0000    0.0000   -0.0000
   4167.17    0.0000    0.0000   -0.0000
   4168.20    0.0000    0.0000   -0.0000
   4169.23    0.0000    0.0000   -0.0000
   4170.27    0.0000    0.0000   -0.0000
   4171.30    0.0000    0.0000   -0.0000
   4172.33    0.0000    0.0000   -0.0000
   4173.36    0.0000    0.0000   -0.0000
   4174.40    0.0000    0.0000   -0.0000
   4175.43    0.0000    0.0000   -0.0000
   4176.46    0.0000    0.0000   -0.0000
   4177.49    0.0000    0.0000   -0.0000
   4178.53    0.0000    0.0000   -0.0000
   4179.56    0.0000    0.0000   -0.0000
   4180.59    0.0000    0.0000   -0.0000
   4181.62    0.0000    0.0000   -0.0000
   4182.66    0.0000    0.0000   -0.0000
   4183.69    0.0000    0.0001   -0.0000
   4184.72    0.0000    0.0001   -0.0000
   4185.75    0.0000    0.0001   -0.0000
   4186.79    0.0000    0.0001   -0.0000
   4187.82    0.0000    0.0001   -0.0000
   4188.85    0.0000    0.0001   -0.0000
   4189.88    0.0000    0.0001   -0.0000
   4190.92    0.0000    0.0001   -0.0000
   4191.95    0.0000    0.0001   -0.0000
   4192.98    0.0000    0.0001   -0.0000
   4194.01    0.0000    0.0001   -0.0000
   4195.05    0.0000    0.0001   -0.0000
   4196.08    0.0000    0.0001   -0.0000
   4197.11    0.0000    0.0001   -0.0000
   4198.14    0.0000    0.0001   -0.0000
   4199.18    0.0000    0.0001   -0.0000
   4200.21    0.0000    0.0001   -0.0000
   4201.24    0.0000    0.0001   -0.0000
   4202.27    0.0000    0.0001   -0.0000
   4203.31    0.0000    0.0001   -0.0000
   4204.34    0.0000    0.0001   -0.0000
   4205.37    0.0000    0.0001   -0.0000
   4206.40    0.0000    0.0001   -0.0000
   4207.44    0.0000    0.0001   -0.0000
   4208.47    0.0000    0.0001   -0.0000
   4209.50    0.0000    0.0001   -0.0000
   4210.53    0.0000    0.0001   -0.0000
   4211.57    0.0000    0.0001   -0.0000
   4212.60    0.0000    0.0001   -0.0000
   4213.63    0.0000    0.0001   -0.0000
   4214.66    0.0000    0.0001   -0.0000
   4215.70    0.0000    0.0001   -0.0000
   4216.73    0.0000    0.0001   -0.0000
   4217.76    0.0000    0.0001   -0.0000
   4218.79    0.0000    0.0001   -0.0000
   4219.83    0.0000    0.0001   -0.0000
   4220.86    0.0000    0.0001   -0.0000
   4221.89    0.0000    0.0001   -0.0000
   4222.92    0.0000    0.0001   -0.0000
   4223.96    0.0000    0.0001   -0.0000
   4224.99    0.0000    0.0001   -0.0000
   4226.02    0.0000    0.0001   -0.0000
   4227.05    0.0000    0.0001   -0.0000
   4228.09    0.0000    0.0001   -0.0000
   4229.12    0.0000    0.0001   -0.0000
   4230.15    0.0000    0.0001   -0.0000
   4231.18    0.0000    0.0001   -0.0000
   4232.22    0.0000    0.0001   -0.0000
   4233.25    0.0000    0.0001   -0.0000
   4234.28    0.0000    0.0001   -0.0000
   4235.31    0.0000    0.0001   -0.0000
   4236.35    0.0000    0.0001   -0.0000
   4237.38    0.0000    0.0001   -0.0000
   4238.41    0.0000    0.0001   -0.0001
   4239.44    0.0000    0.0001   -0.0001
   4240.48    0.0000    0.0001   -0.0001
   4241.51    0.0000    0.0001   -0.0001
   4242.54    0.0000    0.0001   -0.0001
   4243.57    0.0000    0.0001   -0.0001
   4244.61    0.0000    0.0001   -0.0001
   4245.64    0.0000    0.0001   -0.0001
   4246.67    0.0000    0.0001   -0.0001
   4247.70    0.0000    0.0001   -0.0001
   4248.74    0.0000    0.0001   -0.0001
   4249.77    0.0000    0.0001   -0.0001
   4250.80    0.0000    0.0001   -0.0001
   4251.83    0.0000    0.0001   -0.0001
   4252.87    0.0000    0.0001   -0.0001
   4253.90    0.0000    0.0001   -0.0001
   4254.93    0.0000    0.0001   -0.0001
   4255.96    0.0000    0.0001   -0.0001
   4257.00    0.0000    0.0001   -0.0001
   4258.03    0.0000    0.0001   -0.0001
   4259.06    0.0000    0.0001   -0.0001
   4260.09    0.0000    0.0001   -0.0001
   4261.13    0.0000    0.0001   -0.0001
   4262.16    0.0000    0.0001   -0.0001
   4263.19    0.0000    0.0001   -0.0001
   4264.22    0.0000    0.0001   -0.0001
   4265.26    0.0000    0.0001   -0.0001
   4266.29    0.0000    0.0001   -0.0001
   4267.32    0.0000    0.0001   -0.0001
   4268.35    0.0000    0.0001   -0.0001
   4269.39    0.0000    0.0001   -0.0001
   4270.42    0.0000    0.0001   -0.0001
   4271.45    0.0000    0.0001   -0.0001
   4272.48    0.0000    0.0001   -0.0001
   4273.52    0.0000    0.0001   -0.0001
   4274.55    0.0000    0.0001   -0.0001
   4275.58    0.0000    0.0001   -0.0001
   4276.61    0.0000    0.0001   -0.0001
   4277.65    0.0000    0.0001   -0.0001
   4278.68    0.0000    0.0001   -0.0001
   4279.71    0.0000    0.0001   -0.0001
   4280.74    0.0000    0.0001   -0.0001
   4281.78    0.0000    0.0001   -0.0001
   4282.81    0.0000    0.0001   -0.0001
   4283.84    0.0000    0.0001   -0.0001
   4284.87    0.0000    0.0001   -0.0001
   4285.91    0.0000    0.0001   -0.0001
   4286.94    0.0000    0.0001   -0.0001
   4287.97    0.0000    0.0001   -0.0001
   4289.00    0.0000    0.0001   -0.0001
   4290.04    0.0000    0.0001   -0.0001
   4291.07    0.0000    0.0001   -0.0001
   4292.10    0.0000    0.0001   -0.0001
   4293.13    0.0000    0.0001   -0.0001
   4294.17    0.0000    0.0001   -0.0001
   4295.20    0.0000    0.0001   -0.0001
   4296.23    0.0000    0.0001   -0.0001
   4297.26    0.0000    0.0001   -0.0001
   4298.30    0.0000    0.0001   -0.0001
   4299.33    0.0000    0.0001   -0.0001
   4300.36    0.0000    0.0001   -0.0001
   4301.39    0.0000    0.0001   -0.0001
   4302.43    0.0000    0.0001   -0.0001
   4303.46    0.0000    0.0001   -0.0001
   4304.49    0.0000    0.0001   -0.0001
   4305.52    0.0000    0.0001   -0.0001
   4306.56    0.0000    0.0001   -0.0001
   4307.59    0.0000    0.0001   -0.0001
   4308.62    0.0000    0.0001   -0.0001
   4309.65    0.0000    0.0001   -0.0001
   4310.69    0.0000    0.0001   -0.0001
   4311.72    0.0000    0.0001   -0.0001
   4312.75    0.0000    0.0001   -0.0001
   4313.78    0.0000    0.0001   -0.0001
   4314.82    0.0000    0.0001   -0.0001
   4315.85    0.0000    0.0001   -0.0001
   4316.88    0.0000    0.0001   -0.0001
   4317.91    0.0000    0.0001   -0.0001
   4318.95    0.0000    0.0001   -0.0001
   4319.98    0.0000    0.0001   -0.0001
   4321.01    0.0000    0.0001   -0.0001
   4322.04    0.0000    0.0001   -0.0001
   4323.08    0.0000    0.0001   -0.0001
   4324.11    0.0000    0.0001   -0.0001
   4325.14    0.0000    0.0001   -0.0001
   4326.17    0.0000    0.0001   -0.0001
   4327.21    0.0000    0.0001   -0.0001
   4328.24    0.0000    0.0001   -0.0001
   4329.27    0.0000    0.0001   -0.0001
   4330.30    0.0000    0.0001   -0.0001
   4331.34    0.0000    0.0001   -0.0001
   4332.37    0.0000    0.0001   -0.0001
   4333.40    0.0000    0.0001   -0.0001
   4334.43    0.0000    0.0001   -0.0001
   4335.47    0.0000    0.0001   -0.0001
   4336.50    0.0000    0.0001   -0.0001
   4337.53    0.0000    0.0001   -0.0001
   4338.56    0.0000    0.0001   -0.0001
   4339.60    0.0000    0.0001   -0.0001
   4340.63    0.0000    0.0001   -0.0001
   4341.66    0.0000    0.0001   -0.0001
   4342.69    0.0000    0.0001   -0.0001
   4343.73    0.0000    0.0001   -0.0001
   4344.76    0.0000    0.0001   -0.0001
   4345.79    0.0000    0.0001   -0.0001
   4346.82    0.0000    0.0001   -0.0001
   4347.86    0.0000    0.0001   -0.0001
   4348.89    0.0000    0.0001   -0.0001
   4349.92    0.0000    0.0001   -0.0001
   4350.95    0.0000    0.0001   -0.0001
   4351.99    0.0000    0.0001   -0.0001
   4353.02    0.0000    0.0001   -0.0001
   4354.05    0.0000    0.0001   -0.0001
   4355.08    0.0000    0.0001   -0.0001
   4356.12    0.0000    0.0001   -0.0001
   4357.15    0.0000    0.0001   -0.0001
   4358.18    0.0000    0.0001   -0.0001
   4359.21    0.0000    0.0001   -0.0001
   4360.25    0.0000    0.0001   -0.0001
   4361.28    0.0000    0.0001   -0.0001
   4362.31    0.0000    0.0001   -0.0001
   4363.34    0.0000    0.0001   -0.0001
   4364.38    0.0000    0.0001   -0.0001
   4365.41    0.0000    0.0001   -0.0001
   4366.44    0.0000    0.0001   -0.0001
   4367.47    0.0000    0.0001   -0.0001
   4368.51    0.0000    0.0001   -0.0001
   4369.54    0.0000    0.0001   -0.0001
   4370.57    0.0000    0.0001   -0.0001
   4371.60    0.0000    0.0001   -0.0001
   4372.64    0.0000    0.0001   -0.0001
   4373.67    0.0000    0.0001   -0.0001
   4374.70    0.0000    0.0001   -0.0001
   4375.73    0.0000    0.0001   -0.0001
   4376.77    0.0000    0.0001   -0.0001
   4377.80    0.0000    0.0001   -0.0001
   4378.83    0.0000    0.0001   -0.0001
   4379.86    0.0000    0.0001   -0.0001
   4380.90    0.0000    0.0001   -0.0001
   4381.93    0.0000    0.0001   -0.0001
   4382.96    0.0000    0.0001   -0.0001
   4383.99    0.0000    0.0001   -0.0001
   4385.03    0.0000    0.0001   -0.0001
   4386.06    0.0000    0.0001   -0.0001
   4387.09    0.0000    0.0001   -0.0001
   4388.12    0.0000    0.0001   -0.0001
   4389.16    0.0000    0.0001   -0.0001
   4390.19    0.0000    0.0001   -0.0001
   4391.22    0.0000    0.0001   -0.0001
   4392.25    0.0000    0.0001   -0.0001
   4393.29    0.0000    0.0001   -0.0001
   4394.32    0.0000    0.0001   -0.0001
   4395.35    0.0000    0.0001   -0.0001
   4396.38    0.0000    0.0001   -0.0001
   4397.42    0.0000    0.0001   -0.0001
   4398.45    0.0000    0.0001   -0.0001
   4399.48    0.0000    0.0001   -0.0001
   4400.51    0.0000    0.0001   -0.0001
   4401.55    0.0000    0.0001   -0.0001
   4402.58    0.0000    0.0001   -0.0001
   4403.61    0.0000    0.0001   -0.0001
   4404.64    0.0000    0.0001   -0.0001
   4405.68    0.0000    0.0001   -0.0001
   4406.71    0.0000    0.0001   -0.0001
   4407.74    0.0000    0.0001   -0.0001
   4408.77    0.0000    0.0001   -0.0001
   4409.81    0.0000    0.0001   -0.0001
   4410.84    0.0000    0.0001   -0.0001
   4411.87    0.0000    0.0001   -0.0001
   4412.90    0.0000    0.0001   -0.0001
   4413.94    0.0000    0.0001   -0.0001
   4414.97    0.0000    0.0001   -0.0001
   4416.00    0.0000    0.0001   -0.0001
   4417.03    0.0000    0.0001   -0.0001
   4418.07    0.0000    0.0001   -0.0001
   4419.10    0.0000    0.0001   -0.0001
   4420.13    0.0000    0.0001   -0.0001
   4421.16    0.0000    0.0001   -0.0001
   4422.20    0.0000    0.0001   -0.0001
   4423.23    0.0000    0.0001   -0.0001
   4424.26    0.0000    0.0001   -0.0001
   4425.29    0.0000    0.0001   -0.0001
   4426.33    0.0000    0.0001   -0.0001
   4427.36    0.0000    0.0001   -0.0001
   4428.39    0.0000    0.0001   -0.0001
   4429.42    0.0000    0.0001   -0.0001
   4430.46    0.0000    0.0001   -0.0001
   4431.49    0.0000    0.0001   -0.0001
   4432.52    0.0000    0.0001   -0.0001
   4433.55    0.0000    0.0001   -0.0001
   4434.59    0.0000    0.0001   -0.0001
   4435.62    0.0000    0.0001   -0.0001
   4436.65    0.0000    0.0001   -0.0001
   4437.68    0.0000    0.0001   -0.0001
   4438.72    0.0000    0.0001   -0.0001
   4439.75    0.0000    0.0001   -0.0001
   4440.78    0.0000    0.0001   -0.0001
   4441.81    0.0000    0.0001   -0.0001
   4442.85    0.0000    0.0001   -0.0001
   4443.88    0.0000    0.0001   -0.0001
   4444.91    0.0000    0.0001   -0.0001
   4445.94    0.0000    0.0001   -0.0001
   4446.98    0.0000    0.0001   -0.0001
   4448.01    0.0000    0.0001   -0.0001
   4449.04    0.0000    0.0001   -0.0001
   4450.07    0.0000    0.0001   -0.0001
   4451.11    0.0000    0.0001   -0.0001
   4452.14    0.0000    0.0001   -0.0001
   4453.17    0.0000    0.0001   -0.0001
   4454.20    0.0000    0.0001   -0.0001
   4455.24    0.0000    0.0001   -0.0001
   4456.27    0.0000    0.0001   -0.0001
   4457.30    0.0000    0.0001   -0.0001
   4458.33    0.0000    0.0001   -0.0001
   4459.37    0.0000    0.0001   -0.0001
   4460.40    0.0000    0.0001   -0.0001
   4461.43    0.0000    0.0001   -0.0001
   4462.46    0.0000    0.0001   -0.0001
   4463.50    0.0000    0.0001   -0.0001
   4464.53    0.0000    0.0001   -0.0001
   4465.56    0.0000    0.0001   -0.0001
   4466.59    0.0000    0.0001   -0.0001
   4467.63    0.0000    0.0001   -0.0001
   4468.66    0.0000    0.0001   -0.0001
   4469.69    0.0000    0.0001   -0.0001
   4470.72    0.0000    0.0001   -0.0001
   4471.76    0.0000    0.0001   -0.0001
   4472.79    0.0000    0.0001   -0.0001
   4473.82    0.0000    0.0001   -0.0001
   4474.85    0.0000    0.0001   -0.0001
   4475.89    0.0000    0.0001   -0.0001
   4476.92    0.0000    0.0001   -0.0001
   4477.95    0.0000    0.0001   -0.0001
   4478.98    0.0000    0.0001   -0.0001
   4480.02    0.0000    0.0001   -0.0001
   4481.05    0.0000    0.0000   -0.0001
   4482.08    0.0000    0.0000   -0.0001
   4483.11    0.0000    0.0000   -0.0001
   4484.15    0.0000    0.0000   -0.0001
   4485.18    0.0000    0.0000   -0.0001
   4486.21    0.0000    0.0000   -0.0001
   4487.24    0.0000    0.0000   -0.0001
   4488.28    0.0000    0.0000   -0.0001
   4489.31    0.0000    0.0000   -0.0001
   4490.34    0.0000    0.0000   -0.0001
   4491.37    0.0000    0.0000   -0.0001
   4492.41    0.0000    0.0000   -0.0001
   4493.44    0.0000    0.0000   -0.0001
   4494.47    0.0000    0.0000   -0.0001
   4495.50    0.0000    0.0000   -0.0001
   4496.54    0.0000    0.0000   -0.0001
   4497.57    0.0000    0.0000   -0.0001
   4498.60    0.0000    0.0000   -0.0001
   4499.63    0.0000    0.0000   -0.0001
   4500.67    0.0000    0.0000   -0.0001
   4501.70    0.0000    0.0000   -0.0001
   4502.73    0.0000    0.0000   -0.0001
   4503.76    0.0000    0.0000   -0.0001
   4504.80    0.0000    0.0000   -0.0001
   4505.83    0.0000    0.0000   -0.0001
   4506.86    0.0000    0.0000   -0.0001
   4507.89    0.0000    0.0000   -0.0001
   4508.93    0.0000    0.0000   -0.0001
   4509.96    0.0000    0.0000   -0.0001
   4510.99    0.0000    0.0000   -0.0001
   4512.02    0.0000    0.0000   -0.0001
   4513.06    0.0000    0.0000   -0.0001
   4514.09    0.0000    0.0000   -0.0001
   4515.12    0.0000    0.0000   -0.0001
   4516.15    0.0000    0.0000   -0.0001
   4517.19    0.0000    0.0000   -0.0001
   4518.22    0.0000    0.0000   -0.0001
   4519.25    0.0000    0.0000   -0.0001
   4520.28    0.0000    0.0000   -0.0001
   4521.32    0.0000    0.0000   -0.0001
   4522.35    0.0000    0.0000   -0.0001
   4523.38    0.0000    0.0000   -0.0001
   4524.41    0.0000    0.0000   -0.0001
   4525.45    0.0000    0.0000   -0.0001
   4526.48    0.0000    0.0000   -0.0001
   4527.51    0.0000    0.0000   -0.0001
   4528.54    0.0000    0.0000   -0.0001
   4529.58    0.0000    0.0000   -0.0001
   4530.61    0.0000    0.0000   -0.0001
   4531.64    0.0000    0.0000   -0.0001
   4532.67    0.0000    0.0000   -0.0001
   4533.71    0.0000    0.0000   -0.0001
   4534.74    0.0000    0.0000   -0.0001
   4535.77    0.0000    0.0000   -0.0001
   4536.80    0.0000    0.0000   -0.0001
   4537.84    0.0000    0.0000   -0.0001
   4538.87    0.0000    0.0000   -0.0001
   4539.90    0.0000    0.0000   -0.0001
   4540.93    0.0000    0.0000   -0.0001
   4541.97    0.0000    0.0000   -0.0001
   4543.00    0.0000    0.0000   -0.0001
   4544.03    0.0000    0.0000   -0.0001
   4545.06    0.0000    0.0000   -0.0001
   4546.10    0.0000    0.0000   -0.0001
   4547.13    0.0000    0.0000   -0.0001
   4548.16    0.0000    0.0000   -0.0001
   4549.19    0.0000    0.0000   -0.0001
   4550.23    0.0000    0.0000   -0.0001
   4551.26    0.0000    0.0000   -0.0001
   4552.29    0.0000    0.0000   -0.0001
   4553.32    0.0000    0.0000   -0.0001
   4554.36    0.0000    0.0000   -0.0001
   4555.39    0.0000    0.0000   -0.0001
   4556.42    0.0000    0.0000   -0.0001
   4557.45    0.0000    0.0000   -0.0001
   4558.49    0.0000    0.0000   -0.0001
   4559.52    0.0000    0.0000   -0.0001
   4560.55    0.0000    0.0000   -0.0001
   4561.58    0.0000    0.0000   -0.0001
   4562.62    0.0000    0.0000   -0.0001
   4563.65    0.0000    0.0000   -0.0001
   4564.68    0.0000    0.0000   -0.0001
   4565.71    0.0000    0.0000   -0.0001
   4566.75    0.0000    0.0000   -0.0001
   4567.78    0.0000    0.0000   -0.0001
   4568.81    0.0000    0.0000   -0.0001
   4569.84    0.0000    0.0000   -0.0001
   4570.88    0.0000    0.0000   -0.0001
   4571.91    0.0000    0.0000   -0.0001
   4572.94    0.0000    0.0000   -0.0001
   4573.97    0.0000    0.0000   -0.0001
   4575.01    0.0000    0.0000   -0.0001
   4576.04    0.0000    0.0000   -0.0001
   4577.07    0.0000    0.0000   -0.0001
   4578.10    0.0000    0.0000   -0.0001
   4579.14    0.0000    0.0000   -0.0001
   4580.17    0.0000    0.0000   -0.0001
   4581.20    0.0000    0.0000   -0.0001
   4582.23    0.0000    0.0000   -0.0001
   4583.27    0.0000    0.0000   -0.0001
   4584.30    0.0000    0.0000   -0.0001
   4585.33    0.0000    0.0000   -0.0001
   4586.36    0.0000    0.0000   -0.0001
   4587.40    0.0000    0.0000   -0.0001
   4588.43    0.0000    0.0000   -0.0001
   4589.46    0.0000    0.0000   -0.0001
   4590.49    0.0000    0.0000   -0.0001
   4591.53    0.0000    0.0000   -0.0001
   4592.56    0.0000    0.0000   -0.0001
   4593.59    0.0000    0.0000   -0.0001
   4594.62    0.0000    0.0000   -0.0001
   4595.66    0.0000    0.0000   -0.0001
   4596.69    0.0000    0.0000   -0.0001
   4597.72    0.0000    0.0000   -0.0001
   4598.75    0.0000    0.0000   -0.0000
   4599.79    0.0000    0.0000   -0.0000
   4600.82    0.0000    0.0000   -0.0000
   4601.85    0.0000    0.0000   -0.0000
   4602.88    0.0000    0.0000   -0.0000
   4603.92    0.0000    0.0000   -0.0000
   4604.95    0.0000    0.0000   -0.0000
   4605.98    0.0000    0.0000   -0.0000
   4607.01    0.0000    0.0000   -0.0000
   4608.05    0.0000    0.0000   -0.0000
   4609.08    0.0000    0.0000   -0.0000
   4610.11    0.0000    0.0000   -0.0000
   4611.14    0.0000    0.0000   -0.0000
   4612.18    0.0000    0.0000   -0.0000
   4613.21    0.0000    0.0000   -0.0000
   4614.24    0.0000    0.0000   -0.0000
   4615.27    0.0000    0.0000   -0.0000
   4616.31    0.0000    0.0000   -0.0000
   4617.34    0.0000    0.0000   -0.0000
   4618.37    0.0000    0.0000   -0.0000
   4619.40    0.0000    0.0000   -0.0000
   4620.44    0.0000    0.0000   -0.0000
   4621.47    0.0000    0.0000   -0.0000
   4622.50    0.0000    0.0000   -0.0000
   4623.53    0.0000    0.0000   -0.0000
   4624.57    0.0000    0.0000   -0.0000
   4625.60    0.0000    0.0000   -0.0000
   4626.63    0.0000    0.0000   -0.0000
   4627.66    0.0000    0.0000   -0.0000
   4628.70    0.0000    0.0000   -0.0000
   4629.73    0.0000    0.0000   -0.0000
   4630.76    0.0000    0.0000   -0.0000
   4631.79    0.0000    0.0000    0.0000
   4632.83    0.0000    0.0000    0.0000
   4633.86    0.0000    0.0000    0.0000
   4634.89    0.0000    0.0000    0.0000
   4635.92    0.0000    0.0000    0.0000
   4636.96    0.0000    0.0000    0.0000
   4637.99    0.0000    0.0000    0.0000
   4639.02    0.0000    0.0000    0.0000
   4640.05    0.0000    0.0000    0.0000
   4641.09    0.0000    0.0000    0.0000
   4642.12    0.0000    0.0000    0.0000
   4643.15    0.0000    0.0000    0.0000
   4644.18    0.0000    0.0000    0.0000
   4645.22    0.0000    0.0000    0.0000
   4646.25    0.0000    0.0000    0.0000
   4647.28    0.0000    0.0000    0.0000
   4648.31    0.0000    0.0000    0.0000
   4649.35    0.0000    0.0000    0.0000
   4650.38    0.0000    0.0000    0.0000
   4651.41    0.0000    0.0000    0.0000
   4652.44    0.0000    0.0000    0.0000
   4653.48    0.0000    0.0000    0.0000
   4654.51    0.0000    0.0000    0.0000
   4655.54    0.0000    0.0000    0.0001
   4656.57    0.0000    0.0000    0.0001
   4657.61    0.0000    0.0000    0.0001
   4658.64    0.0000    0.0000    0.0001
   4659.67    0.0000    0.0000    0.0001
   4660.70    0.0000    0.0000    0.0001
   4661.74    0.0000    0.0000    0.0001
   4662.77    0.0000    0.0000    0.0001
   4663.80    0.0000    0.0000    0.0001
   4664.83    0.0000    0.0000    0.0001
   4665.87    0.0000    0.0000    0.0001
   4666.90    0.0000    0.0000    0.0001
   4667.93    0.0000    0.0000    0.0001
   4668.96    0.0000    0.0000    0.0001
   4670.00    0.0000    0.0000    0.0001
   4671.03    0.0000    0.0000    0.0001
   4672.06    0.0000    0.0000    0.0001
   4673.09    0.0000    0.0000    0.0001
   4674.13    0.0000    0.0000    0.0001
   4675.16    0.0000    0.0000    0.0001
   4676.19    0.0000    0.0000    0.0001
   4677.22    0.0000    0.0000    0.0001
   4678.26    0.0000    0.0000    0.0001
   4679.29    0.0000    0.0000    0.0001
   4680.32    0.0000    0.0000    0.0001
   4681.35    0.0000    0.0000    0.0001
   4682.39    0.0000    0.0000    0.0001
   4683.42    0.0000    0.0000    0.0001
   4684.45    0.0000    0.0000    0.0000
   4685.48    0.0000    0.0000    0.0000
   4686.52    0.0000    0.0000    0.0000
   4687.55    0.0000    0.0000    0.0000
   4688.58    0.0000    0.0000    0.0000
   4689.61    0.0000    0.0000    0.0000
   4690.65    0.0000    0.0000    0.0000
   4691.68    0.0000    0.0000    0.0000
   4692.71    0.0000    0.0000    0.0000
   4693.74    0.0000    0.0000    0.0000
   4694.78    0.0000    0.0000    0.0000
   4695.81    0.0000    0.0000    0.0000
   4696.84    0.0000    0.0000    0.0000
   4697.87    0.0000    0.0000   -0.0000
   4698.91    0.0000    0.0000   -0.0000
   4699.94    0.0000    0.0000   -0.0000
   4700.97    0.0000    0.0000   -0.0000
   4702.00    0.0000    0.0000   -0.0000
   4703.04    0.0000    0.0000   -0.0000
   4704.07    0.0000    0.0000   -0.0000
   4705.10    0.0000    0.0000   -0.0000
   4706.13    0.0000    0.0000   -0.0000
   4707.17    0.0000    0.0000   -0.0000
   4708.20    0.0000    0.0000   -0.0000
   4709.23    0.0000    0.0000   -0.0000
   4710.26    0.0000    0.0000   -0.0001
   4711.30    0.0000    0.0000   -0.0001
   4712.33    0.0000    0.0000   -0.0001
   4713.36    0.0000    0.0000   -0.0001
   4714.39    0.0000    0.0000   -0.0001
   4715.43    0.0000    0.0000   -0.0001
   4716.46    0.0000    0.0000   -0.0001
   4717.49    0.0000    0.0000   -0.0001
   4718.52    0.0000    0.0000   -0.0001
   4719.56    0.0000    0.0000   -0.0001
   4720.59    0.0000    0.0000   -0.0001
   4721.62    0.0000    0.0000   -0.0000
   4722.65    0.0000    0.0000   -0.0000
   4723.69    0.0000    0.0000   -0.0000
   4724.72    0.0000    0.0000   -0.0000
   4725.75    0.0000    0.0000   -0.0000
   4726.78    0.0000    0.0000   -0.0000
   4727.82    0.0000    0.0000   -0.0000
   4728.85    0.0000    0.0000   -0.0000
   4729.88    0.0000    0.0000    0.0000
   4730.91    0.0000    0.0000    0.0000
   4731.95    0.0000    0.0000    0.0000
   4732.98    0.0000    0.0000    0.0000
   4734.01    0.0000    0.0000    0.0000
   4735.04    0.0000    0.0000    0.0000
   4736.08    0.0000    0.0000    0.0000
   4737.11    0.0000    0.0000    0.0001
   4738.14    0.0000    0.0000    0.0001
   4739.17    0.0000    0.0000    0.0001
   4740.21    0.0000    0.0000    0.0001
   4741.24    0.0000    0.0000    0.0001
   4742.27    0.0000    0.0000    0.0001
   4743.30    0.0000    0.0000    0.0001
   4744.34    0.0000    0.0000    0.0001
   4745.37    0.0000    0.0000    0.0001
   4746.40    0.0000    0.0000    0.0001
   4747.43    0.0000    0.0000    0.0001
   4748.47    0.0000    0.0000    0.0001
   4749.50    0.0000    0.0000    0.0001
   4750.53    0.0000    0.0000    0.0000
   4751.56    0.0000    0.0000    0.0000
   4752.60    0.0000    0.0000    0.0000
   4753.63    0.0000    0.0000    0.0000
   4754.66    0.0000    0.0000    0.0000
   4755.69    0.0000    0.0000   -0.0000
   4756.73    0.0000    0.0000   -0.0000
   4757.76    0.0000    0.0000   -0.0000
   4758.79    0.0000    0.0000   -0.0000
   4759.82    0.0000    0.0000   -0.0000
   4760.86    0.0000    0.0000   -0.0000
   4761.89    0.0000    0.0000   -0.0001
   4762.92    0.0000    0.0000   -0.0001
   4763.95    0.0000    0.0000   -0.0001
   4764.99    0.0000    0.0000   -0.0001
   4766.02    0.0000    0.0000   -0.0001
   4767.05    0.0000    0.0000   -0.0001
   4768.08    0.0000    0.0000   -0.0000
   4769.12    0.0000    0.0000   -0.0000
   4770.15    0.0000    0.0000   -0.0000
   4771.18    0.0000    0.0000   -0.0000
   4772.21    0.0000    0.0000   -0.0000
   4773.25    0.0000    0.0000    0.0000
   4774.28    0.0000    0.0000    0.0000
   4775.31    0.0000    0.0000    0.0000
   4776.34    0.0000    0.0000    0.0001
   4777.38    0.0000    0.0000    0.0001
   4778.41    0.0000    0.0000    0.0001
   4779.44    0.0000    0.0000    0.0001
   4780.47    0.0000    0.0000    0.0001
   4781.51    0.0000    0.0000    0.0001
   4782.54    0.0000    0.0000    0.0001
   4783.57    0.0000    0.0000    0.0001
   4784.60    0.0000    0.0000    0.0001
   4785.64    0.0000    0.0000    0.0000
   4786.67    0.0000    0.0000    0.0000
   4787.70    0.0000    0.0000    0.0000
   4788.73    0.0000    0.0000   -0.0000
   4789.77    0.0000    0.0000   -0.0000
   4790.80    0.0000    0.0000   -0.0000
   4791.83    0.0000    0.0000   -0.0000
   4792.86    0.0000    0.0000   -0.0001
   4793.90    0.0000    0.0000   -0.0001
   4794.93    0.0000    0.0000   -0.0001
   4795.96    0.0000    0.0000   -0.0000
   4796.99    0.0000    0.0000   -0.0000
   4798.03    0.0000    0.0000   -0.0000
   4799.06    0.0000    0.0000   -0.0000
   4800.09    0.0000    0.0000    0.0000
   4801.12    0.0000    0.0000    0.0000
   4802.16    0.0000    0.0000    0.0000
   4803.19    0.0000    0.0000    0.0001
   4804.22    0.0000    0.0000    0.0001
   4805.25    0.0000    0.0000    0.0001
   4806.29    0.0000    0.0000    0.0001
   4807.32    0.0000    0.0000    0.0001
   4808.35    0.0000    0.0000    0.0001
   4809.38    0.0000    0.0000    0.0000
   4810.42    0.0000    0.0000    0.0000
   4811.45    0.0000    0.0000    0.0000
   4812.48    0.0000    0.0000   -0.0000
   4813.51    0.0000    0.0000   -0.0000
   4814.55    0.0000    0.0000   -0.0000
   4815.58    0.0000    0.0000   -0.0001
   4816.61    0.0000    0.0000   -0.0001
   4817.64    0.0000    0.0000   -0.0000
   4818.68    0.0000    0.0000   -0.0000
   4819.71    0.0000    0.0000   -0.0000
   4820.74    0.0000    0.0000    0.0000
   4821.77    0.0000    0.0000    0.0000
   4822.81    0.0000    0.0000    0.0000
   4823.84    0.0000    0.0000    0.0001
   4824.87    0.0000    0.0000    0.0001
   4825.90    0.0000    0.0000    0.0001
   4826.94    0.0000    0.0000    0.0001
   4827.97    0.0000    0.0000    0.0001
   4829.00    0.0000    0.0000    0.0000
   4830.03    0.0000    0.0000    0.0000
   4831.07    0.0000    0.0000   -0.0000
   4832.10    0.0000    0.0000   -0.0000
   4833.13    0.0000    0.0000   -0.0001
   4834.16    0.0000    0.0000   -0.0001
   4835.20    0.0000    0.0000   -0.0000
   4836.23    0.0000    0.0000   -0.0000
   4837.26    0.0000    0.0000   -0.0000
   4838.29    0.0000    0.0000    0.0000
   4839.33    0.0000    0.0000    0.0000
   4840.36    0.0000    0.0000    0.0001
   4841.39    0.0000    0.0000    0.0001
   4842.42    0.0000    0.0000    0.0001
   4843.46    0.0000    0.0000    0.0001
   4844.49    0.0000    0.0000    0.0000
   4845.52    0.0000    0.0000    0.0000
   4846.55    0.0000    0.0000   -0.0000
   4847.59    0.0000    0.0000   -0.0000
   4848.62    0.0000    0.0000   -0.0000
   4849.65    0.0000    0.0000   -0.0001
   4850.68    0.0000    0.0000   -0.0000
   4851.72    0.0000    0.0000   -0.0000
   4852.75    0.0000    0.0000    0.0000
   4853.78    0.0000    0.0000    0.0000
   4854.81    0.0000    0.0000    0.0001
   4855.85    0.0000    0.0000    0.0001
   4856.88    0.0000    0.0000    0.0001
   4857.91    0.0000    0.0000    0.0001
   4858.94    0.0000    0.0000    0.0001
   4859.98    0.0000    0.0000    0.0001
   4861.01    0.0000    0.0000    0.0001
   4862.04    0.0000    0.0000    0.0001
   4863.07    0.0000    0.0000    0.0001
   4864.11    0.0000    0.0000    0.0001
   4865.14    0.0000    0.0000    0.0001
   4866.17    0.0000    0.0000    0.0001
   4867.20    0.0000    0.0000    0.0001
   4868.24    0.0000    0.0000    0.0001
   4869.27    0.0000    0.0000    0.0001
   4870.30    0.0000    0.0000    0.0001
   4871.33    0.0000    0.0000    0.0001
   4872.37    0.0000    0.0000    0.0001
   4873.40    0.0000    0.0000    0.0001
   4874.43    0.0000    0.0000    0.0001
   4875.46    0.0000    0.0000    0.0001
   4876.50    0.0000    0.0000    0.0001
   4877.53    0.0000    0.0000    0.0001
   4878.56    0.0000    0.0000    0.0001
   4879.59    0.0000    0.0000    0.0001
   4880.63    0.0000    0.0000    0.0001
   4881.66    0.0000    0.0000    0.0001
   4882.69    0.0000    0.0000    0.0001
   4883.72    0.0000    0.0000    0.0001
   4884.76    0.0000    0.0000    0.0001
   4885.79    0.0000    0.0000    0.0001
   4886.82    0.0000    0.0000    0.0001
   4887.85    0.0000    0.0000    0.0001
   4888.89    0.0000    0.0000    0.0001
   4889.92    0.0000    0.0000    0.0001
   4890.95    0.0000    0.0000    0.0001
   4891.98    0.0000    0.0000    0.0001
   4893.02    0.0000    0.0000    0.0001
   4894.05    0.0000    0.0000    0.0001
   4895.08    0.0000    0.0000    0.0001
   4896.11    0.0000    0.0000    0.0001
   4897.15    0.0000    0.0000    0.0001
   4898.18    0.0000    0.0000    0.0001
   4899.21    0.0000    0.0000    0.0001
   4900.24    0.0000    0.0000    0.0001
   4901.28    0.0000    0.0000    0.0001
   4902.31    0.0000    0.0000    0.0001
   4903.34    0.0000    0.0000    0.0001
   4904.37    0.0000    0.0000    0.0001
   4905.41    0.0000    0.0000    0.0001
   4906.44    0.0000    0.0000    0.0001
   4907.47    0.0000    0.0000    0.0001
   4908.50    0.0000    0.0000    0.0001
   4909.54    0.0000    0.0000    0.0001
   4910.57    0.0000    0.0000    0.0001
   4911.60    0.0000    0.0000    0.0001
   4912.63    0.0000    0.0000    0.0001
   4913.67    0.0000    0.0000    0.0001
   4914.70    0.0000    0.0000    0.0001
   4915.73    0.0000    0.0000    0.0001
   4916.76    0.0000    0.0000    0.0001
   4917.80    0.0000    0.0000    0.0001
   4918.83    0.0000    0.0000    0.0001
   4919.86    0.0000    0.0000    0.0001
   4920.89    0.0000    0.0000    0.0001
   4921.93    0.0000    0.0001    0.0001
   4922.96    0.0000    0.0001    0.0000
   4923.99    0.0000    0.0001   -0.0000
   4925.02    0.0000    0.0000   -0.0001
   4926.06    0.0000    0.0000   -0.0001
   4927.09    0.0000   -0.0000   -0.0001
   4928.12    0.0000   -0.0000   -0.0001
   4929.15    0.0000   -0.0001   -0.0001
   4930.19    0.0000   -0.0001   -0.0000
   4931.22    0.0000   -0.0001   -0.0000
   4932.25    0.0000   -0.0000    0.0000
   4933.28    0.0000   -0.0000    0.0001
   4934.32    0.0000    0.0000    0.0001
   4935.35    0.0000    0.0000    0.0001
   4936.38    0.0000    0.0001    0.0001
   4937.41    0.0000    0.0001    0.0000
   4938.45    0.0000    0.0001    0.0000
   4939.48    0.0000    0.0000   -0.0000
   4940.51    0.0000    0.0000   -0.0001
   4941.54    0.0000   -0.0000   -0.0001
   4942.58    0.0000   -0.0000   -0.0001
   4943.61    0.0000   -0.0000   -0.0001
   4944.64    0.0000   -0.0001   -0.0001
   4945.67    0.0000   -0.0001   -0.0001
   4946.71    0.0000   -0.0001   -0.0000
   4947.74    0.0000   -0.0000    0.0000
   4948.77    0.0000   -0.0000    0.0000
   4949.80    0.0000   -0.0000    0.0001
   4950.84    0.0000    0.0000    0.0001
   4951.87    0.0000    0.0000    0.0001
   4952.90    0.0000    0.0000    0.0001
   4953.93    0.0000    0.0001    0.0000
   4954.97    0.0000    0.0001    0.0000
   4956.00    0.0000    0.0001   -0.0000
   4957.03    0.0000    0.0000   -0.0000
   4958.06    0.0000    0.0000   -0.0001
   4959.10    0.0000    0.0000   -0.0001
   4960.13    0.0000   -0.0000   -0.0001
   4961.16    0.0000   -0.0000   -0.0001
   4962.19    0.0000   -0.0000   -0.0001
   4963.23    0.0000   -0.0001   -0.0001
   4964.26    0.0000   -0.0001   -0.0001
   4965.29    0.0000   -0.0001   -0.0000
   4966.32    0.0000   -0.0001   -0.0000
   4967.36    0.0000   -0.0000    0.0000
   4968.39    0.0000   -0.0000    0.0000
   4969.42    0.0000   -0.0000    0.0001
   4970.45    0.0000    0.0000    0.0001
   4971.49    0.0000    0.0000    0.0001
   4972.52    0.0000    0.0000    0.0001
   4973.55    0.0000    0.0000    0.0001
   4974.58    0.0000    0.0001    0.0000
   4975.62    0.0000    0.0001    0.0000
   4976.65    0.0000    0.0001    0.0000
   4977.68    0.0000    0.0000   -0.0000
   4978.71    0.0000    0.0000   -0.0000
   4979.75    0.0000    0.0000   -0.0001
   4980.78    0.0000    0.0000   -0.0001
   4981.81    0.0000    0.0000   -0.0001
   4982.84    0.0000   -0.0000   -0.0001
   4983.88    0.0000   -0.0000   -0.0001
   4984.91    0.0000   -0.0000   -0.0001
   4985.94    0.0000   -0.0000   -0.0001
   4986.97    0.0000   -0.0000   -0.0001
   4988.01    0.0000   -0.0001   -0.0001
   4989.04    0.0000   -0.0001   -0.0000
   4990.07    0.0000   -0.0001   -0.0000
   4991.10    0.0000   -0.0000   -0.0000
   4992.14    0.0000   -0.0000    0.0000
   4993.17    0.0000   -0.0000    0.0000
   4994.20    0.0000   -0.0000    0.0000
   4995.23    0.0000   -0.0000    0.0000
   4996.27    0.0000   -0.0000    0.0001
   4997.30    0.0000    0.0000    0.0001
   4998.33    0.0000    0.0000    0.0001
   4999.36    0.0000    0.0000    0.0001
   5000.40    0.0000    0.0000    0.0001
   5001.43    0.0000    0.0000    0.0000
   5002.46    0.0000    0.0000    0.0000
   5003.49    0.0000    0.0000    0.0000
   5004.53    0.0000    0.0000    0.0000
   5005.56    0.0000    0.0000   -0.0000
   5006.59    0.0000    0.0000   -0.0000
   5007.62    0.0000    0.0000   -0.0000
   5008.66    0.0000    0.0000   -0.0000
   5009.69    0.0000    0.0000   -0.0001
   5010.72    0.0000    0.0000   -0.0001
   5011.75    0.0000    0.0000   -0.0001
   5012.79    0.0000    0.0000   -0.0001
   5013.82    0.0000    0.0000   -0.0001
   5014.85    0.0000   -0.0000   -0.0001
   5015.88    0.0000   -0.0000   -0.0001
   5016.92    0.0000   -0.0000   -0.0001
   5017.95    0.0000   -0.0000   -0.0001
   5018.98    0.0000   -0.0000   -0.0001
   5020.01    0.0000   -0.0000   -0.0001
   5021.05    0.0000   -0.0000   -0.0001
   5022.08    0.0000   -0.0000   -0.0001
   5023.11    0.0000   -0.0000   -0.0001
   5024.14    0.0000   -0.0000   -0.0001
   5025.18    0.0000   -0.0000   -0.0000
   5026.21    0.0000   -0.0000   -0.0000
   5027.24    0.0000   -0.0000   -0.0000
   5028.27    0.0000   -0.0000   -0.0000
   5029.31    0.0000   -0.0000   -0.0000
   5030.34    0.0000   -0.0000   -0.0000
   5031.37    0.0000   -0.0000    0.0000
   5032.40    0.0000   -0.0000    0.0000
   5033.44    0.0000   -0.0000    0.0000
   5034.47    0.0000   -0.0000    0.0000
   5035.50    0.0000   -0.0000    0.0000
   5036.53    0.0000   -0.0000    0.0000
   5037.57    0.0000    0.0000    0.0000
   5038.60    0.0000    0.0000    0.0000
   5039.63    0.0000    0.0000    0.0000
   5040.66    0.0000    0.0000    0.0000
   5041.70    0.0000    0.0000    0.0000
   5042.73    0.0000    0.0000    0.0000
   5043.76    0.0000    0.0000    0.0000
   5044.79    0.0000    0.0000    0.0000
   5045.83    0.0000    0.0000    0.0000
   5046.86    0.0000    0.0000    0.0000
   5047.89    0.0000    0.0000    0.0000
   5048.92    0.0000    0.0000    0.0000
   5049.96    0.0000    0.0000    0.0000
   5050.99    0.0000    0.0000   -0.0000
   5052.02    0.0000    0.0000   -0.0000
   5053.05    0.0000    0.0000   -0.0000
   5054.09    0.0000    0.0000   -0.0000
   5055.12    0.0000    0.0000   -0.0000
   5056.15    0.0000    0.0000   -0.0000
   5057.18    0.0000    0.0000   -0.0000
   5058.22    0.0000    0.0000   -0.0000
   5059.25    0.0000    0.0000   -0.0000
   5060.28    0.0000    0.0000   -0.0000
   5061.31    0.0000    0.0000   -0.0001
   5062.35    0.0000    0.0000   -0.0001
   5063.38    0.0000    0.0000   -0.0001
   5064.41    0.0000    0.0000   -0.0001
   5065.44    0.0000    0.0000   -0.0001
   5066.48    0.0000    0.0000   -0.0001
   5067.51    0.0000    0.0000   -0.0001
   5068.54    0.0000    0.0000   -0.0001
   5069.57    0.0000    0.0000   -0.0001
   5070.61    0.0000   -0.0000   -0.0001
   5071.64    0.0000   -0.0000   -0.0001
   5072.67    0.0000   -0.0000   -0.0001
   5073.70    0.0000   -0.0000   -0.0001
   5074.74    0.0000   -0.0000   -0.0001
   5075.77    0.0000   -0.0000   -0.0001
   5076.80    0.0000   -0.0000   -0.0001
   5077.83    0.0000   -0.0000   -0.0001
   5078.87    0.0000   -0.0000   -0.0001
   5079.90    0.0000   -0.0000   -0.0001
   5080.93    0.0000   -0.0000   -0.0001
   5081.96    0.0000   -0.0000   -0.0001
   5083.00    0.0000   -0.0000   -0.0001
   5084.03    0.0000   -0.0000   -0.0001
   5085.06    0.0000   -0.0000   -0.0001
   5086.09    0.0000   -0.0000   -0.0001
   5087.13    0.0000   -0.0000   -0.0001
   5088.16    0.0000   -0.0000   -0.0000
   5089.19    0.0000   -0.0000   -0.0000
   5090.22    0.0000   -0.0000   -0.0000
   5091.26    0.0000   -0.0000   -0.0000
   5092.29    0.0000   -0.0000   -0.0000
   5093.32    0.0000   -0.0000   -0.0000
   5094.35    0.0000   -0.0000   -0.0000
   5095.39    0.0000   -0.0000   -0.0000
   5096.42    0.0000   -0.0000   -0.0000
   5097.45    0.0000   -0.0000   -0.0000
   5098.48    0.0000   -0.0000   -0.0000
   5099.52    0.0000   -0.0000   -0.0000
   5100.55    0.0000   -0.0000   -0.0000
   5101.58    0.0000   -0.0000   -0.0000
   5102.61    0.0000   -0.0000   -0.0000
   5103.65    0.0000   -0.0000   -0.0000
   5104.68    0.0000   -0.0000   -0.0000
   5105.71    0.0000   -0.0000   -0.0000
   5106.74    0.0000   -0.0000    0.0000
   5107.78    0.0000   -0.0000    0.0000
   5108.81    0.0000   -0.0000    0.0000
   5109.84    0.0000   -0.0000    0.0000
   5110.87    0.0000   -0.0000    0.0000
   5111.91    0.0000   -0.0000    0.0000
   5112.94    0.0000   -0.0000    0.0000
   5113.97    0.0000   -0.0000    0.0000
   5115.00    0.0000    0.0000    0.0000
   5116.04    0.0000    0.0000    0.0000
   5117.07    0.0000    0.0000    0.0000
   5118.10    0.0000    0.0000    0.0000
   5119.13    0.0000    0.0000    0.0000
   5120.17    0.0000    0.0000    0.0000
   5121.20    0.0000    0.0000    0.0000
   5122.23    0.0000    0.0000    0.0000
   5123.26    0.0000    0.0000    0.0000
   5124.30    0.0000    0.0000    0.0000
   5125.33    0.0000    0.0000    0.0000
   5126.36    0.0000    0.0000    0.0000
   5127.39    0.0000    0.0000    0.0000
   5128.43    0.0000    0.0000    0.0000
   5129.46    0.0000    0.0000    0.0000
   5130.49    0.0000    0.0000    0.0000
   5131.52    0.0000    0.0000    0.0000
   5132.56    0.0000    0.0000    0.0000
   5133.59    0.0000    0.0000    0.0000
   5134.62    0.0000    0.0000    0.0000
   5135.65    0.0000    0.0000    0.0000
   5136.69    0.0000    0.0000    0.0000
   5137.72    0.0000    0.0000    0.0000
   5138.75    0.0000    0.0000    0.0000
   5139.78    0.0000    0.0000    0.0000
   5140.82    0.0000    0.0000    0.0000
   5141.85    0.0000    0.0000    0.0000
   5142.88    0.0000    0.0000    0.0000
   5143.91    0.0000    0.0000    0.0000
   5144.95    0.0000    0.0000   -0.0000
   5145.98    0.0000    0.0000   -0.0000
   5147.01    0.0000    0.0000   -0.0000
   5148.04    0.0000    0.0000   -0.0000
   5149.08    0.0000    0.0000   -0.0000
   5150.11    0.0000    0.0000   -0.0000
   5151.14    0.0000    0.0000   -0.0000
   5152.17    0.0000    0.0000   -0.0000
   5153.21    0.0000    0.0000   -0.0000
   5154.24    0.0000    0.0000   -0.0000
   5155.27    0.0000    0.0000   -0.0000
   5156.30    0.0000    0.0000   -0.0000
   5157.34    0.0000    0.0000   -0.0000
   5158.37    0.0000    0.0000   -0.0000
   5159.40    0.0000    0.0000   -0.0000
   5160.43    0.0000    0.0000   -0.0000
   5161.47    0.0000    0.0000   -0.0000
   5162.50    0.0000    0.0000   -0.0000
   5163.53    0.0000    0.0000   -0.0000
   5164.56    0.0000    0.0000   -0.0000
   5165.60    0.0000    0.0000   -0.0000
   5166.63    0.0000    0.0000   -0.0000
   5167.66    0.0000    0.0000   -0.0000
   5168.69    0.0000    0.0000   -0.0000
   5169.73    0.0000    0.0000   -0.0001
   5170.76    0.0000    0.0000   -0.0001
   5171.79    0.0000    0.0000   -0.0001
   5172.82    0.0000    0.0000   -0.0001
   5173.86    0.0000    0.0000   -0.0001
   5174.89    0.0000    0.0000   -0.0001
   5175.92    0.0000    0.0000   -0.0001
   5176.95    0.0000    0.0000   -0.0001
   5177.99    0.0000    0.0000   -0.0001
   5179.02    0.0000    0.0000   -0.0001
   5180.05    0.0000    0.0000   -0.0001
   5181.08    0.0000    0.0000   -0.0001
   5182.12    0.0000    0.0000   -0.0001
   5183.15    0.0000    0.0000   -0.0001
   5184.18    0.0000    0.0000   -0.0001
   5185.21    0.0000   -0.0000   -0.0001
   5186.25    0.0000   -0.0000   -0.0001
   5187.28    0.0000   -0.0000   -0.0001
   5188.31    0.0000   -0.0000   -0.0001
   5189.34    0.0000   -0.0000   -0.0001
   5190.38    0.0000   -0.0000   -0.0001
   5191.41    0.0000   -0.0000   -0.0001
   5192.44    0.0000   -0.0000   -0.0001
   5193.47    0.0000   -0.0000   -0.0001
   5194.51    0.0000   -0.0000   -0.0001
   5195.54    0.0000   -0.0000   -0.0001
   5196.57    0.0000   -0.0000   -0.0001
   5197.60    0.0000   -0.0000   -0.0001
   5198.64    0.0000   -0.0000   -0.0001
   5199.67    0.0000   -0.0000   -0.0001
   5200.70    0.0000   -0.0000   -0.0001
   5201.73    0.0000   -0.0000   -0.0001
   5202.77    0.0000   -0.0000   -0.0001
   5203.80    0.0000   -0.0000   -0.0001
   5204.83    0.0000   -0.0000   -0.0001
   5205.86    0.0000   -0.0000   -0.0001
   5206.90    0.0000   -0.0000   -0.0001
   5207.93    0.0000   -0.0000   -0.0001
   5208.96    0.0000   -0.0000   -0.0001
   5209.99    0.0000   -0.0000   -0.0001
   5211.03    0.0000   -0.0000   -0.0001
   5212.06    0.0000   -0.0000   -0.0001
   5213.09    0.0000   -0.0001   -0.0001
   5214.12    0.0000   -0.0001   -0.0001
   5215.16    0.0000   -0.0001   -0.0001
   5216.19    0.0000   -0.0001   -0.0001
   5217.22    0.0000   -0.0001   -0.0001
   5218.25    0.0000   -0.0001   -0.0000
   5219.29    0.0000   -0.0001   -0.0000
   5220.32    0.0000   -0.0001   -0.0000
   5221.35    0.0000   -0.0001   -0.0000
   5222.38    0.0000   -0.0001   -0.0000
   5223.42    0.0000   -0.0001   -0.0000
   5224.45    0.0000   -0.0001   -0.0000
   5225.48    0.0000   -0.0001   -0.0000
   5226.51    0.0000   -0.0001   -0.0000
   5227.55    0.0000   -0.0001   -0.0000
   5228.58    0.0000   -0.0001    0.0000
   5229.61    0.0000   -0.0000    0.0000
   5230.64    0.0000   -0.0000    0.0000
   5231.68    0.0000   -0.0000    0.0000
   5232.71    0.0000   -0.0000    0.0000
   5233.74    0.0000   -0.0000    0.0000
   5234.77    0.0000   -0.0000    0.0000
   5235.81    0.0000   -0.0000    0.0000
   5236.84    0.0000   -0.0000    0.0001
   5237.87    0.0000   -0.0000    0.0001
   5238.90    0.0000   -0.0000    0.0001
   5239.94    0.0000   -0.0000    0.0001
   5240.97    0.0000   -0.0000    0.0001
   5242.00    0.0000   -0.0000    0.0001
   5243.03    0.0000    0.0000    0.0001
   5244.07    0.0000    0.0000    0.0001
   5245.10    0.0000    0.0000    0.0001
   5246.13    0.0000    0.0000    0.0001
   5247.16    0.0000    0.0000    0.0001
   5248.20    0.0000    0.0000    0.0001
   5249.23    0.0000    0.0000    0.0001
   5250.26    0.0000    0.0000    0.0001
   5251.29    0.0000    0.0000    0.0001
   5252.33    0.0000    0.0001    0.0001
   5253.36    0.0000    0.0001    0.0001
   5254.39    0.0000    0.0001    0.0001
   5255.42    0.0000    0.0001    0.0001
   5256.46    0.0000    0.0001    0.0000
   5257.49    0.0000    0.0001    0.0000
   5258.52    0.0000    0.0001    0.0000
