     #Time      Norm      Real      Imag
   4519.25    0.0000   -0.0000    0.0000
   4520.28    0.0000   -0.0000    0.0000
   4521.32    0.0000   -0.0001    0.0000
   4522.35    0.0000   -0.0001    0.0000
   4523.38    0.0000   -0.0001    0.0000
   4524.41    0.0000   -0.0001    0.0001
   4525.45    0.0000   -0.0001    0.0001
   4526.48    0.0000   -0.0000    0.0001
   4527.51    0.0000    0.0000    0.0001
   4528.54    0.0000    0.0001    0.0001
   4529.58    0.0000    0.0002    0.0001
   4530.61    0.0000    0.0002    0.0001
   4531.64    0.0000    0.0002    0.0001
   4532.67    0.0000    0.0002    0.0000
   4533.71    0.0000    0.0002    0.0000
   4534.74    0.0000    0.0002    0.0000
   4535.77    0.0000    0.0002    0.0000
   4536.80    0.0000    0.0002    0.0001
   4537.84    0.0000    0.0002    0.0001
   4538.87    0.0000    0.0002    0.0001
   4539.90    0.0000    0.0002    0.0001
   4540.93    0.0000    0.0003    0.0002
   4541.97    0.0000    0.0003    0.0002
   4543.00    0.0000    0.0004    0.0002
   4544.03    0.0000    0.0004    0.0002
   4545.06    0.0000    0.0005    0.0002
   4546.10    0.0000    0.0005    0.0002
   4547.13    0.0000    0.0005    0.0002
   4548.16    0.0000    0.0005    0.0002
   4549.19    0.0000    0.0004    0.0002
   4550.23    0.0000    0.0004    0.0001
   4551.26    0.0000    0.0004    0.0001
   4552.29    0.0000    0.0004    0.0001
   4553.32    0.0000    0.0003    0.0001
   4554.36    0.0000    0.0003    0.0001
   4555.39    0.0000    0.0003    0.0001
   4556.42    0.0000    0.0003    0.0001
   4557.45    0.0000    0.0003    0.0001
   4558.49    0.0000    0.0003    0.0001
   4559.52    0.0000    0.0003    0.0001
   4560.55    0.0000    0.0003    0.0001
   4561.58    0.0000    0.0003    0.0000
   4562.62    0.0000    0.0003    0.0000
   4563.65    0.0000    0.0003    0.0000
   4564.68    0.0000    0.0003    0.0000
   4565.71    0.0000    0.0003    0.0000
   4566.75    0.0000    0.0003    0.0000
   4567.78    0.0000    0.0003    0.0000
   4568.81    0.0000    0.0003    0.0000
   4569.84    0.0000    0.0002    0.0000
   4570.88    0.0000    0.0002   -0.0000
   4571.91    0.0000    0.0001   -0.0000
   4572.94    0.0000    0.0001   -0.0001
   4573.97    0.0000    0.0000   -0.0002
   4575.01    0.0000   -0.0000   -0.0003
   4576.04    0.0000   -0.0001   -0.0003
   4577.07    0.0000   -0.0002   -0.0003
   4578.10    0.0000   -0.0002   -0.0002
   4579.14    0.0000   -0.0002   -0.0001
   4580.17    0.0000   -0.0001   -0.0000
   4581.20    0.0000   -0.0000    0.0001
   4582.23    0.0000    0.0001    0.0002
   4583.27    0.0000    0.0002    0.0002
   4584.30    0.0000    0.0003    0.0003
   4585.33    0.0000    0.0003    0.0002
   4586.36    0.0000    0.0003    0.0002
   4587.40    0.0000    0.0002    0.0000
   4588.43    0.0000    0.0000   -0.0001
   4589.46    0.0000   -0.0001   -0.0002
   4590.49    0.0000   -0.0002   -0.0003
   4591.53    0.0000   -0.0003   -0.0003
   4592.56    0.0000   -0.0003   -0.0003
   4593.59    0.0000   -0.0003   -0.0003
   4594.62    0.0000   -0.0002   -0.0002
   4595.66    0.0000   -0.0001   -0.0000
   4596.69    0.0000   -0.0000    0.0001
   4597.72    0.0000    0.0001    0.0002
   4598.75    0.0000    0.0002    0.0003
   4599.79    0.0000    0.0002    0.0004
   4600.82    0.0000    0.0002    0.0004
   4601.85    0.0000    0.0002    0.0004
   4602.88    0.0000    0.0002    0.0003
   4603.92    0.0000    0.0002    0.0002
   4604.95    0.0000    0.0001    0.0000
   4605.98    0.0000   -0.0000   -0.0001
   4607.01    0.0000   -0.0001   -0.0002
   4608.05    0.0000   -0.0002   -0.0003
   4609.08    0.0000   -0.0002   -0.0004
   4610.11    0.0000   -0.0003   -0.0004
   4611.14    0.0000   -0.0003   -0.0004
   4612.18    0.0000   -0.0003   -0.0003
   4613.21    0.0000   -0.0002   -0.0002
   4614.24    0.0000   -0.0001   -0.0001
   4615.27    0.0000   -0.0000    0.0001
   4616.31    0.0000    0.0001    0.0002
   4617.34    0.0000    0.0002    0.0003
   4618.37    0.0000    0.0003    0.0004
   4619.40    0.0000    0.0003    0.0005
   4620.44    0.0000    0.0003    0.0004
   4621.47    0.0000    0.0003    0.0004
   4622.50    0.0000    0.0002    0.0003
   4623.53    0.0000    0.0002    0.0001
   4624.57    0.0000    0.0001   -0.0000
   4625.60    0.0000   -0.0000   -0.0002
   4626.63    0.0000   -0.0001   -0.0003
   4627.66    0.0000   -0.0002   -0.0004
   4628.70    0.0000   -0.0003   -0.0005
   4629.73    0.0000   -0.0003   -0.0005
   4630.76    0.0000   -0.0004   -0.0005
   4631.79    0.0000   -0.0004   -0.0004
   4632.83    0.0000   -0.0003   -0.0003
   4633.86    0.0000   -0.0003   -0.0002
   4634.89    0.0000   -0.0002   -0.0000
   4635.92    0.0000   -0.0001    0.0002
   4636.96    0.0000    0.0000    0.0003
   4637.99    0.0000    0.0001    0.0004
   4639.02    0.0000    0.0002    0.0005
   4640.05    0.0000    0.0003    0.0005
   4641.09    0.0000    0.0004    0.0005
   4642.12    0.0000    0.0004    0.0005
   4643.15    0.0000    0.0004    0.0004
   4644.18    0.0000    0.0003    0.0003
   4645.22    0.0000    0.0003    0.0002
   4646.25    0.0000    0.0002    0.0000
   4647.28    0.0000    0.0001   -0.0001
   4648.31    0.0000   -0.0000   -0.0002
   4649.35    0.0000   -0.0001   -0.0003
   4650.38    0.0000   -0.0002   -0.0004
   4651.41    0.0000   -0.0003   -0.0004
   4652.44    0.0000   -0.0004   -0.0003
   4653.48    0.0000   -0.0004   -0.0003
   4654.51    0.0000   -0.0004   -0.0002
   4655.54    0.0000   -0.0004   -0.0001
   4656.57    0.0000   -0.0003    0.0001
   4657.61    0.0000   -0.0002    0.0002
   4658.64    0.0000   -0.0001    0.0004
   4659.67    0.0000   -0.0000    0.0005
   4660.70    0.0000    0.0001    0.0005
   4661.74    0.0000    0.0002    0.0006
   4662.77    0.0000    0.0003    0.0006
   4663.80    0.0000    0.0004    0.0005
   4664.83    0.0000    0.0004    0.0004
   4665.87    0.0000    0.0004    0.0003
   4666.90    0.0000    0.0003    0.0002
   4667.93    0.0000    0.0002    0.0000
   4668.96    0.0000    0.0001   -0.0001
   4670.00    0.0000   -0.0000   -0.0002
   4671.03    0.0000   -0.0002   -0.0003
   4672.06    0.0000   -0.0003   -0.0003
   4673.09    0.0000   -0.0004   -0.0002
   4674.13    0.0000   -0.0005   -0.0001
   4675.16    0.0000   -0.0005    0.0000
   4676.19    0.0000   -0.0004    0.0002
   4677.22    0.0000   -0.0003    0.0003
   4678.26    0.0000   -0.0002    0.0004
   4679.29    0.0000    0.0000    0.0005
   4680.32    0.0000    0.0002    0.0005
   4681.35    0.0000    0.0004    0.0005
   4682.39    0.0000    0.0005    0.0004
   4683.42    0.0000    0.0006    0.0003
   4684.45    0.0000    0.0006    0.0002
   4685.48    0.0000    0.0005    0.0001
   4686.52    0.0000    0.0003   -0.0001
   4687.55    0.0000    0.0001   -0.0001
   4688.58    0.0000   -0.0002   -0.0002
   4689.61    0.0000   -0.0004   -0.0002
   4690.65    0.0000   -0.0004   -0.0001
   4691.68    0.0000   -0.0004   -0.0000
   4692.71    0.0000   -0.0003    0.0001
   4693.74    0.0000   -0.0001    0.0002
   4694.78    0.0000    0.0002    0.0002
   4695.81    0.0000    0.0004    0.0002
   4696.84    0.0000    0.0005    0.0002
   4697.87    0.0000    0.0005    0.0001
   4698.91    0.0000    0.0003   -0.0001
   4699.94    0.0000    0.0001   -0.0002
   4700.97    0.0000   -0.0002   -0.0004
   4702.00    0.0000   -0.0005   -0.0004
   4703.04    0.0000   -0.0007   -0.0004
   4704.07    0.0000   -0.0007   -0.0004
   4705.10    0.0000   -0.0006   -0.0002
   4706.13    0.0000   -0.0004   -0.0001
   4707.17    0.0000   -0.0001    0.0001
   4708.20    0.0000    0.0003    0.0002
   4709.23    0.0000    0.0005    0.0003
   4710.26    0.0000    0.0007    0.0003
   4711.30    0.0000    0.0006    0.0002
   4712.33    0.0000    0.0003    0.0001
   4713.36    0.0000   -0.0000   -0.0000
   4714.39    0.0000   -0.0004   -0.0002
   4715.43    0.0000   -0.0007   -0.0003
   4716.46    0.0000   -0.0008   -0.0003
   4717.49    0.0000   -0.0007   -0.0002
   4718.52    0.0000   -0.0004   -0.0001
   4719.56    0.0000   -0.0000    0.0000
   4720.59    0.0000    0.0004    0.0002
   4721.62    0.0000    0.0006    0.0002
   4722.65    0.0000    0.0006    0.0002
   4723.69    0.0000    0.0004    0.0001
   4724.72    0.0000    0.0000   -0.0001
   4725.75    0.0000   -0.0004   -0.0004
   4726.78    0.0000   -0.0008   -0.0005
   4727.82    0.0000   -0.0009   -0.0006
   4728.85    0.0000   -0.0008   -0.0006
   4729.88    0.0000   -0.0005   -0.0004
   4730.91    0.0000   -0.0000   -0.0001
   4731.95    0.0000    0.0004    0.0001
   4732.98    0.0000    0.0006    0.0003
   4734.01    0.0000    0.0007    0.0004
   4735.04    0.0000    0.0006    0.0004
   4736.08    0.0000    0.0004    0.0004
   4737.11    0.0000    0.0002    0.0004
   4738.14    0.0000   -0.0001    0.0003
   4739.17    0.0000   -0.0003    0.0002
   4740.21    0.0000   -0.0005    0.0001
   4741.24    0.0000   -0.0005   -0.0000
   4742.27    0.0000   -0.0005   -0.0002
   4743.30    0.0000   -0.0004   -0.0003
   4744.34    0.0000   -0.0003   -0.0004
   4745.37    0.0000   -0.0002   -0.0005
   4746.40    0.0000   -0.0001   -0.0005
   4747.43    0.0000   -0.0001   -0.0004
   4748.47    0.0000    0.0001   -0.0003
   4749.50    0.0000    0.0002   -0.0002
   4750.53    0.0000    0.0003   -0.0000
   4751.56    0.0000    0.0003    0.0001
   4752.60    0.0000    0.0003    0.0002
   4753.63    0.0000    0.0001    0.0003
   4754.66    0.0000   -0.0002    0.0003
   4755.69    0.0000   -0.0005    0.0002
   4756.73    0.0000   -0.0008    0.0001
   4757.76    0.0000   -0.0009   -0.0001
   4758.79    0.0000   -0.0009   -0.0003
   4759.82    0.0000   -0.0007   -0.0004
   4760.86    0.0000   -0.0004   -0.0003
   4761.89    0.0000    0.0000   -0.0002
   4762.92    0.0000    0.0003    0.0001
   4763.95    0.0000    0.0004    0.0004
   4764.99    0.0000    0.0003    0.0006
   4766.02    0.0000   -0.0000    0.0006
   4767.05    0.0000   -0.0004    0.0004
   4768.08    0.0000   -0.0006    0.0001
   4769.12    0.0000   -0.0007   -0.0003
   4770.15    0.0000   -0.0004   -0.0006
   4771.18    0.0000   -0.0002   -0.0006
   4772.21    0.0000    0.0001   -0.0004
   4773.25    0.0000    0.0003   -0.0002
   4774.28    0.0000    0.0006    0.0000
   4775.31    0.0000    0.0007    0.0001
   4776.34    0.0000    0.0008    0.0000
   4777.38    0.0000    0.0007   -0.0002
   4778.41    0.0000    0.0004   -0.0004
   4779.44    0.0000    0.0002   -0.0006
   4780.47    0.0000    0.0001   -0.0007
   4781.51    0.0000    0.0000   -0.0007
   4782.54    0.0000    0.0000   -0.0007
   4783.57    0.0000    0.0001   -0.0006
   4784.60    0.0000    0.0001   -0.0006
   4785.64    0.0000    0.0001   -0.0007
   4786.67    0.0000    0.0002   -0.0007
   4787.70    0.0000    0.0002   -0.0007
   4788.73    0.0000    0.0002   -0.0008
   4789.77    0.0000    0.0001   -0.0007
   4790.80    0.0000    0.0001   -0.0007
   4791.83    0.0000    0.0000   -0.0006
   4792.86    0.0000    0.0000   -0.0006
   4793.90    0.0000    0.0000   -0.0005
   4794.93    0.0000    0.0000   -0.0005
   4795.96    0.0000    0.0000   -0.0005
   4796.99    0.0000   -0.0000   -0.0006
   4798.03    0.0000   -0.0001   -0.0006
   4799.06    0.0000   -0.0002   -0.0006
   4800.09    0.0000   -0.0002   -0.0006
   4801.12    0.0000   -0.0002   -0.0006
   4802.16    0.0000   -0.0001   -0.0005
   4803.19    0.0000   -0.0001   -0.0004
   4804.22    0.0000   -0.0000   -0.0004
   4805.25    0.0000   -0.0000   -0.0004
   4806.29    0.0000   -0.0001   -0.0004
   4807.32    0.0000   -0.0002   -0.0004
   4808.35    0.0000   -0.0004   -0.0003
   4809.38    0.0000   -0.0004   -0.0002
   4810.42    0.0000   -0.0005   -0.0001
   4811.45    0.0000   -0.0004   -0.0000
   4812.48    0.0000   -0.0003    0.0000
   4813.51    0.0000   -0.0003   -0.0000
   4814.55    0.0000   -0.0002   -0.0001
   4815.58    0.0000   -0.0002   -0.0002
   4816.61    0.0000   -0.0002   -0.0004
   4817.64    0.0000   -0.0002   -0.0005
   4818.68    0.0000   -0.0002   -0.0006
   4819.71    0.0000   -0.0002   -0.0006
   4820.74    0.0000   -0.0002   -0.0005
   4821.77    0.0000   -0.0002   -0.0003
   4822.81    0.0000   -0.0003   -0.0002
   4823.84    0.0000   -0.0003   -0.0001
   4824.87    0.0000   -0.0004    0.0000
   4825.90    0.0000   -0.0004    0.0001
   4826.94    0.0000   -0.0004    0.0001
   4827.97    0.0000   -0.0003    0.0000
   4829.00    0.0000   -0.0001   -0.0000
   4830.03    0.0000    0.0000   -0.0001
   4831.07    0.0000    0.0002   -0.0003
   4832.10    0.0000    0.0002   -0.0004
   4833.13    0.0000    0.0002   -0.0004
   4834.16    0.0000    0.0002   -0.0004
   4835.20    0.0000    0.0001   -0.0003
   4836.23    0.0000    0.0000   -0.0001
   4837.26    0.0000   -0.0000    0.0001
   4838.29    0.0000   -0.0000    0.0003
   4839.33    0.0000    0.0000    0.0003
   4840.36    0.0000    0.0000    0.0002
   4841.39    0.0000    0.0001   -0.0000
   4842.42    0.0000    0.0001   -0.0003
   4843.46    0.0000    0.0001   -0.0005
   4844.49    0.0000    0.0002   -0.0006
   4845.52    0.0000    0.0002   -0.0006
   4846.55    0.0000    0.0003   -0.0006
   4847.59    0.0000    0.0003   -0.0004
   4848.62    0.0000    0.0003   -0.0003
   4849.65    0.0000    0.0002   -0.0001
   4850.68    0.0000   -0.0000   -0.0001
   4851.72    0.0000   -0.0002   -0.0000
   4852.75    0.0000   -0.0004   -0.0001
   4853.78    0.0000   -0.0006   -0.0002
   4854.81    0.0000   -0.0006   -0.0004
   4855.85    0.0000   -0.0005   -0.0006
   4856.88    0.0000   -0.0003   -0.0008
   4857.91    0.0000   -0.0001   -0.0009
   4858.94    0.0000   -0.0000   -0.0009
   4859.98    0.0000    0.0000   -0.0009
   4861.01    0.0000    0.0000   -0.0007
   4862.04    0.0000   -0.0000   -0.0006
   4863.07    0.0000   -0.0002   -0.0005
   4864.11    0.0000   -0.0003   -0.0004
   4865.14    0.0000   -0.0004   -0.0004
   4866.17    0.0000   -0.0005   -0.0003
   4867.20    0.0000   -0.0006   -0.0003
   4868.24    0.0000   -0.0007   -0.0002
   4869.27    0.0000   -0.0007   -0.0001
   4870.30    0.0000   -0.0007   -0.0001
   4871.33    0.0000   -0.0006   -0.0002
   4872.37    0.0000   -0.0006   -0.0005
   4873.40    0.0000   -0.0005   -0.0007
   4874.43    0.0000   -0.0003   -0.0009
   4875.46    0.0000   -0.0002   -0.0010
   4876.50    0.0000   -0.0001   -0.0009
   4877.53    0.0000    0.0000   -0.0006
   4878.56    0.0000    0.0001   -0.0002
   4879.59    0.0000    0.0000    0.0002
   4880.63    0.0000   -0.0000    0.0006
   4881.66    0.0000   -0.0001    0.0007
   4882.69    0.0000   -0.0002    0.0008
   4883.72    0.0000   -0.0003    0.0006
   4884.76    0.0000   -0.0003    0.0004
   4885.79    0.0000   -0.0003    0.0000
   4886.82    0.0000   -0.0003   -0.0003
   4887.85    0.0000   -0.0003   -0.0005
   4888.89    0.0000   -0.0002   -0.0006
   4889.92    0.0000   -0.0000   -0.0005
   4890.95    0.0000    0.0001   -0.0003
   4891.98    0.0000    0.0003   -0.0001
   4893.02    0.0000    0.0005    0.0002
   4894.05    0.0000    0.0006    0.0004
   4895.08    0.0000    0.0007    0.0006
   4896.11    0.0000    0.0007    0.0006
   4897.15    0.0000    0.0006    0.0006
   4898.18    0.0000    0.0004    0.0004
   4899.21    0.0000    0.0001    0.0003
   4900.24    0.0000   -0.0002    0.0002
   4901.28    0.0000   -0.0005    0.0001
   4902.31    0.0000   -0.0007   -0.0000
   4903.34    0.0000   -0.0007   -0.0001
   4904.37    0.0000   -0.0006   -0.0002
   4905.41    0.0000   -0.0005   -0.0003
   4906.44    0.0000   -0.0003   -0.0004
   4907.47    0.0000   -0.0000   -0.0005
   4908.50    0.0000    0.0001   -0.0005
   4909.54    0.0000    0.0002   -0.0005
   4910.57    0.0000    0.0002   -0.0005
   4911.60    0.0000    0.0001   -0.0004
   4912.63    0.0000   -0.0001   -0.0003
   4913.67    0.0000   -0.0003   -0.0002
   4914.70    0.0000   -0.0004   -0.0001
   4915.73    0.0000   -0.0003   -0.0000
   4916.76    0.0000   -0.0003   -0.0001
   4917.80    0.0000   -0.0002   -0.0001
   4918.83    0.0000   -0.0002   -0.0002
   4919.86    0.0000   -0.0001   -0.0002
   4920.89    0.0000    0.0000   -0.0002
   4921.93    0.0000    0.0002   -0.0001
   4922.96    0.0000    0.0003   -0.0001
   4923.99    0.0000    0.0003   -0.0000
   4925.02    0.0000    0.0004    0.0000
   4926.06    0.0000    0.0003    0.0001
   4927.09    0.0000    0.0003    0.0001
   4928.12    0.0000    0.0002    0.0000
   4929.15    0.0000    0.0001   -0.0000
   4930.19    0.0000    0.0000   -0.0001
   4931.22    0.0000   -0.0001   -0.0002
   4932.25    0.0000   -0.0002   -0.0003
   4933.28    0.0000   -0.0003   -0.0003
   4934.32    0.0000   -0.0004   -0.0004
   4935.35    0.0000   -0.0004   -0.0004
   4936.38    0.0000   -0.0004   -0.0004
   4937.41    0.0000   -0.0004   -0.0004
   4938.45    0.0000   -0.0005   -0.0004
   4939.48    0.0000   -0.0005   -0.0003
   4940.51    0.0000   -0.0005   -0.0003
   4941.54    0.0000   -0.0005   -0.0002
   4942.58    0.0000   -0.0005   -0.0002
   4943.61    0.0000   -0.0004   -0.0001
   4944.64    0.0000   -0.0004   -0.0001
   4945.67    0.0000   -0.0004   -0.0001
   4946.71    0.0000   -0.0004   -0.0001
   4947.74    0.0000   -0.0003   -0.0000
   4948.77    0.0000   -0.0003   -0.0000
   4949.80    0.0000   -0.0002    0.0000
   4950.84    0.0000   -0.0001    0.0000
   4951.87    0.0000   -0.0001    0.0000
   4952.90    0.0000   -0.0000    0.0000
   4953.93    0.0000    0.0001   -0.0000
   4954.97    0.0000    0.0001   -0.0001
   4956.00    0.0000    0.0003   -0.0001
   4957.03    0.0000    0.0004   -0.0001
   4958.06    0.0000    0.0004   -0.0002
   4959.10    0.0000    0.0005   -0.0002
   4960.13    0.0000    0.0006   -0.0002
   4961.16    0.0000    0.0006   -0.0001
   4962.19    0.0000    0.0006   -0.0001
   4963.23    0.0000    0.0005   -0.0000
   4964.26    0.0000    0.0005   -0.0000
   4965.29    0.0000    0.0005    0.0000
   4966.32    0.0000    0.0004    0.0000
   4967.36    0.0000    0.0004    0.0000
   4968.39    0.0000    0.0004    0.0000
   4969.42    0.0000    0.0005    0.0000
   4970.45    0.0000    0.0005    0.0000
   4971.49    0.0000    0.0004   -0.0000
   4972.52    0.0000    0.0004    0.0000
   4973.55    0.0000    0.0003    0.0000
   4974.58    0.0000    0.0002    0.0000
   4975.62    0.0000    0.0001    0.0000
   4976.65    0.0000    0.0000    0.0001
   4977.68    0.0000   -0.0000    0.0001
   4978.71    0.0000   -0.0001    0.0000
   4979.75    0.0000   -0.0001    0.0000
   4980.78    0.0000   -0.0001    0.0000
   4981.81    0.0000   -0.0001    0.0000
   4982.84    0.0000   -0.0000    0.0000
   4983.88    0.0000   -0.0000    0.0000
   4984.91    0.0000   -0.0000    0.0000
   4985.94    0.0000   -0.0000    0.0001
   4986.97    0.0000   -0.0001    0.0001
   4988.01    0.0000   -0.0001    0.0001
   4989.04    0.0000   -0.0001    0.0002
   4990.07    0.0000   -0.0002    0.0002
   4991.10    0.0000   -0.0002    0.0002
   4992.14    0.0000   -0.0002    0.0002
   4993.17    0.0000   -0.0002    0.0002
   4994.20    0.0000   -0.0001    0.0002
   4995.23    0.0000   -0.0000    0.0003
   4996.27    0.0000    0.0000    0.0003
   4997.30    0.0000    0.0001    0.0003
   4998.33    0.0000    0.0001    0.0004
   4999.36    0.0000    0.0001    0.0004
   5000.40    0.0000    0.0001    0.0004
   5001.43    0.0000    0.0001    0.0005
   5002.46    0.0000    0.0000    0.0005
   5003.49    0.0000    0.0000    0.0005
   5004.53    0.0000   -0.0000    0.0005
   5005.56    0.0000   -0.0000    0.0005
   5006.59    0.0000    0.0000    0.0004
   5007.62    0.0000    0.0001    0.0003
   5008.66    0.0000    0.0001    0.0002
   5009.69    0.0000    0.0002    0.0001
   5010.72    0.0000    0.0002   -0.0000
   5011.75    0.0000    0.0003   -0.0001
   5012.79    0.0000    0.0004   -0.0001
   5013.82    0.0000    0.0004   -0.0001
   5014.85    0.0000    0.0005    0.0000
   5015.88    0.0000    0.0006    0.0001
   5016.92    0.0000    0.0006    0.0002
   5017.95    0.0000    0.0005    0.0003
   5018.98    0.0000    0.0004    0.0003
   5020.01    0.0000    0.0002    0.0003
   5021.05    0.0000    0.0000    0.0002
   5022.08    0.0000   -0.0002    0.0000
   5023.11    0.0000   -0.0004   -0.0002
   5024.14    0.0000   -0.0005   -0.0004
   5025.18    0.0000   -0.0005   -0.0006
   5026.21    0.0000   -0.0004   -0.0008
   5027.24    0.0000   -0.0002   -0.0008
   5028.27    0.0000    0.0001   -0.0007
   5029.31    0.0000    0.0003   -0.0006
   5030.34    0.0000    0.0005   -0.0003
   5031.37    0.0000    0.0006    0.0000
   5032.40    0.0000    0.0005    0.0003
   5033.44    0.0000    0.0003    0.0005
   5034.47    0.0000    0.0001    0.0005
   5035.50    0.0000   -0.0002    0.0004
   5036.53    0.0000   -0.0005    0.0002
   5037.57    0.0000   -0.0005   -0.0002
   5038.60    0.0000   -0.0005   -0.0005
   5039.63    0.0000   -0.0002   -0.0008
   5040.66    0.0000    0.0002   -0.0009
   5041.70    0.0000    0.0006   -0.0007
   5042.73    0.0000    0.0009   -0.0004
   5043.76    0.0000    0.0010    0.0000
   5044.79    0.0000    0.0009    0.0004
   5045.83    0.0000    0.0005    0.0006
   5046.86    0.0000    0.0000    0.0007
   5047.89    0.0000   -0.0004    0.0005
   5048.92    0.0000   -0.0008    0.0001
   5049.96    0.0000   -0.0008   -0.0002
   5050.99    0.0000   -0.0005   -0.0004
   5052.02    0.0000   -0.0003   -0.0005
   5053.05    0.0000    0.0000   -0.0004
   5054.09    0.0000    0.0003   -0.0003
   5055.12    0.0000    0.0005   -0.0000
   5056.15    0.0000    0.0006    0.0003
   5057.18    0.0000    0.0005    0.0005
   5058.22    0.0000    0.0003    0.0007
   5059.25    0.0000    0.0001    0.0007
   5060.28    0.0000   -0.0001    0.0006
   5061.31    0.0000   -0.0003    0.0003
   5062.35    0.0000   -0.0003   -0.0000
   5063.38    0.0000   -0.0002   -0.0003
   5064.41    0.0000   -0.0000   -0.0005
   5065.44    0.0000    0.0002   -0.0005
   5066.48    0.0000    0.0004   -0.0004
   5067.51    0.0000    0.0006   -0.0002
   5068.54    0.0000    0.0005    0.0001
   5069.57    0.0000    0.0004    0.0004
   5070.61    0.0000    0.0002    0.0006
   5071.64    0.0000   -0.0001    0.0006
   5072.67    0.0000   -0.0003    0.0004
   5073.70    0.0000   -0.0003    0.0000
   5074.74    0.0000   -0.0001   -0.0004
   5075.77    0.0000    0.0001   -0.0007
   5076.80    0.0000    0.0004   -0.0008
   5077.83    0.0000    0.0006   -0.0007
   5078.87    0.0000    0.0007   -0.0006
   5079.90    0.0000    0.0006   -0.0005
   5080.93    0.0000    0.0006   -0.0004
   5081.96    0.0000    0.0004   -0.0003
   5083.00    0.0000    0.0002   -0.0001
   5084.03    0.0000    0.0000   -0.0000
   5085.06    0.0000   -0.0002    0.0001
   5086.09    0.0000   -0.0004    0.0002
   5087.13    0.0000   -0.0006    0.0002
   5088.16    0.0000   -0.0007    0.0003
   5089.19    0.0000   -0.0008    0.0002
   5090.22    0.0000   -0.0009    0.0002
   5091.26    0.0000   -0.0009    0.0001
   5092.29    0.0000   -0.0009   -0.0000
   5093.32    0.0000   -0.0008   -0.0001
   5094.35    0.0000   -0.0008   -0.0002
   5095.39    0.0000   -0.0007   -0.0003
   5096.42    0.0000   -0.0006   -0.0003
   5097.45    0.0000   -0.0005   -0.0003
   5098.48    0.0000   -0.0004   -0.0004
   5099.52    0.0000   -0.0002   -0.0004
   5100.55    0.0000   -0.0001   -0.0004
   5101.58    0.0000    0.0000   -0.0005
   5102.61    0.0000    0.0001   -0.0005
   5103.65    0.0000    0.0002   -0.0005
   5104.68    0.0000    0.0003   -0.0005
   5105.71    0.0000    0.0004   -0.0005
   5106.74    0.0000    0.0004   -0.0004
   5107.78    0.0000    0.0005   -0.0004
   5108.81    0.0000    0.0005   -0.0003
   5109.84    0.0000    0.0005   -0.0001
   5110.87    0.0000    0.0005    0.0000
   5111.91    0.0000    0.0005    0.0002
   5112.94    0.0000    0.0004    0.0003
   5113.97    0.0000    0.0004    0.0005
   5115.00    0.0000    0.0002    0.0006
   5116.04    0.0000    0.0001    0.0007
   5117.07    0.0000   -0.0000    0.0008
   5118.10    0.0000   -0.0001    0.0008
   5119.13    0.0000   -0.0002    0.0008
   5120.17    0.0000   -0.0002    0.0007
   5121.20    0.0000   -0.0002    0.0006
   5122.23    0.0000   -0.0001    0.0005
   5123.26    0.0000   -0.0000    0.0004
   5124.30    0.0000    0.0001    0.0003
   5125.33    0.0000    0.0002    0.0002
   5126.36    0.0000    0.0002    0.0003
   5127.39    0.0000    0.0002    0.0003
   5128.43    0.0000    0.0002    0.0004
   5129.46    0.0000    0.0002    0.0005
   5130.49    0.0000    0.0001    0.0006
   5131.52    0.0000    0.0000    0.0007
   5132.56    0.0000   -0.0000    0.0008
   5133.59    0.0000   -0.0001    0.0008
   5134.62    0.0000   -0.0001    0.0008
   5135.65    0.0000   -0.0002    0.0007
   5136.69    0.0000   -0.0002    0.0006
   5137.72    0.0000   -0.0002    0.0005
   5138.75    0.0000   -0.0002    0.0005
   5139.78    0.0000   -0.0002    0.0004
   5140.82    0.0000   -0.0002    0.0003
   5141.85    0.0000   -0.0001    0.0003
   5142.88    0.0000   -0.0001    0.0003
   5143.91    0.0000    0.0000    0.0003
   5144.95    0.0000    0.0001    0.0003
   5145.98    0.0000    0.0001    0.0003
   5147.01    0.0000    0.0002    0.0004
   5148.04    0.0000    0.0003    0.0005
   5149.08    0.0000    0.0004    0.0004
   5150.11    0.0000    0.0004    0.0003
   5151.14    0.0000    0.0002    0.0001
   5152.17    0.0000    0.0000   -0.0000
   5153.21    0.0000   -0.0002   -0.0002
   5154.24    0.0000   -0.0004   -0.0003
   5155.27    0.0000   -0.0004   -0.0003
   5156.30    0.0000   -0.0004   -0.0002
   5157.34    0.0000   -0.0002   -0.0001
   5158.37    0.0000   -0.0001    0.0000
   5159.40    0.0000    0.0002    0.0001
   5160.43    0.0000    0.0003    0.0002
   5161.47    0.0000    0.0004    0.0002
   5162.50    0.0000    0.0004    0.0002
   5163.53    0.0000    0.0004    0.0002
   5164.56    0.0000    0.0003    0.0002
   5165.60    0.0000    0.0001    0.0002
   5166.63    0.0000   -0.0001    0.0001
   5167.66    0.0000   -0.0002    0.0001
   5168.69    0.0000   -0.0003    0.0000
   5169.73    0.0000   -0.0004   -0.0001
   5170.76    0.0000   -0.0004   -0.0002
   5171.79    0.0000   -0.0004   -0.0003
   5172.82    0.0000   -0.0004   -0.0004
   5173.86    0.0000   -0.0003   -0.0004
   5174.89    0.0000   -0.0001   -0.0004
   5175.92    0.0000    0.0000   -0.0004
   5176.95    0.0000    0.0002   -0.0003
   5177.99    0.0000    0.0003   -0.0002
   5179.02    0.0000    0.0005   -0.0001
   5180.05    0.0000    0.0005    0.0000
   5181.08    0.0000    0.0005    0.0002
   5182.12    0.0000    0.0005    0.0003
   5183.15    0.0000    0.0004    0.0004
   5184.18    0.0000    0.0002    0.0004
   5185.21    0.0000    0.0000    0.0005
   5186.25    0.0000   -0.0001    0.0005
   5187.28    0.0000   -0.0002    0.0005
   5188.31    0.0000   -0.0003    0.0005
   5189.34    0.0000   -0.0003    0.0005
   5190.38    0.0000   -0.0002    0.0005
   5191.41    0.0000   -0.0002    0.0005
   5192.44    0.0000   -0.0001    0.0005
   5193.47    0.0000   -0.0001    0.0005
   5194.51    0.0000   -0.0001    0.0005
   5195.54    0.0000   -0.0001    0.0004
   5196.57    0.0000   -0.0000    0.0004
   5197.60    0.0000   -0.0000    0.0003
   5198.64    0.0000    0.0001    0.0003
   5199.67    0.0000    0.0001    0.0003
   5200.70    0.0000    0.0002    0.0002
   5201.73    0.0000    0.0002    0.0002
   5202.77    0.0000    0.0002    0.0002
   5203.80    0.0000    0.0001    0.0002
   5204.83    0.0000    0.0001    0.0002
   5205.86    0.0000   -0.0000    0.0001
   5206.90    0.0000   -0.0001    0.0001
   5207.93    0.0000   -0.0002    0.0001
   5208.96    0.0000   -0.0002    0.0001
   5209.99    0.0000   -0.0002    0.0001
   5211.03    0.0000   -0.0001    0.0001
   5212.06    0.0000   -0.0001    0.0001
   5213.09    0.0000   -0.0001    0.0002
   5214.12    0.0000   -0.0001    0.0002
   5215.16    0.0000   -0.0001    0.0002
   5216.19    0.0000   -0.0001    0.0001
   5217.22    0.0000    0.0002   -0.0001
   5218.25    0.0000    0.0005   -0.0002
   5219.29    0.0000    0.0007   -0.0002
   5220.32    0.0000    0.0008   -0.0000
   5221.35    0.0000    0.0007    0.0002
   5222.38    0.0000    0.0004    0.0004
   5223.42    0.0000    0.0001    0.0005
   5224.45    0.0000   -0.0002    0.0005
   5225.48    0.0000   -0.0003    0.0005
   5226.51    0.0000   -0.0004    0.0003
   5227.55    0.0000   -0.0003    0.0002
   5228.58    0.0000   -0.0001    0.0001
   5229.61    0.0000    0.0002    0.0000
   5230.64    0.0000    0.0003    0.0001
   5231.68    0.0000    0.0004    0.0001
   5232.71    0.0000    0.0003    0.0002
   5233.74    0.0000    0.0002    0.0003
   5234.77    0.0000    0.0000    0.0003
   5235.81    0.0000   -0.0001    0.0002
   5236.84    0.0000   -0.0002    0.0001
   5237.87    0.0000   -0.0002   -0.0001
   5238.90    0.0000   -0.0001   -0.0004
   5239.94    0.0000    0.0000   -0.0005
