     #Time      Norm      Real      Imag
   3919.37    0.0000    0.0000    0.0000
   3919.37    0.0000    0.0000    0.0000
   3920.40    0.0000    0.0000    0.0000
   3921.43    0.0000    0.0000    0.0000
   3922.47    0.0000    0.0000    0.0000
   3923.50    0.0000    0.0000    0.0000
   3924.53    0.0000    0.0000    0.0000
   3925.56    0.0000    0.0000    0.0000
   3926.60    0.0000    0.0000    0.0000
   3927.63    0.0000    0.0000    0.0000
   3928.66    0.0000    0.0000    0.0000
   3929.69    0.0000    0.0000    0.0000
   3930.73    0.0000    0.0000    0.0000
   3931.76    0.0000    0.0000    0.0000
   3932.79    0.0000    0.0000    0.0000
   3933.82    0.0000    0.0000    0.0000
   3934.86    0.0000    0.0000    0.0000
   3935.89    0.0000    0.0000    0.0000
   3936.92    0.0000    0.0000    0.0000
   3937.95    0.0000    0.0000    0.0000
   3938.99    0.0000    0.0000    0.0000
   3940.02    0.0000    0.0000    0.0000
   3941.05    0.0000    0.0000    0.0000
   3942.08    0.0000    0.0000    0.0001
   3943.12    0.0000    0.0000    0.0001
   3944.15    0.0000    0.0000    0.0001
   3945.18    0.0000    0.0000    0.0001
   3946.21    0.0000    0.0000    0.0001
   3947.25    0.0000    0.0000    0.0001
   3948.28    0.0000    0.0000    0.0001
   3949.31    0.0000    0.0000    0.0001
   3950.34    0.0000    0.0000    0.0001
   3951.38    0.0000    0.0000    0.0001
   3952.41    0.0000    0.0000    0.0001
   3953.44    0.0000    0.0000    0.0001
   3954.47    0.0000    0.0000    0.0001
   3955.51    0.0000    0.0000    0.0001
   3956.54    0.0000    0.0000    0.0001
   3957.57    0.0000    0.0000    0.0001
   3958.60    0.0000    0.0000    0.0001
   3959.64    0.0000    0.0000    0.0001
   3960.67    0.0000    0.0000    0.0001
   3961.70    0.0000    0.0000    0.0001
   3962.73    0.0000    0.0000    0.0001
   3963.77    0.0000    0.0000    0.0001
   3964.80    0.0000    0.0000    0.0001
   3965.83    0.0000   -0.0000    0.0001
   3966.86    0.0000   -0.0000    0.0001
   3967.90    0.0000   -0.0000    0.0001
   3968.93    0.0000   -0.0000    0.0001
   3969.96    0.0000   -0.0000    0.0001
   3970.99    0.0000   -0.0000    0.0001
   3972.03    0.0000   -0.0000    0.0001
   3973.06    0.0000   -0.0000    0.0001
   3974.09    0.0000   -0.0000    0.0001
   3975.12    0.0000   -0.0000    0.0001
   3976.16    0.0000   -0.0000    0.0001
   3977.19    0.0000   -0.0000    0.0001
   3978.22    0.0000   -0.0000    0.0001
   3979.25    0.0000   -0.0000    0.0001
   3980.29    0.0000   -0.0000    0.0001
   3981.32    0.0000   -0.0000    0.0001
   3982.35    0.0000   -0.0000    0.0001
   3983.38    0.0000   -0.0000    0.0001
   3984.42    0.0000   -0.0000    0.0001
   3985.45    0.0000   -0.0000    0.0001
   3986.48    0.0000   -0.0000    0.0001
   3987.51    0.0000   -0.0000    0.0001
   3988.55    0.0000   -0.0000    0.0002
   3989.58    0.0000   -0.0000    0.0002
   3990.61    0.0000   -0.0000    0.0002
   3991.64    0.0000   -0.0000    0.0002
   3992.68    0.0000   -0.0000    0.0002
   3993.71    0.0000   -0.0000    0.0002
   3994.74    0.0000   -0.0001    0.0002
   3995.77    0.0000   -0.0001    0.0002
   3996.81    0.0000   -0.0001    0.0002
   3997.84    0.0000   -0.0001    0.0002
   3998.87    0.0000   -0.0001    0.0002
   3999.90    0.0000   -0.0001    0.0002
   4000.94    0.0000   -0.0001    0.0002
   4001.97    0.0000   -0.0001    0.0002
   4003.00    0.0000   -0.0001    0.0002
   4004.03    0.0000   -0.0001    0.0002
   4005.07    0.0000   -0.0001    0.0002
   4006.10    0.0000   -0.0001    0.0002
   4007.13    0.0000   -0.0001    0.0002
   4008.16    0.0000   -0.0001    0.0002
   4009.20    0.0000   -0.0001    0.0002
   4010.23    0.0000   -0.0001    0.0002
   4011.26    0.0000   -0.0001    0.0002
   4012.29    0.0000   -0.0001    0.0002
   4013.33    0.0000   -0.0001    0.0002
   4014.36    0.0000   -0.0001    0.0002
   4015.39    0.0000   -0.0001    0.0002
   4016.42    0.0000   -0.0001    0.0002
   4017.46    0.0000   -0.0001    0.0002
   4018.49    0.0000   -0.0001    0.0002
   4019.52    0.0000   -0.0001    0.0002
   4020.55    0.0000   -0.0001    0.0002
   4021.59    0.0000   -0.0001    0.0002
   4022.62    0.0000   -0.0002    0.0002
   4023.65    0.0000   -0.0002    0.0002
   4024.68    0.0000   -0.0002    0.0002
   4025.72    0.0000   -0.0002    0.0002
   4026.75    0.0000   -0.0002    0.0002
   4027.78    0.0000   -0.0002    0.0002
   4028.81    0.0000   -0.0002    0.0003
   4029.85    0.0000   -0.0002    0.0003
   4030.88    0.0000   -0.0002    0.0003
   4031.91    0.0000   -0.0002    0.0003
   4032.94    0.0000   -0.0002    0.0003
   4033.98    0.0000   -0.0002    0.0003
   4035.01    0.0000   -0.0002    0.0003
   4036.04    0.0000   -0.0002    0.0003
   4037.07    0.0000   -0.0002    0.0003
   4038.11    0.0000   -0.0002    0.0003
   4039.14    0.0000   -0.0002    0.0003
   4040.17    0.0000   -0.0002    0.0003
   4041.20    0.0000   -0.0002    0.0003
   4042.24    0.0000   -0.0003    0.0003
   4043.27    0.0000   -0.0003    0.0003
   4044.30    0.0000   -0.0003    0.0003
   4045.33    0.0000   -0.0003    0.0003
   4046.37    0.0000   -0.0003    0.0003
   4047.40    0.0000   -0.0003    0.0003
   4048.43    0.0000   -0.0003    0.0003
   4049.46    0.0000   -0.0003    0.0003
   4050.50    0.0000   -0.0003    0.0003
   4051.53    0.0000   -0.0003    0.0003
   4052.56    0.0000   -0.0003    0.0003
   4053.59    0.0000   -0.0003    0.0003
   4054.63    0.0000   -0.0003    0.0003
   4055.66    0.0000   -0.0003    0.0003
   4056.69    0.0000   -0.0003    0.0003
   4057.72    0.0000   -0.0004    0.0003
   4058.76    0.0000   -0.0004    0.0003
   4059.79    0.0000   -0.0004    0.0004
   4060.82    0.0000   -0.0004    0.0004
   4061.85    0.0000   -0.0004    0.0004
   4062.89    0.0000   -0.0004    0.0004
   4063.92    0.0000   -0.0004    0.0004
   4064.95    0.0000   -0.0004    0.0004
   4065.98    0.0000   -0.0004    0.0004
   4067.02    0.0000   -0.0004    0.0004
   4068.05    0.0000   -0.0004    0.0004
   4069.08    0.0000   -0.0004    0.0004
   4070.11    0.0000   -0.0004    0.0004
   4071.15    0.0000   -0.0005    0.0004
   4072.18    0.0000   -0.0005    0.0004
   4073.21    0.0000   -0.0005    0.0004
   4074.24    0.0000   -0.0005    0.0004
   4075.28    0.0000   -0.0005    0.0004
   4076.31    0.0000   -0.0005    0.0004
   4077.34    0.0000   -0.0005    0.0004
   4078.37    0.0000   -0.0005    0.0004
   4079.41    0.0000   -0.0005    0.0004
   4080.44    0.0000   -0.0005    0.0004
   4081.47    0.0000   -0.0005    0.0004
   4082.50    0.0000   -0.0005    0.0004
   4083.54    0.0000   -0.0006    0.0004
   4084.57    0.0000   -0.0006    0.0005
   4085.60    0.0000   -0.0006    0.0005
   4086.63    0.0000   -0.0006    0.0005
   4087.67    0.0000   -0.0006    0.0005
   4088.70    0.0000   -0.0006    0.0005
   4089.73    0.0000   -0.0006    0.0005
   4090.76    0.0000   -0.0006    0.0005
   4091.80    0.0000   -0.0006    0.0005
   4092.83    0.0000   -0.0006    0.0005
   4093.86    0.0000   -0.0006    0.0005
   4094.89    0.0000   -0.0007    0.0005
   4095.93    0.0000   -0.0007    0.0005
   4096.96    0.0000   -0.0007    0.0005
   4097.99    0.0000   -0.0007    0.0005
   4099.02    0.0000   -0.0007    0.0005
   4100.06    0.0000   -0.0007    0.0005
   4101.09    0.0000   -0.0007    0.0005
   4102.12    0.0000   -0.0007    0.0005
   4103.15    0.0000   -0.0007    0.0005
   4104.19    0.0000   -0.0007    0.0005
   4105.22    0.0000   -0.0007    0.0005
   4106.25    0.0000   -0.0008    0.0005
   4107.28    0.0000   -0.0008    0.0006
   4108.32    0.0000   -0.0008    0.0006
   4109.35    0.0000   -0.0008    0.0006
   4110.38    0.0000   -0.0008    0.0006
   4111.41    0.0000   -0.0008    0.0006
   4112.45    0.0000   -0.0008    0.0006
   4113.48    0.0000   -0.0008    0.0006
   4114.51    0.0000   -0.0008    0.0006
   4115.54    0.0000   -0.0008    0.0006
   4116.58    0.0000   -0.0009    0.0006
   4117.61    0.0000   -0.0009    0.0006
   4118.64    0.0000   -0.0009    0.0006
   4119.67    0.0000   -0.0009    0.0006
   4120.71    0.0000   -0.0009    0.0006
   4121.74    0.0000   -0.0009    0.0006
   4122.77    0.0000   -0.0009    0.0006
   4123.80    0.0000   -0.0009    0.0006
   4124.84    0.0000   -0.0009    0.0006
   4125.87    0.0000   -0.0009    0.0006
   4126.90    0.0000   -0.0010    0.0006
   4127.93    0.0000   -0.0010    0.0007
   4128.97    0.0000   -0.0010    0.0007
   4130.00    0.0000   -0.0010    0.0007
   4131.03    0.0000   -0.0010    0.0007
   4132.06    0.0000   -0.0010    0.0007
   4133.10    0.0000   -0.0010    0.0007
   4134.13    0.0000   -0.0010    0.0007
   4135.16    0.0000   -0.0010    0.0007
   4136.19    0.0000   -0.0011    0.0007
   4137.23    0.0000   -0.0011    0.0007
   4138.26    0.0000   -0.0011    0.0007
   4139.29    0.0000   -0.0011    0.0007
   4140.32    0.0000   -0.0011    0.0007
   4141.36    0.0000   -0.0011    0.0007
   4142.39    0.0000   -0.0011    0.0007
   4143.42    0.0000   -0.0011    0.0007
   4144.45    0.0000   -0.0011    0.0007
   4145.49    0.0000   -0.0012    0.0007
   4146.52    0.0000   -0.0012    0.0008
   4147.55    0.0000   -0.0012    0.0008
   4148.58    0.0000   -0.0012    0.0008
   4149.62    0.0000   -0.0012    0.0008
   4150.65    0.0000   -0.0012    0.0008
   4151.68    0.0000   -0.0012    0.0008
   4152.71    0.0000   -0.0012    0.0008
   4153.75    0.0000   -0.0012    0.0008
   4154.78    0.0000   -0.0012    0.0008
   4155.81    0.0000   -0.0013    0.0008
   4156.84    0.0000   -0.0013    0.0008
   4157.88    0.0000   -0.0013    0.0008
   4158.91    0.0000   -0.0013    0.0008
   4159.94    0.0000   -0.0013    0.0008
   4160.97    0.0000   -0.0013    0.0008
   4162.01    0.0000   -0.0013    0.0008
   4163.04    0.0000   -0.0013    0.0008
   4164.07    0.0000   -0.0013    0.0008
   4165.10    0.0000   -0.0014    0.0009
   4166.14    0.0000   -0.0014    0.0009
   4167.17    0.0000   -0.0014    0.0009
   4168.20    0.0000   -0.0014    0.0009
   4169.23    0.0000   -0.0014    0.0009
   4170.27    0.0000   -0.0014    0.0009
   4171.30    0.0000   -0.0014    0.0009
   4172.33    0.0000   -0.0014    0.0009
   4173.36    0.0000   -0.0014    0.0009
   4174.40    0.0000   -0.0014    0.0009
   4175.43    0.0000   -0.0015    0.0009
   4176.46    0.0000   -0.0015    0.0009
   4177.49    0.0000   -0.0015    0.0009
   4178.53    0.0000   -0.0015    0.0009
   4179.56    0.0000   -0.0015    0.0009
   4180.59    0.0000   -0.0015    0.0009
   4181.62    0.0000   -0.0015    0.0009
   4182.66    0.0000   -0.0015    0.0009
   4183.69    0.0000   -0.0015    0.0010
   4184.72    0.0000   -0.0016    0.0010
   4185.75    0.0000   -0.0016    0.0010
   4186.79    0.0000   -0.0016    0.0010
   4187.82    0.0000   -0.0016    0.0010
   4188.85    0.0000   -0.0016    0.0010
   4189.88    0.0000   -0.0016    0.0010
   4190.92    0.0000   -0.0016    0.0010
   4191.95    0.0000   -0.0016    0.0010
   4192.98    0.0000   -0.0016    0.0010
   4194.01    0.0000   -0.0016    0.0010
   4195.05    0.0000   -0.0017    0.0010
   4196.08    0.0000   -0.0017    0.0010
   4197.11    0.0000   -0.0017    0.0010
   4198.14    0.0000   -0.0017    0.0010
   4199.18    0.0000   -0.0017    0.0010
   4200.21    0.0000   -0.0017    0.0010
   4201.24    0.0000   -0.0017    0.0010
   4202.27    0.0000   -0.0017    0.0011
   4203.31    0.0000   -0.0017    0.0011
   4204.34    0.0000   -0.0017    0.0011
   4205.37    0.0000   -0.0018    0.0011
   4206.40    0.0000   -0.0018    0.0011
   4207.44    0.0000   -0.0018    0.0011
   4208.47    0.0000   -0.0018    0.0011
   4209.50    0.0000   -0.0018    0.0011
   4210.53    0.0000   -0.0018    0.0011
   4211.57    0.0000   -0.0018    0.0011
   4212.60    0.0000   -0.0018    0.0011
   4213.63    0.0000   -0.0018    0.0011
   4214.66    0.0000   -0.0018    0.0011
   4215.70    0.0000   -0.0018    0.0011
   4216.73    0.0000   -0.0019    0.0011
   4217.76    0.0000   -0.0019    0.0011
   4218.79    0.0000   -0.0019    0.0011
   4219.83    0.0000   -0.0019    0.0011
   4220.86    0.0000   -0.0019    0.0012
   4221.89    0.0000   -0.0019    0.0012
   4222.92    0.0000   -0.0019    0.0012
   4223.96    0.0000   -0.0019    0.0012
   4224.99    0.0000   -0.0019    0.0012
   4226.02    0.0000   -0.0019    0.0012
   4227.05    0.0000   -0.0019    0.0012
   4228.09    0.0000   -0.0020    0.0012
   4229.12    0.0000   -0.0020    0.0012
   4230.15    0.0000   -0.0020    0.0012
   4231.18    0.0000   -0.0020    0.0012
   4232.22    0.0000   -0.0020    0.0012
   4233.25    0.0000   -0.0020    0.0012
   4234.28    0.0000   -0.0020    0.0012
   4235.31    0.0000   -0.0020    0.0012
   4236.35    0.0000   -0.0020    0.0012
   4237.38    0.0000   -0.0020    0.0012
   4238.41    0.0000   -0.0020    0.0012
   4239.44    0.0000   -0.0020    0.0012
   4240.48    0.0000   -0.0021    0.0013
   4241.51    0.0000   -0.0021    0.0013
   4242.54    0.0000   -0.0021    0.0013
   4243.57    0.0000   -0.0021    0.0013
   4244.61    0.0000   -0.0021    0.0013
   4245.64    0.0000   -0.0021    0.0013
   4246.67    0.0000   -0.0021    0.0013
   4247.70    0.0000   -0.0021    0.0013
   4248.74    0.0000   -0.0021    0.0013
   4249.77    0.0000   -0.0021    0.0013
   4250.80    0.0000   -0.0021    0.0013
   4251.83    0.0000   -0.0021    0.0013
   4252.87    0.0000   -0.0021    0.0013
   4253.90    0.0000   -0.0022    0.0013
   4254.93    0.0000   -0.0022    0.0013
   4255.96    0.0000   -0.0022    0.0013
   4257.00    0.0000   -0.0022    0.0013
   4258.03    0.0000   -0.0022    0.0013
   4259.06    0.0000   -0.0022    0.0013
   4260.09    0.0000   -0.0022    0.0013
   4261.13    0.0000   -0.0022    0.0014
   4262.16    0.0000   -0.0022    0.0014
   4263.19    0.0000   -0.0022    0.0014
   4264.22    0.0000   -0.0022    0.0014
   4265.26    0.0000   -0.0022    0.0014
   4266.29    0.0000   -0.0022    0.0014
   4267.32    0.0000   -0.0022    0.0014
   4268.35    0.0000   -0.0023    0.0014
   4269.39    0.0000   -0.0023    0.0014
   4270.42    0.0000   -0.0023    0.0014
   4271.45    0.0000   -0.0023    0.0014
   4272.48    0.0000   -0.0023    0.0014
   4273.52    0.0000   -0.0023    0.0014
   4274.55    0.0000   -0.0023    0.0014
   4275.58    0.0000   -0.0023    0.0014
   4276.61    0.0000   -0.0023    0.0014
   4277.65    0.0000   -0.0023    0.0014
   4278.68    0.0000   -0.0023    0.0014
   4279.71    0.0000   -0.0023    0.0014
   4280.74    0.0000   -0.0023    0.0014
   4281.78    0.0000   -0.0023    0.0014
   4282.81    0.0000   -0.0023    0.0014
   4283.84    0.0000   -0.0023    0.0015
   4284.87    0.0000   -0.0023    0.0015
   4285.91    0.0000   -0.0024    0.0015
   4286.94    0.0000   -0.0024    0.0015
   4287.97    0.0000   -0.0024    0.0015
   4289.00    0.0000   -0.0024    0.0015
   4290.04    0.0000   -0.0024    0.0015
   4291.07    0.0000   -0.0024    0.0015
   4292.10    0.0000   -0.0024    0.0015
   4293.13    0.0000   -0.0024    0.0015
   4294.17    0.0000   -0.0024    0.0015
   4295.20    0.0000   -0.0024    0.0015
   4296.23    0.0000   -0.0024    0.0015
   4297.26    0.0000   -0.0024    0.0015
   4298.30    0.0000   -0.0024    0.0015
   4299.33    0.0000   -0.0024    0.0015
   4300.36    0.0000   -0.0024    0.0015
   4301.39    0.0000   -0.0024    0.0015
   4302.43    0.0000   -0.0024    0.0015
   4303.46    0.0000   -0.0024    0.0015
   4304.49    0.0000   -0.0024    0.0015
   4305.52    0.0000   -0.0024    0.0015
   4306.56    0.0000   -0.0024    0.0015
   4307.59    0.0000   -0.0025    0.0015
   4308.62    0.0000   -0.0025    0.0015
   4309.65    0.0000   -0.0025    0.0015
   4310.69    0.0000   -0.0025    0.0016
   4311.72    0.0000   -0.0025    0.0016
   4312.75    0.0000   -0.0025    0.0016
   4313.78    0.0000   -0.0025    0.0016
   4314.82    0.0000   -0.0025    0.0016
   4315.85    0.0000   -0.0025    0.0016
   4316.88    0.0000   -0.0025    0.0016
   4317.91    0.0000   -0.0025    0.0016
   4318.95    0.0000   -0.0025    0.0016
   4319.98    0.0000   -0.0025    0.0016
   4321.01    0.0000   -0.0025    0.0016
   4322.04    0.0000   -0.0025    0.0016
   4323.08    0.0000   -0.0025    0.0016
   4324.11    0.0000   -0.0025    0.0016
   4325.14    0.0000   -0.0025    0.0016
   4326.17    0.0000   -0.0025    0.0016
   4327.21    0.0000   -0.0025    0.0016
   4328.24    0.0000   -0.0025    0.0016
   4329.27    0.0000   -0.0025    0.0016
   4330.30    0.0000   -0.0025    0.0016
   4331.34    0.0000   -0.0025    0.0016
   4332.37    0.0000   -0.0025    0.0016
   4333.40    0.0000   -0.0025    0.0016
   4334.43    0.0000   -0.0025    0.0016
   4335.47    0.0000   -0.0025    0.0016
   4336.50    0.0000   -0.0025    0.0016
   4337.53    0.0000   -0.0025    0.0016
   4338.56    0.0000   -0.0025    0.0016
   4339.60    0.0000   -0.0025    0.0016
   4340.63    0.0000   -0.0025    0.0016
   4341.66    0.0000   -0.0026    0.0016
   4342.69    0.0000   -0.0026    0.0016
   4343.73    0.0000   -0.0026    0.0016
   4344.76    0.0000   -0.0026    0.0017
   4345.79    0.0000   -0.0026    0.0017
   4346.82    0.0000   -0.0026    0.0017
   4347.86    0.0000   -0.0026    0.0017
   4348.89    0.0000   -0.0026    0.0017
   4349.92    0.0000   -0.0026    0.0017
   4350.95    0.0000   -0.0026    0.0017
   4351.99    0.0000   -0.0026    0.0017
   4353.02    0.0000   -0.0026    0.0017
   4354.05    0.0000   -0.0026    0.0017
   4355.08    0.0000   -0.0026    0.0017
   4356.12    0.0000   -0.0026    0.0017
   4357.15    0.0000   -0.0026    0.0017
   4358.18    0.0000   -0.0026    0.0017
   4359.21    0.0000   -0.0026    0.0017
   4360.25    0.0000   -0.0026    0.0017
   4361.28    0.0000   -0.0026    0.0017
   4362.31    0.0000   -0.0026    0.0017
   4363.34    0.0000   -0.0026    0.0017
   4364.38    0.0000   -0.0026    0.0017
   4365.41    0.0000   -0.0026    0.0017
   4366.44    0.0000   -0.0026    0.0017
   4367.47    0.0000   -0.0026    0.0017
   4368.51    0.0000   -0.0026    0.0017
   4369.54    0.0000   -0.0026    0.0017
   4370.57    0.0000   -0.0026    0.0017
   4371.60    0.0000   -0.0026    0.0017
   4372.64    0.0000   -0.0026    0.0017
   4373.67    0.0000   -0.0026    0.0017
   4374.70    0.0000   -0.0026    0.0017
   4375.73    0.0000   -0.0026    0.0017
   4376.77    0.0000   -0.0026    0.0017
   4377.80    0.0000   -0.0026    0.0017
   4378.83    0.0000   -0.0026    0.0017
   4379.86    0.0000   -0.0026    0.0017
   4380.90    0.0000   -0.0026    0.0017
   4381.93    0.0000   -0.0026    0.0017
   4382.96    0.0000   -0.0026    0.0017
   4383.99    0.0000   -0.0026    0.0017
   4385.03    0.0000   -0.0026    0.0017
   4386.06    0.0000   -0.0026    0.0017
   4387.09    0.0000   -0.0026    0.0017
   4388.12    0.0000   -0.0026    0.0017
   4389.16    0.0000   -0.0026    0.0017
   4390.19    0.0000   -0.0026    0.0017
   4391.22    0.0000   -0.0026    0.0017
   4392.25    0.0000   -0.0026    0.0017
   4393.29    0.0000   -0.0026    0.0017
   4394.32    0.0000   -0.0026    0.0017
   4395.35    0.0000   -0.0026    0.0017
   4396.38    0.0000   -0.0026    0.0017
   4397.42    0.0000   -0.0026    0.0017
   4398.45    0.0000   -0.0026    0.0017
   4399.48    0.0000   -0.0026    0.0017
   4400.51    0.0000   -0.0026    0.0017
   4401.55    0.0000   -0.0026    0.0018
   4402.58    0.0000   -0.0026    0.0018
   4403.61    0.0000   -0.0026    0.0018
   4404.64    0.0000   -0.0026    0.0018
   4405.68    0.0000   -0.0026    0.0018
   4406.71    0.0000   -0.0026    0.0018
   4407.74    0.0000   -0.0026    0.0018
   4408.77    0.0000   -0.0026    0.0018
   4409.81    0.0000   -0.0026    0.0018
   4410.84    0.0000   -0.0026    0.0018
   4411.87    0.0000   -0.0026    0.0018
   4412.90    0.0000   -0.0026    0.0018
   4413.94    0.0000   -0.0026    0.0018
   4414.97    0.0000   -0.0026    0.0018
   4416.00    0.0000   -0.0026    0.0018
   4417.03    0.0000   -0.0026    0.0018
   4418.07    0.0000   -0.0026    0.0018
   4419.10    0.0000   -0.0026    0.0018
   4420.13    0.0000   -0.0026    0.0018
   4421.16    0.0000   -0.0026    0.0018
   4422.20    0.0000   -0.0026    0.0018
   4423.23    0.0000   -0.0026    0.0018
   4424.26    0.0000   -0.0026    0.0018
   4425.29    0.0000   -0.0026    0.0018
   4426.33    0.0000   -0.0026    0.0018
   4427.36    0.0000   -0.0026    0.0018
   4428.39    0.0000   -0.0026    0.0018
   4429.42    0.0000   -0.0026    0.0018
   4430.46    0.0000   -0.0026    0.0018
   4431.49    0.0000   -0.0026    0.0018
   4432.52    0.0000   -0.0026    0.0018
   4433.55    0.0000   -0.0026    0.0018
   4434.59    0.0000   -0.0026    0.0018
   4435.62    0.0000   -0.0026    0.0018
   4436.65    0.0000   -0.0026    0.0018
   4437.68    0.0000   -0.0026    0.0018
   4438.72    0.0000   -0.0026    0.0018
   4439.75    0.0000   -0.0026    0.0018
   4440.78    0.0000   -0.0026    0.0018
   4441.81    0.0000   -0.0026    0.0018
   4442.85    0.0000   -0.0026    0.0018
   4443.88    0.0000   -0.0026    0.0018
   4444.91    0.0000   -0.0026    0.0018
   4445.94    0.0000   -0.0026    0.0018
   4446.98    0.0000   -0.0026    0.0018
   4448.01    0.0000   -0.0026    0.0018
   4449.04    0.0000   -0.0026    0.0018
   4450.07    0.0000   -0.0026    0.0018
   4451.11    0.0000   -0.0026    0.0018
   4452.14    0.0000   -0.0026    0.0018
   4453.17    0.0000   -0.0026    0.0018
   4454.20    0.0000   -0.0026    0.0018
   4455.24    0.0000   -0.0026    0.0018
   4456.27    0.0000   -0.0026    0.0018
   4457.30    0.0000   -0.0026    0.0018
   4458.33    0.0000   -0.0026    0.0018
   4459.37    0.0000   -0.0026    0.0018
   4460.40    0.0000   -0.0026    0.0018
   4461.43    0.0000   -0.0026    0.0018
   4462.46    0.0000   -0.0026    0.0018
   4463.50    0.0000   -0.0026    0.0018
   4464.53    0.0000   -0.0026    0.0018
   4465.56    0.0000   -0.0026    0.0018
   4466.59    0.0000   -0.0026    0.0018
   4467.63    0.0000   -0.0026    0.0018
   4468.66    0.0000   -0.0026    0.0018
   4469.69    0.0000   -0.0026    0.0018
   4470.72    0.0000   -0.0026    0.0018
   4471.76    0.0000   -0.0026    0.0018
   4472.79    0.0000   -0.0026    0.0018
   4473.82    0.0000   -0.0026    0.0018
   4474.85    0.0000   -0.0026    0.0018
   4475.89    0.0000   -0.0026    0.0018
   4476.92    0.0000   -0.0026    0.0018
   4477.95    0.0000   -0.0026    0.0018
   4478.98    0.0000   -0.0026    0.0018
   4480.02    0.0000   -0.0026    0.0018
   4481.05    0.0000   -0.0026    0.0018
   4482.08    0.0000   -0.0026    0.0018
   4483.11    0.0000   -0.0026    0.0018
   4484.15    0.0000   -0.0026    0.0018
   4485.18    0.0000   -0.0026    0.0018
   4486.21    0.0000   -0.0026    0.0018
   4487.24    0.0000   -0.0026    0.0018
   4488.28    0.0000   -0.0026    0.0018
   4489.31    0.0000   -0.0026    0.0018
   4490.34    0.0000   -0.0026    0.0018
   4491.37    0.0000   -0.0026    0.0018
   4492.41    0.0000   -0.0026    0.0018
   4493.44    0.0000   -0.0026    0.0019
   4494.47    0.0000   -0.0026    0.0019
   4495.50    0.0000   -0.0026    0.0019
   4496.54    0.0000   -0.0026    0.0019
   4497.57    0.0000   -0.0026    0.0019
   4498.60    0.0000   -0.0026    0.0019
   4499.63    0.0000   -0.0026    0.0019
   4500.67    0.0000   -0.0026    0.0019
   4501.70    0.0000   -0.0026    0.0019
   4502.73    0.0000   -0.0026    0.0019
   4503.76    0.0000   -0.0026    0.0019
   4504.80    0.0000   -0.0026    0.0019
   4505.83    0.0000   -0.0026    0.0019
   4506.86    0.0000   -0.0026    0.0019
   4507.89    0.0000   -0.0026    0.0019
   4508.93    0.0000   -0.0026    0.0019
   4509.96    0.0000   -0.0026    0.0019
   4510.99    0.0000   -0.0026    0.0019
   4512.02    0.0000   -0.0026    0.0019
   4513.06    0.0000   -0.0026    0.0019
   4514.09    0.0000   -0.0026    0.0019
   4515.12    0.0000   -0.0026    0.0019
   4516.15    0.0000   -0.0026    0.0019
   4517.19    0.0000   -0.0026    0.0019
   4518.22    0.0000   -0.0026    0.0019
   4519.25    0.0000   -0.0026    0.0019
   4520.28    0.0000   -0.0026    0.0019
   4521.32    0.0000   -0.0026    0.0019
   4522.35    0.0000   -0.0026    0.0019
   4523.38    0.0000   -0.0026    0.0019
   4524.41    0.0000   -0.0026    0.0019
   4525.45    0.0000   -0.0026    0.0019
   4526.48    0.0000   -0.0026    0.0019
   4527.51    0.0000   -0.0026    0.0019
   4528.54    0.0000   -0.0026    0.0019
   4529.58    0.0000   -0.0026    0.0019
   4530.61    0.0000   -0.0025    0.0019
   4531.64    0.0000   -0.0025    0.0019
   4532.67    0.0000   -0.0025    0.0019
   4533.71    0.0000   -0.0025    0.0019
   4534.74    0.0000   -0.0025    0.0019
   4535.77    0.0000   -0.0025    0.0019
   4536.80    0.0000   -0.0025    0.0019
   4537.84    0.0000   -0.0025    0.0019
   4538.87    0.0000   -0.0025    0.0019
   4539.90    0.0000   -0.0025    0.0019
   4540.93    0.0000   -0.0025    0.0019
   4541.97    0.0000   -0.0025    0.0019
   4543.00    0.0000   -0.0025    0.0019
   4544.03    0.0000   -0.0025    0.0019
   4545.06    0.0000   -0.0025    0.0019
   4546.10    0.0000   -0.0025    0.0019
   4547.13    0.0000   -0.0025    0.0019
   4548.16    0.0000   -0.0025    0.0018
   4549.19    0.0000   -0.0025    0.0018
   4550.23    0.0000   -0.0025    0.0018
   4551.26    0.0000   -0.0024    0.0018
   4552.29    0.0000   -0.0024    0.0018
   4553.32    0.0000   -0.0024    0.0018
   4554.36    0.0000   -0.0024    0.0018
   4555.39    0.0000   -0.0024    0.0018
   4556.42    0.0000   -0.0024    0.0018
   4557.45    0.0000   -0.0024    0.0018
   4558.49    0.0000   -0.0024    0.0018
   4559.52    0.0000   -0.0024    0.0018
   4560.55    0.0000   -0.0024    0.0018
   4561.58    0.0000   -0.0023    0.0018
   4562.62    0.0000   -0.0023    0.0018
   4563.65    0.0000   -0.0023    0.0018
   4564.68    0.0000   -0.0023    0.0017
   4565.71    0.0000   -0.0023    0.0017
   4566.75    0.0000   -0.0023    0.0017
   4567.78    0.0000   -0.0023    0.0017
   4568.81    0.0000   -0.0022    0.0017
   4569.84    0.0000   -0.0022    0.0017
   4570.88    0.0000   -0.0022    0.0017
   4571.91    0.0000   -0.0022    0.0017
   4572.94    0.0000   -0.0022    0.0017
   4573.97    0.0000   -0.0021    0.0016
   4575.01    0.0000   -0.0021    0.0016
   4576.04    0.0000   -0.0021    0.0016
   4577.07    0.0000   -0.0021    0.0016
   4578.10    0.0000   -0.0021    0.0016
   4579.14    0.0000   -0.0020    0.0016
   4580.17    0.0000   -0.0020    0.0015
   4581.20    0.0000   -0.0020    0.0015
   4582.23    0.0000   -0.0019    0.0015
   4583.27    0.0000   -0.0019    0.0015
   4584.30    0.0000   -0.0019    0.0015
   4585.33    0.0000   -0.0019    0.0015
   4586.36    0.0000   -0.0018    0.0014
   4587.40    0.0000   -0.0018    0.0014
   4588.43    0.0000   -0.0018    0.0014
   4589.46    0.0000   -0.0017    0.0014
   4590.49    0.0000   -0.0017    0.0013
   4591.53    0.0000   -0.0017    0.0013
   4592.56    0.0000   -0.0016    0.0013
   4593.59    0.0000   -0.0016    0.0013
   4594.62    0.0000   -0.0015    0.0012
   4595.66    0.0000   -0.0015    0.0012
   4596.69    0.0000   -0.0015    0.0012
   4597.72    0.0000   -0.0014    0.0012
   4598.75    0.0000   -0.0014    0.0011
   4599.79    0.0000   -0.0013    0.0011
   4600.82    0.0000   -0.0013    0.0011
   4601.85    0.0000   -0.0012    0.0010
   4602.88    0.0000   -0.0012    0.0010
   4603.92    0.0000   -0.0011    0.0010
   4604.95    0.0000   -0.0011    0.0009
   4605.98    0.0000   -0.0010    0.0009
   4607.01    0.0000   -0.0010    0.0008
   4608.05    0.0000   -0.0009    0.0008
   4609.08    0.0000   -0.0009    0.0008
   4610.11    0.0000   -0.0008    0.0007
   4611.14    0.0000   -0.0007    0.0007
   4612.18    0.0000   -0.0007    0.0006
   4613.21    0.0000   -0.0006    0.0006
   4614.24    0.0000   -0.0005    0.0005
   4615.27    0.0000   -0.0005    0.0005
   4616.31    0.0000   -0.0004    0.0004
   4617.34    0.0000   -0.0003    0.0004
   4618.37    0.0000   -0.0003    0.0003
   4619.40    0.0000   -0.0002    0.0003
   4620.44    0.0000   -0.0001    0.0002
   4621.47    0.0000   -0.0001    0.0002
   4622.50    0.0000    0.0000    0.0001
   4623.53    0.0000    0.0001    0.0001
   4624.57    0.0000    0.0002    0.0000
   4625.60    0.0000    0.0002   -0.0000
   4626.63    0.0000    0.0003   -0.0001
   4627.66    0.0000    0.0004   -0.0002
   4628.70    0.0000    0.0005   -0.0002
   4629.73    0.0000    0.0006   -0.0003
   4630.76    0.0000    0.0006   -0.0004
   4631.79    0.0000    0.0007   -0.0004
   4632.83    0.0000    0.0008   -0.0005
   4633.86    0.0000    0.0009   -0.0005
   4634.89    0.0000    0.0010   -0.0006
   4635.92    0.0000    0.0011   -0.0007
   4636.96    0.0000    0.0011   -0.0007
   4637.99    0.0000    0.0012   -0.0008
   4639.02    0.0000    0.0013   -0.0009
   4640.05    0.0000    0.0014   -0.0009
   4641.09    0.0000    0.0015   -0.0010
   4642.12    0.0000    0.0016   -0.0011
   4643.15    0.0000    0.0016   -0.0011
   4644.18    0.0000    0.0017   -0.0012
   4645.22    0.0000    0.0018   -0.0013
   4646.25    0.0000    0.0019   -0.0013
   4647.28    0.0000    0.0020   -0.0014
   4648.31    0.0000    0.0020   -0.0015
   4649.35    0.0000    0.0021   -0.0015
   4650.38    0.0000    0.0022   -0.0016
   4651.41    0.0000    0.0022   -0.0016
   4652.44    0.0000    0.0023   -0.0017
   4653.48    0.0000    0.0024   -0.0018
   4654.51    0.0000    0.0024   -0.0018
   4655.54    0.0000    0.0025   -0.0019
   4656.57    0.0000    0.0026   -0.0019
   4657.61    0.0000    0.0026   -0.0019
   4658.64    0.0000    0.0027   -0.0020
   4659.67    0.0000    0.0027   -0.0020
   4660.70    0.0000    0.0027   -0.0021
   4661.74    0.0000    0.0028   -0.0021
   4662.77    0.0000    0.0028   -0.0021
   4663.80    0.0000    0.0028   -0.0021
   4664.83    0.0000    0.0028   -0.0022
   4665.87    0.0000    0.0029   -0.0022
   4666.90    0.0000    0.0029   -0.0022
   4667.93    0.0000    0.0029   -0.0022
   4668.96    0.0000    0.0029   -0.0022
   4670.00    0.0000    0.0029   -0.0022
   4671.03    0.0000    0.0028   -0.0021
   4672.06    0.0000    0.0028   -0.0021
   4673.09    0.0000    0.0028   -0.0021
   4674.13    0.0000    0.0027   -0.0021
   4675.16    0.0000    0.0027   -0.0020
   4676.19    0.0000    0.0026   -0.0020
   4677.22    0.0000    0.0026   -0.0019
   4678.26    0.0000    0.0025   -0.0018
   4679.29    0.0000    0.0024   -0.0018
   4680.32    0.0000    0.0023   -0.0017
   4681.35    0.0000    0.0022   -0.0016
   4682.39    0.0000    0.0021   -0.0015
   4683.42    0.0000    0.0020   -0.0014
   4684.45    0.0000    0.0019   -0.0013
   4685.48    0.0000    0.0018   -0.0012
   4686.52    0.0000    0.0017   -0.0011
   4687.55    0.0000    0.0015   -0.0010
   4688.58    0.0000    0.0014   -0.0008
   4689.61    0.0000    0.0012   -0.0007
   4690.65    0.0000    0.0011   -0.0005
   4691.68    0.0000    0.0009   -0.0004
   4692.71    0.0000    0.0008   -0.0002
   4693.74    0.0000    0.0006   -0.0001
   4694.78    0.0000    0.0004    0.0001
   4695.81    0.0000    0.0003    0.0002
   4696.84    0.0000    0.0001    0.0004
   4697.87    0.0000   -0.0001    0.0006
   4698.91    0.0000   -0.0002    0.0007
   4699.94    0.0000   -0.0004    0.0009
   4700.97    0.0000   -0.0006    0.0010
   4702.00    0.0000   -0.0007    0.0012
   4703.04    0.0000   -0.0009    0.0013
   4704.07    0.0000   -0.0010    0.0014
   4705.10    0.0000   -0.0011    0.0016
   4706.13    0.0000   -0.0013    0.0017
   4707.17    0.0000   -0.0014    0.0018
   4708.20    0.0000   -0.0015    0.0019
   4709.23    0.0000   -0.0016    0.0020
   4710.26    0.0000   -0.0017    0.0020
   4711.30    0.0000   -0.0017    0.0021
   4712.33    0.0000   -0.0018    0.0021
   4713.36    0.0000   -0.0018    0.0021
   4714.39    0.0000   -0.0018    0.0021
   4715.43    0.0000   -0.0018    0.0021
   4716.46    0.0000   -0.0018    0.0020
   4717.49    0.0000   -0.0017    0.0019
   4718.52    0.0000   -0.0016    0.0019
   4719.56    0.0000   -0.0015    0.0017
   4720.59    0.0000   -0.0014    0.0016
   4721.62    0.0000   -0.0013    0.0014
   4722.65    0.0000   -0.0011    0.0013
   4723.69    0.0000   -0.0010    0.0011
   4724.72    0.0000   -0.0008    0.0009
   4725.75    0.0000   -0.0006    0.0006
   4726.78    0.0000   -0.0004    0.0004
   4727.82    0.0000   -0.0001    0.0002
   4728.85    0.0000    0.0001   -0.0001
   4729.88    0.0000    0.0003   -0.0004
   4730.91    0.0000    0.0006   -0.0006
   4731.95    0.0000    0.0008   -0.0009
   4732.98    0.0000    0.0011   -0.0011
   4734.01    0.0000    0.0013   -0.0014
   4735.04    0.0000    0.0015   -0.0016
   4736.08    0.0000    0.0017   -0.0018
   4737.11    0.0000    0.0019   -0.0020
   4738.14    0.0000    0.0021   -0.0021
   4739.17    0.0000    0.0022   -0.0023
   4740.21    0.0000    0.0023   -0.0024
   4741.24    0.0000    0.0024   -0.0024
   4742.27    0.0000    0.0024   -0.0024
   4743.30    0.0000    0.0024   -0.0024
   4744.34    0.0000    0.0024   -0.0023
   4745.37    0.0000    0.0023   -0.0022
   4746.40    0.0000    0.0022   -0.0021
   4747.43    0.0000    0.0020   -0.0019
   4748.47    0.0000    0.0018   -0.0016
   4749.50    0.0000    0.0016   -0.0014
   4750.53    0.0000    0.0013   -0.0011
   4751.56    0.0000    0.0011   -0.0007
   4752.60    0.0000    0.0008   -0.0004
   4753.63    0.0000    0.0004   -0.0000
   4754.66    0.0000    0.0001    0.0003
   4755.69    0.0000   -0.0002    0.0007
   4756.73    0.0000   -0.0005    0.0010
   4757.76    0.0000   -0.0008    0.0014
   4758.79    0.0000   -0.0011    0.0016
   4759.82    0.0000   -0.0014    0.0019
   4760.86    0.0000   -0.0015    0.0021
   4761.89    0.0000   -0.0017    0.0022
   4762.92    0.0000   -0.0018    0.0022
   4763.95    0.0000   -0.0018    0.0022
   4764.99    0.0000   -0.0017    0.0021
   4766.02    0.0000   -0.0016    0.0020
   4767.05    0.0000   -0.0014    0.0017
   4768.08    0.0000   -0.0012    0.0014
   4769.12    0.0000   -0.0009    0.0011
   4770.15    0.0000   -0.0005    0.0007
   4771.18    0.0000   -0.0002    0.0002
   4772.21    0.0000    0.0002   -0.0002
   4773.25    0.0000    0.0007   -0.0007
   4774.28    0.0000    0.0011   -0.0011
   4775.31    0.0000    0.0014   -0.0015
   4776.34    0.0000    0.0018   -0.0019
   4777.38    0.0000    0.0020   -0.0022
   4778.41    0.0000    0.0022   -0.0023
   4779.44    0.0000    0.0024   -0.0024
   4780.47    0.0000    0.0024   -0.0024
   4781.51    0.0000    0.0023   -0.0023
   4782.54    0.0000    0.0021   -0.0020
   4783.57    0.0000    0.0018   -0.0017
   4784.60    0.0000    0.0015   -0.0012
   4785.64    0.0000    0.0011   -0.0007
   4786.67    0.0000    0.0006   -0.0002
   4787.70    0.0000    0.0001    0.0004
   4788.73    0.0000   -0.0004    0.0009
   4789.77    0.0000   -0.0009    0.0014
   4790.80    0.0000   -0.0013    0.0018
   4791.83    0.0000   -0.0016    0.0021
   4792.86    0.0000   -0.0017    0.0022
   4793.90    0.0000   -0.0018    0.0022
   4794.93    0.0000   -0.0017    0.0021
   4795.96    0.0000   -0.0015    0.0018
   4796.99    0.0000   -0.0011    0.0014
   4798.03    0.0000   -0.0007    0.0008
   4799.06    0.0000   -0.0001    0.0002
   4800.09    0.0000    0.0004   -0.0004
   4801.12    0.0000    0.0010   -0.0010
   4802.16    0.0000    0.0015   -0.0016
   4803.19    0.0000    0.0020   -0.0020
   4804.22    0.0000    0.0023   -0.0023
   4805.25    0.0000    0.0024   -0.0024
   4806.29    0.0000    0.0024   -0.0023
   4807.32    0.0000    0.0022   -0.0020
   4808.35    0.0000    0.0018   -0.0015
   4809.38    0.0000    0.0012   -0.0009
   4810.42    0.0000    0.0006   -0.0002
   4811.45    0.0000   -0.0001    0.0005
   4812.48    0.0000   -0.0007    0.0012
   4813.51    0.0000   -0.0013    0.0017
   4814.55    0.0000   -0.0016    0.0021
   4815.58    0.0000   -0.0018    0.0022
   4816.61    0.0000   -0.0018    0.0021
   4817.64    0.0000   -0.0015    0.0017
   4818.68    0.0000   -0.0010    0.0012
   4819.71    0.0000   -0.0004    0.0005
   4820.74    0.0000    0.0004   -0.0003
   4821.77    0.0000    0.0011   -0.0010
   4822.81    0.0000    0.0018   -0.0017
   4823.84    0.0000    0.0022   -0.0021
   4824.87    0.0000    0.0025   -0.0023
   4825.90    0.0000    0.0024   -0.0022
   4826.94    0.0000    0.0021   -0.0018
   4827.97    0.0000    0.0016   -0.0011
   4829.00    0.0000    0.0008   -0.0004
   4830.03    0.0000   -0.0000    0.0005
   4831.07    0.0000   -0.0008    0.0012
   4832.10    0.0000   -0.0014    0.0018
   4833.13    0.0000   -0.0018    0.0021
   4834.16    0.0000   -0.0019    0.0021
   4835.20    0.0000   -0.0016    0.0017
   4836.23    0.0000   -0.0010    0.0011
   4837.26    0.0000   -0.0002    0.0003
   4838.29    0.0000    0.0007   -0.0006
   4839.33    0.0000    0.0016   -0.0014
   4840.36    0.0000    0.0022   -0.0020
   4841.39    0.0000    0.0026   -0.0022
   4842.42    0.0000    0.0025   -0.0021
   4843.46    0.0000    0.0021   -0.0016
   4844.49    0.0000    0.0013   -0.0008
   4845.52    0.0000    0.0004    0.0001
   4846.55    0.0000   -0.0006    0.0010
   4847.59    0.0000   -0.0014    0.0017
   4848.62    0.0000   -0.0019    0.0020
   4849.65    0.0000   -0.0019    0.0020
   4850.68    0.0000   -0.0015    0.0016
   4851.72    0.0000   -0.0008    0.0008
   4852.75    0.0000    0.0002   -0.0001
   4853.78    0.0000    0.0012   -0.0010
   4854.81    0.0000    0.0021   -0.0017
   4855.85    0.0000    0.0024   -0.0020
   4856.88    0.0000    0.0024   -0.0020
   4857.91    0.0000    0.0024   -0.0019
   4858.94    0.0000    0.0024   -0.0019
   4859.98    0.0000    0.0024   -0.0019
   4861.01    0.0000    0.0024   -0.0019
   4862.04    0.0000    0.0024   -0.0019
   4863.07    0.0000    0.0024   -0.0019
   4864.11    0.0000    0.0024   -0.0019
   4865.14    0.0000    0.0024   -0.0019
   4866.17    0.0000    0.0024   -0.0019
   4867.20    0.0000    0.0024   -0.0019
   4868.24    0.0000    0.0024   -0.0019
   4869.27    0.0000    0.0024   -0.0019
   4870.30    0.0000    0.0024   -0.0019
   4871.33    0.0000    0.0024   -0.0019
   4872.37    0.0000    0.0024   -0.0019
   4873.40    0.0000    0.0024   -0.0019
   4874.43    0.0000    0.0023   -0.0019
   4875.46    0.0000    0.0023   -0.0019
   4876.50    0.0000    0.0023   -0.0019
   4877.53    0.0000    0.0023   -0.0019
   4878.56    0.0000    0.0023   -0.0019
   4879.59    0.0000    0.0023   -0.0019
   4880.63    0.0000    0.0023   -0.0019
   4881.66    0.0000    0.0023   -0.0019
   4882.69    0.0000    0.0023   -0.0019
   4883.72    0.0000    0.0023   -0.0019
   4884.76    0.0000    0.0023   -0.0019
   4885.79    0.0000    0.0023   -0.0019
   4886.82    0.0000    0.0023   -0.0019
   4887.85    0.0000    0.0023   -0.0019
   4888.89    0.0000    0.0023   -0.0019
   4889.92    0.0000    0.0023   -0.0019
   4890.95    0.0000    0.0023   -0.0019
   4891.98    0.0000    0.0023   -0.0020
   4893.02    0.0000    0.0023   -0.0020
   4894.05    0.0000    0.0023   -0.0020
   4895.08    0.0000    0.0024   -0.0020
   4896.11    0.0000    0.0024   -0.0020
   4897.15    0.0000    0.0024   -0.0020
   4898.18    0.0000    0.0024   -0.0020
   4899.21    0.0000    0.0024   -0.0020
   4900.24    0.0000    0.0024   -0.0020
   4901.28    0.0000    0.0024   -0.0020
   4902.31    0.0000    0.0024   -0.0020
   4903.34    0.0000    0.0024   -0.0020
   4904.37    0.0000    0.0024   -0.0020
   4905.41    0.0000    0.0024   -0.0020
   4906.44    0.0000    0.0024   -0.0019
   4907.47    0.0000    0.0024   -0.0019
   4908.50    0.0000    0.0024   -0.0019
   4909.54    0.0000    0.0024   -0.0019
   4910.57    0.0000    0.0024   -0.0019
   4911.60    0.0000    0.0024   -0.0019
   4912.63    0.0000    0.0024   -0.0019
   4913.67    0.0000    0.0024   -0.0019
   4914.70    0.0000    0.0024   -0.0019
   4915.73    0.0000    0.0024   -0.0019
   4916.76    0.0000    0.0024   -0.0019
   4917.80    0.0000    0.0024   -0.0019
   4918.83    0.0000    0.0024   -0.0019
   4919.86    0.0000    0.0024   -0.0017
   4920.89    0.0000    0.0020   -0.0010
   4921.93    0.0000    0.0012   -0.0002
   4922.96    0.0000    0.0000    0.0007
   4923.99    0.0000   -0.0012    0.0013
   4925.02    0.0000   -0.0022    0.0017
   4926.06    0.0000   -0.0028    0.0017
   4927.09    0.0000   -0.0029    0.0013
   4928.12    0.0000   -0.0025    0.0007
   4929.15    0.0000   -0.0016   -0.0001
   4930.19    0.0000   -0.0005   -0.0009
   4931.22    0.0000    0.0007   -0.0015
   4932.25    0.0000    0.0016   -0.0019
   4933.28    0.0000    0.0022   -0.0019
   4934.32    0.0000    0.0024   -0.0016
   4935.35    0.0000    0.0021   -0.0010
   4936.38    0.0000    0.0013   -0.0003
   4937.41    0.0000    0.0003    0.0004
   4938.45    0.0000   -0.0008    0.0010
   4939.48    0.0000   -0.0018    0.0015
   4940.51    0.0000   -0.0025    0.0016
   4941.54    0.0000   -0.0029    0.0015
   4942.58    0.0000   -0.0029    0.0011
   4943.61    0.0000   -0.0024    0.0005
   4944.64    0.0000   -0.0017   -0.0001
   4945.67    0.0000   -0.0007   -0.0008
   4946.71    0.0000    0.0003   -0.0013
   4947.74    0.0000    0.0012   -0.0017
   4948.77    0.0000    0.0019   -0.0018
   4949.80    0.0000    0.0023   -0.0017
   4950.84    0.0000    0.0023   -0.0014
   4951.87    0.0000    0.0020   -0.0009
   4952.90    0.0000    0.0014   -0.0004
   4953.93    0.0000    0.0006    0.0002
   4954.97    0.0000   -0.0003    0.0007
   4956.00    0.0000   -0.0012    0.0011
   4957.03    0.0000   -0.0020    0.0014
   4958.06    0.0000   -0.0026    0.0014
   4959.10    0.0000   -0.0029    0.0013
   4960.13    0.0000   -0.0030    0.0010
   4961.16    0.0000   -0.0027    0.0006
   4962.19    0.0000   -0.0022    0.0002
   4963.23    0.0000   -0.0015   -0.0003
   4964.26    0.0000   -0.0007   -0.0008
   4965.29    0.0000    0.0001   -0.0012
   4966.32    0.0000    0.0008   -0.0015
   4967.36    0.0000    0.0015   -0.0017
   4968.39    0.0000    0.0020   -0.0017
   4969.42    0.0000    0.0022   -0.0016
   4970.45    0.0000    0.0023   -0.0014
   4971.49    0.0000    0.0021   -0.0011
   4972.52    0.0000    0.0017   -0.0007
   4973.55    0.0000    0.0012   -0.0003
   4974.58    0.0000    0.0005    0.0001
   4975.62    0.0000   -0.0002    0.0005
   4976.65    0.0000   -0.0009    0.0008
   4977.68    0.0000   -0.0015    0.0010
   4978.71    0.0000   -0.0021    0.0011
   4979.75    0.0000   -0.0025    0.0012
   4980.78    0.0000   -0.0028    0.0011
   4981.81    0.0000   -0.0029    0.0010
   4982.84    0.0000   -0.0029    0.0007
   4983.88    0.0000   -0.0027    0.0005
   4984.91    0.0000   -0.0024    0.0002
   4985.94    0.0000   -0.0019   -0.0002
   4986.97    0.0000   -0.0014   -0.0005
   4988.01    0.0000   -0.0009   -0.0008
   4989.04    0.0000   -0.0003   -0.0011
   4990.07    0.0000    0.0003   -0.0013
   4991.10    0.0000    0.0008   -0.0014
   4992.14    0.0000    0.0012   -0.0015
   4993.17    0.0000    0.0016   -0.0016
   4994.20    0.0000    0.0018   -0.0015
   4995.23    0.0000    0.0020   -0.0014
   4996.27    0.0000    0.0020   -0.0013
   4997.30    0.0000    0.0020   -0.0011
   4998.33    0.0000    0.0018   -0.0009
   4999.36    0.0000    0.0015   -0.0007
   5000.40    0.0000    0.0012   -0.0005
   5001.43    0.0000    0.0008   -0.0002
   5002.46    0.0000    0.0004   -0.0000
   5003.49    0.0000   -0.0000    0.0002
   5004.53    0.0000   -0.0005    0.0004
   5005.56    0.0000   -0.0009    0.0005
   5006.59    0.0000   -0.0013    0.0006
   5007.62    0.0000   -0.0017    0.0007
   5008.66    0.0000   -0.0020    0.0008
   5009.69    0.0000   -0.0023    0.0008
   5010.72    0.0000   -0.0025    0.0008
   5011.75    0.0000   -0.0026    0.0007
   5012.79    0.0000   -0.0027    0.0006
   5013.82    0.0000   -0.0027    0.0005
   5014.85    0.0000   -0.0027    0.0004
   5015.88    0.0000   -0.0026    0.0002
   5016.92    0.0000   -0.0024    0.0001
   5017.95    0.0000   -0.0022   -0.0001
   5018.98    0.0000   -0.0020   -0.0003
   5020.01    0.0000   -0.0017   -0.0004
   5021.05    0.0000   -0.0014   -0.0006
   5022.08    0.0000   -0.0011   -0.0007
   5023.11    0.0000   -0.0008   -0.0009
   5024.14    0.0000   -0.0005   -0.0010
   5025.18    0.0000   -0.0002   -0.0011
   5026.21    0.0000    0.0001   -0.0012
   5027.24    0.0000    0.0004   -0.0012
   5028.27    0.0000    0.0006   -0.0013
   5029.31    0.0000    0.0008   -0.0013
   5030.34    0.0000    0.0010   -0.0013
   5031.37    0.0000    0.0012   -0.0013
   5032.40    0.0000    0.0013   -0.0013
   5033.44    0.0000    0.0014   -0.0013
   5034.47    0.0000    0.0015   -0.0012
   5035.50    0.0000    0.0015   -0.0012
   5036.53    0.0000    0.0015   -0.0011
   5037.57    0.0000    0.0014   -0.0010
   5038.60    0.0000    0.0013   -0.0009
   5039.63    0.0000    0.0013   -0.0008
   5040.66    0.0000    0.0011   -0.0007
   5041.70    0.0000    0.0010   -0.0006
   5042.73    0.0000    0.0008   -0.0005
   5043.76    0.0000    0.0007   -0.0004
   5044.79    0.0000    0.0005   -0.0003
   5045.83    0.0000    0.0003   -0.0003
   5046.86    0.0000    0.0001   -0.0002
   5047.89    0.0000   -0.0001   -0.0001
   5048.92    0.0000   -0.0003   -0.0000
   5049.96    0.0000   -0.0005    0.0000
   5050.99    0.0000   -0.0007    0.0001
   5052.02    0.0000   -0.0009    0.0001
   5053.05    0.0000   -0.0011    0.0002
   5054.09    0.0000   -0.0012    0.0002
   5055.12    0.0000   -0.0014    0.0002
   5056.15    0.0000   -0.0015    0.0003
   5057.18    0.0000   -0.0017    0.0003
   5058.22    0.0000   -0.0018    0.0003
   5059.25    0.0000   -0.0019    0.0003
   5060.28    0.0000   -0.0020    0.0003
   5061.31    0.0000   -0.0021    0.0002
   5062.35    0.0000   -0.0021    0.0002
   5063.38    0.0000   -0.0022    0.0002
   5064.41    0.0000   -0.0022    0.0001
   5065.44    0.0000   -0.0022    0.0001
   5066.48    0.0000   -0.0022    0.0001
   5067.51    0.0000   -0.0022    0.0000
   5068.54    0.0000   -0.0022   -0.0000
   5069.57    0.0000   -0.0021   -0.0001
   5070.61    0.0000   -0.0021   -0.0001
   5071.64    0.0000   -0.0020   -0.0002
   5072.67    0.0000   -0.0020   -0.0002
   5073.70    0.0000   -0.0019   -0.0003
   5074.74    0.0000   -0.0018   -0.0004
   5075.77    0.0000   -0.0017   -0.0004
   5076.80    0.0000   -0.0016   -0.0005
   5077.83    0.0000   -0.0016   -0.0005
   5078.87    0.0000   -0.0014   -0.0006
   5079.90    0.0000   -0.0013   -0.0006
   5080.93    0.0000   -0.0012   -0.0007
   5081.96    0.0000   -0.0011   -0.0007
   5083.00    0.0000   -0.0010   -0.0008
   5084.03    0.0000   -0.0009   -0.0008
   5085.06    0.0000   -0.0008   -0.0008
   5086.09    0.0000   -0.0007   -0.0009
   5087.13    0.0000   -0.0006   -0.0009
   5088.16    0.0000   -0.0005   -0.0009
   5089.19    0.0000   -0.0004   -0.0010
   5090.22    0.0000   -0.0003   -0.0010
   5091.26    0.0000   -0.0002   -0.0010
   5092.29    0.0000   -0.0001   -0.0010
   5093.32    0.0000    0.0000   -0.0011
   5094.35    0.0000    0.0001   -0.0011
   5095.39    0.0000    0.0002   -0.0011
   5096.42    0.0000    0.0003   -0.0011
   5097.45    0.0000    0.0004   -0.0011
   5098.48    0.0000    0.0004   -0.0011
   5099.52    0.0000    0.0005   -0.0011
   5100.55    0.0000    0.0006   -0.0011
   5101.58    0.0000    0.0006   -0.0011
   5102.61    0.0000    0.0007   -0.0011
   5103.65    0.0000    0.0007   -0.0011
   5104.68    0.0000    0.0008   -0.0011
   5105.71    0.0000    0.0008   -0.0011
   5106.74    0.0000    0.0008   -0.0011
   5107.78    0.0000    0.0008   -0.0010
   5108.81    0.0000    0.0009   -0.0010
   5109.84    0.0000    0.0009   -0.0010
   5110.87    0.0000    0.0009   -0.0010
   5111.91    0.0000    0.0009   -0.0010
   5112.94    0.0000    0.0009   -0.0009
   5113.97    0.0000    0.0009   -0.0009
   5115.00    0.0000    0.0009   -0.0009
   5116.04    0.0000    0.0009   -0.0009
   5117.07    0.0000    0.0009   -0.0008
   5118.10    0.0000    0.0009   -0.0008
   5119.13    0.0000    0.0009   -0.0008
   5120.17    0.0000    0.0008   -0.0007
   5121.20    0.0000    0.0008   -0.0007
   5122.23    0.0000    0.0008   -0.0007
   5123.26    0.0000    0.0007   -0.0007
   5124.30    0.0000    0.0007   -0.0006
   5125.33    0.0000    0.0007   -0.0006
   5126.36    0.0000    0.0006   -0.0006
   5127.39    0.0000    0.0006   -0.0005
   5128.43    0.0000    0.0005   -0.0005
   5129.46    0.0000    0.0005   -0.0005
   5130.49    0.0000    0.0004   -0.0004
   5131.52    0.0000    0.0004   -0.0004
   5132.56    0.0000    0.0003   -0.0004
   5133.59    0.0000    0.0002   -0.0003
   5134.62    0.0000    0.0002   -0.0003
   5135.65    0.0000    0.0001   -0.0003
   5136.69    0.0000    0.0001   -0.0002
   5137.72    0.0000   -0.0000   -0.0002
   5138.75    0.0000   -0.0001   -0.0002
   5139.78    0.0000   -0.0001   -0.0001
   5140.82    0.0000   -0.0002   -0.0001
   5141.85    0.0000   -0.0003   -0.0001
   5142.88    0.0000   -0.0003   -0.0000
   5143.91    0.0000   -0.0004   -0.0000
   5144.95    0.0000   -0.0005    0.0000
   5145.98    0.0000   -0.0006    0.0001
   5147.01    0.0000   -0.0006    0.0001
   5148.04    0.0000   -0.0007    0.0001
   5149.08    0.0000   -0.0008    0.0001
   5150.11    0.0000   -0.0008    0.0002
   5151.14    0.0000   -0.0009    0.0002
   5152.17    0.0000   -0.0010    0.0002
   5153.21    0.0000   -0.0011    0.0002
   5154.24    0.0000   -0.0011    0.0003
   5155.27    0.0000   -0.0012    0.0003
   5156.30    0.0000   -0.0013    0.0003
   5157.34    0.0000   -0.0013    0.0003
   5158.37    0.0000   -0.0014    0.0003
   5159.40    0.0000   -0.0015    0.0004
   5160.43    0.0000   -0.0015    0.0004
   5161.47    0.0000   -0.0016    0.0004
   5162.50    0.0000   -0.0017    0.0004
   5163.53    0.0000   -0.0017    0.0004
   5164.56    0.0000   -0.0018    0.0004
   5165.60    0.0000   -0.0019    0.0004
   5166.63    0.0000   -0.0019    0.0005
   5167.66    0.0000   -0.0020    0.0005
   5168.69    0.0000   -0.0020    0.0005
   5169.73    0.0000   -0.0021    0.0005
   5170.76    0.0000   -0.0021    0.0005
   5171.79    0.0000   -0.0022    0.0005
   5172.82    0.0000   -0.0022    0.0005
   5173.86    0.0000   -0.0023    0.0005
   5174.89    0.0000   -0.0023    0.0005
   5175.92    0.0000   -0.0024    0.0005
   5176.95    0.0000   -0.0024    0.0005
   5177.99    0.0000   -0.0024    0.0005
   5179.02    0.0000   -0.0025    0.0005
   5180.05    0.0000   -0.0025    0.0005
   5181.08    0.0000   -0.0025    0.0004
   5182.12    0.0000   -0.0026    0.0004
   5183.15    0.0000   -0.0026    0.0004
   5184.18    0.0000   -0.0026    0.0004
   5185.21    0.0000   -0.0026    0.0004
   5186.25    0.0000   -0.0026    0.0004
   5187.28    0.0000   -0.0026    0.0003
   5188.31    0.0000   -0.0026    0.0003
   5189.34    0.0000   -0.0026    0.0003
   5190.38    0.0000   -0.0026    0.0003
   5191.41    0.0000   -0.0026    0.0002
   5192.44    0.0000   -0.0026    0.0002
   5193.47    0.0000   -0.0026    0.0002
   5194.51    0.0000   -0.0026    0.0001
   5195.54    0.0000   -0.0025    0.0001
   5196.57    0.0000   -0.0025    0.0001
   5197.60    0.0000   -0.0025    0.0000
   5198.64    0.0000   -0.0024   -0.0000
   5199.67    0.0000   -0.0024   -0.0001
   5200.70    0.0000   -0.0023   -0.0001
   5201.73    0.0000   -0.0023   -0.0002
   5202.77    0.0000   -0.0022   -0.0002
   5203.80    0.0000   -0.0021   -0.0003
   5204.83    0.0000   -0.0021   -0.0003
   5205.86    0.0000   -0.0020   -0.0004
   5206.90    0.0000   -0.0019   -0.0004
   5207.93    0.0000   -0.0018   -0.0005
   5208.96    0.0000   -0.0017   -0.0005
   5209.99    0.0000   -0.0016   -0.0006
   5211.03    0.0000   -0.0015   -0.0007
   5212.06    0.0000   -0.0013   -0.0007
   5213.09    0.0000   -0.0012   -0.0008
   5214.12    0.0000   -0.0011   -0.0008
   5215.16    0.0000   -0.0010   -0.0009
   5216.19    0.0000   -0.0008   -0.0010
   5217.22    0.0000   -0.0007   -0.0010
   5218.25    0.0000   -0.0005   -0.0011
   5219.29    0.0000   -0.0004   -0.0012
   5220.32    0.0000   -0.0002   -0.0012
   5221.35    0.0000   -0.0000   -0.0013
   5222.38    0.0000    0.0001   -0.0013
   5223.42    0.0000    0.0003   -0.0014
   5224.45    0.0000    0.0005   -0.0014
   5225.48    0.0000    0.0007   -0.0015
   5226.51    0.0000    0.0008   -0.0015
   5227.55    0.0000    0.0010   -0.0016
   5228.58    0.0000    0.0012   -0.0016
   5229.61    0.0000    0.0014   -0.0016
   5230.64    0.0000    0.0015   -0.0017
   5231.68    0.0000    0.0017   -0.0017
   5232.71    0.0000    0.0019   -0.0017
   5233.74    0.0000    0.0020   -0.0017
   5234.77    0.0000    0.0022   -0.0017
   5235.81    0.0000    0.0023   -0.0017
   5236.84    0.0000    0.0024   -0.0016
   5237.87    0.0000    0.0025   -0.0016
   5238.90    0.0000    0.0026   -0.0016
   5239.94    0.0000    0.0027   -0.0015
   5240.97    0.0000    0.0027   -0.0014
   5242.00    0.0000    0.0027   -0.0014
   5243.03    0.0000    0.0028   -0.0013
   5244.07    0.0000    0.0027   -0.0012
   5245.10    0.0000    0.0027   -0.0011
   5246.13    0.0000    0.0026   -0.0010
   5247.16    0.0000    0.0025   -0.0008
   5248.20    0.0000    0.0024   -0.0007
   5249.23    0.0000    0.0022   -0.0005
   5250.26    0.0000    0.0020   -0.0004
   5251.29    0.0000    0.0018   -0.0002
   5252.33    0.0000    0.0015   -0.0000
   5253.36    0.0000    0.0012    0.0001
   5254.39    0.0000    0.0009    0.0003
   5255.42    0.0000    0.0006    0.0005
   5256.46    0.0000    0.0002    0.0006
   5257.49    0.0000   -0.0002    0.0008
   5258.52    0.0000   -0.0006    0.0009
