     #Time      Norm      Real      Imag
   5036.53    0.0000   -0.0000   -0.0001
   5037.57    0.0000   -0.0001   -0.0003
   5038.60    0.0000   -0.0001   -0.0003
   5039.63    0.0000   -0.0000   -0.0002
   5040.66    0.0000    0.0000    0.0001
   5041.70    0.0000    0.0000    0.0003
   5042.73    0.0000   -0.0000    0.0004
   5043.76    0.0000   -0.0002    0.0004
   5044.79    0.0000   -0.0003    0.0002
   5045.83    0.0000   -0.0004   -0.0001
   5046.86    0.0000   -0.0004   -0.0005
   5047.89    0.0000   -0.0003   -0.0007
   5048.92    0.0000   -0.0002   -0.0009
   5049.96    0.0000    0.0000   -0.0008
   5050.99    0.0000    0.0002   -0.0006
   5052.02    0.0000    0.0003   -0.0002
   5053.05    0.0000    0.0003    0.0002
   5054.09    0.0000    0.0002    0.0006
   5055.12    0.0000    0.0000    0.0008
   5056.15    0.0000   -0.0002    0.0009
   5057.18    0.0000   -0.0004    0.0008
   5058.22    0.0000   -0.0006    0.0005
   5059.25    0.0000   -0.0006    0.0001
   5060.28    0.0000   -0.0005   -0.0002
   5061.31    0.0000   -0.0003   -0.0005
   5062.35    0.0000   -0.0001   -0.0007
   5063.38    0.0000    0.0001   -0.0007
   5064.41    0.0000    0.0003   -0.0005
   5065.44    0.0000    0.0003   -0.0002
   5066.48    0.0000    0.0003    0.0001
   5067.51    0.0000    0.0001    0.0005
   5068.54    0.0000   -0.0001    0.0007
   5069.57    0.0000   -0.0003    0.0008
   5070.61    0.0000   -0.0005    0.0008
   5071.64    0.0000   -0.0006    0.0006
   5072.67    0.0000   -0.0005    0.0003
   5073.70    0.0000   -0.0004    0.0001
   5074.74    0.0000   -0.0002   -0.0002
   5075.77    0.0000    0.0000   -0.0003
   5076.80    0.0000    0.0002   -0.0003
   5077.83    0.0000    0.0002   -0.0002
   5078.87    0.0000    0.0002   -0.0000
   5079.90    0.0000    0.0000    0.0002
   5080.93    0.0000   -0.0001    0.0004
   5081.96    0.0000   -0.0003    0.0006
   5083.00    0.0000   -0.0005    0.0007
   5084.03    0.0000   -0.0006    0.0007
   5085.06    0.0000   -0.0007    0.0006
   5086.09    0.0000   -0.0007    0.0004
   5087.13    0.0000   -0.0006    0.0001
   5088.16    0.0000   -0.0005   -0.0001
   5089.19    0.0000   -0.0004   -0.0004
   5090.22    0.0000   -0.0003   -0.0005
   5091.26    0.0000   -0.0002   -0.0006
   5092.29    0.0000   -0.0001   -0.0005
   5093.32    0.0000   -0.0000   -0.0003
   5094.35    0.0000    0.0000   -0.0000
   5095.39    0.0000    0.0001    0.0003
   5096.42    0.0000    0.0001    0.0005
   5097.45    0.0000    0.0001    0.0007
   5098.48    0.0000    0.0000    0.0007
   5099.52    0.0000   -0.0000    0.0006
   5100.55    0.0000   -0.0002    0.0004
   5101.58    0.0000   -0.0003    0.0001
   5102.61    0.0000   -0.0004   -0.0001
   5103.65    0.0000   -0.0005   -0.0002
   5104.68    0.0000   -0.0005   -0.0003
   5105.71    0.0000   -0.0005   -0.0002
   5106.74    0.0000   -0.0003   -0.0001
   5107.78    0.0000   -0.0001    0.0000
   5108.81    0.0000    0.0002    0.0002
   5109.84    0.0000    0.0003    0.0003
   5110.87    0.0000    0.0004    0.0004
   5111.91    0.0000    0.0003    0.0005
   5112.94    0.0000    0.0001    0.0006
   5113.97    0.0000   -0.0002    0.0007
   5115.00    0.0000   -0.0005    0.0007
   5116.04    0.0000   -0.0008    0.0006
   5117.07    0.0000   -0.0010    0.0005
   5118.10    0.0000   -0.0010    0.0003
   5119.13    0.0000   -0.0009    0.0000
   5120.17    0.0000   -0.0007   -0.0003
   5121.20    0.0000   -0.0004   -0.0006
   5122.23    0.0000   -0.0001   -0.0008
   5123.26    0.0000    0.0002   -0.0009
   5124.30    0.0000    0.0004   -0.0009
   5125.33    0.0000    0.0004   -0.0007
   5126.36    0.0000    0.0004   -0.0004
   5127.39    0.0000    0.0004   -0.0000
   5128.43    0.0000    0.0003    0.0003
   5129.46    0.0000    0.0003    0.0006
   5130.49    0.0000    0.0002    0.0007
   5131.52    0.0000    0.0002    0.0007
   5132.56    0.0000    0.0000    0.0005
   5133.59    0.0000   -0.0001    0.0003
   5134.62    0.0000   -0.0004    0.0001
   5135.65    0.0000   -0.0006   -0.0001
   5136.69    0.0000   -0.0008   -0.0002
   5137.72    0.0000   -0.0010   -0.0002
   5138.75    0.0000   -0.0010   -0.0002
   5139.78    0.0000   -0.0009   -0.0002
   5140.82    0.0000   -0.0007   -0.0002
   5141.85    0.0000   -0.0004   -0.0003
   5142.88    0.0000    0.0000   -0.0004
   5143.91    0.0000    0.0004   -0.0004
   5144.95    0.0000    0.0006   -0.0005
   5145.98    0.0000    0.0008   -0.0004
   5147.01    0.0000    0.0007   -0.0003
   5148.04    0.0000    0.0005   -0.0001
   5149.08    0.0000    0.0002    0.0001
   5150.11    0.0000   -0.0001    0.0004
   5151.14    0.0000   -0.0004    0.0007
   5152.17    0.0000   -0.0006    0.0009
   5153.21    0.0000   -0.0006    0.0010
   5154.24    0.0000   -0.0006    0.0009
   5155.27    0.0000   -0.0005    0.0006
   5156.30    0.0000   -0.0003    0.0003
   5157.34    0.0000   -0.0001   -0.0000
   5158.37    0.0000    0.0000   -0.0004
   5159.40    0.0000    0.0001   -0.0006
   5160.43    0.0000    0.0002   -0.0006
   5161.47    0.0000    0.0003   -0.0005
   5162.50    0.0000    0.0004   -0.0004
   5163.53    0.0000    0.0005   -0.0001
   5164.56    0.0000    0.0006    0.0002
   5165.60    0.0000    0.0006    0.0004
   5166.63    0.0000    0.0005    0.0005
   5167.66    0.0000    0.0003    0.0006
   5168.69    0.0000    0.0000    0.0006
   5169.73    0.0000   -0.0003    0.0006
   5170.76    0.0000   -0.0005    0.0005
   5171.79    0.0000   -0.0007    0.0003
   5172.82    0.0000   -0.0006    0.0002
   5173.86    0.0000   -0.0004    0.0000
   5174.89    0.0000   -0.0001   -0.0002
   5175.92    0.0000    0.0002   -0.0003
   5176.95    0.0000    0.0005   -0.0004
   5177.99    0.0000    0.0007   -0.0005
   5179.02    0.0000    0.0006   -0.0004
   5180.05    0.0000    0.0004   -0.0003
   5181.08    0.0000    0.0001   -0.0001
   5182.12    0.0000   -0.0003    0.0002
   5183.15    0.0000   -0.0006    0.0003
   5184.18    0.0000   -0.0007    0.0004
   5185.21    0.0000   -0.0007    0.0003
   5186.25    0.0000   -0.0004    0.0001
   5187.28    0.0000   -0.0001   -0.0002
   5188.31    0.0000    0.0003   -0.0004
   5189.34    0.0000    0.0006   -0.0005
   5190.38    0.0000    0.0007   -0.0005
   5191.41    0.0000    0.0005   -0.0004
   5192.44    0.0000    0.0002   -0.0002
   5193.47    0.0000   -0.0001   -0.0001
   5194.51    0.0000   -0.0003   -0.0001
   5195.54    0.0000   -0.0004   -0.0001
   5196.57    0.0000   -0.0003   -0.0003
   5197.60    0.0000   -0.0001   -0.0005
   5198.64    0.0000    0.0002   -0.0007
   5199.67    0.0000    0.0003   -0.0007
   5200.70    0.0000    0.0004   -0.0006
   5201.73    0.0000    0.0002   -0.0004
   5202.77    0.0000   -0.0001   -0.0001
   5203.80    0.0000   -0.0004    0.0002
   5204.83    0.0000   -0.0006    0.0004
   5205.86    0.0000   -0.0006    0.0004
   5206.90    0.0000   -0.0004    0.0003
   5207.93    0.0000   -0.0000    0.0002
   5208.96    0.0000    0.0004    0.0000
   5209.99    0.0000    0.0007   -0.0001
   5211.03    0.0000    0.0008   -0.0001
   5212.06    0.0000    0.0006    0.0000
   5213.09    0.0000    0.0003    0.0002
   5214.12    0.0000   -0.0001    0.0004
   5215.16    0.0000   -0.0004    0.0005
   5216.19    0.0000   -0.0005    0.0005
   5217.22    0.0000   -0.0005    0.0004
   5218.25    0.0000   -0.0002    0.0003
   5219.29    0.0000    0.0001    0.0002
   5220.32    0.0000    0.0004    0.0001
   5221.35    0.0000    0.0005    0.0001
   5222.38    0.0000    0.0005    0.0002
   5223.42    0.0000    0.0005    0.0003
   5224.45    0.0000    0.0004    0.0004
   5225.48    0.0000    0.0004    0.0004
   5226.51    0.0000    0.0003    0.0004
   5227.55    0.0000    0.0003    0.0003
   5228.58    0.0000    0.0002    0.0003
   5229.61    0.0000    0.0002    0.0002
   5230.64    0.0000    0.0002    0.0002
   5231.68    0.0000    0.0002    0.0002
   5232.71    0.0000    0.0002    0.0002
   5233.74    0.0000    0.0002    0.0002
   5234.77    0.0000    0.0001    0.0002
   5235.81    0.0000    0.0000    0.0001
   5236.84    0.0000   -0.0000    0.0001
   5237.87    0.0000   -0.0001   -0.0000
   5238.90    0.0000   -0.0001   -0.0002
   5239.94    0.0000   -0.0001   -0.0003
   5240.97    0.0000   -0.0001   -0.0003
