     #Time      Norm      Real      Imag
   4738.14    0.0000   -0.0001   -0.0000
   4739.17    0.0000   -0.0003    0.0000
   4740.21    0.0000   -0.0002    0.0001
   4741.24    0.0000    0.0001    0.0002
   4742.27    0.0000    0.0004    0.0001
   4743.30    0.0000    0.0006   -0.0000
   4744.34    0.0000    0.0008   -0.0002
   4745.37    0.0000    0.0007   -0.0004
   4746.40    0.0000    0.0006   -0.0003
   4747.43    0.0000    0.0005   -0.0003
   4748.47    0.0000    0.0004   -0.0003
   4749.50    0.0000    0.0003   -0.0003
   4750.53    0.0000    0.0003   -0.0003
   4751.56    0.0000    0.0003   -0.0003
   4752.60    0.0000    0.0003   -0.0004
   4753.63    0.0000    0.0004   -0.0004
   4754.66    0.0000    0.0005   -0.0005
   4755.69    0.0000    0.0005   -0.0004
   4756.73    0.0000    0.0005   -0.0004
   4757.76    0.0000    0.0005   -0.0003
   4758.79    0.0000    0.0005   -0.0003
   4759.82    0.0000    0.0005   -0.0003
   4760.86    0.0000    0.0005   -0.0004
   4761.89    0.0000    0.0005   -0.0005
   4762.92    0.0000    0.0005   -0.0007
   4763.95    0.0000    0.0006   -0.0008
   4764.99    0.0000    0.0007   -0.0009
   4766.02    0.0000    0.0008   -0.0009
   4767.05    0.0000    0.0009   -0.0009
   4768.08    0.0000    0.0008   -0.0008
   4769.12    0.0000    0.0007   -0.0007
   4770.15    0.0000    0.0005   -0.0006
   4771.18    0.0000    0.0004   -0.0006
   4772.21    0.0000    0.0004   -0.0006
   4773.25    0.0000    0.0004   -0.0006
   4774.28    0.0000    0.0005   -0.0006
   4775.31    0.0000    0.0007   -0.0006
   4776.34    0.0000    0.0009   -0.0006
   4777.38    0.0000    0.0010   -0.0006
   4778.41    0.0000    0.0011   -0.0006
   4779.44    0.0000    0.0010   -0.0005
   4780.47    0.0000    0.0010   -0.0005
   4781.51    0.0000    0.0010   -0.0003
   4782.54    0.0000    0.0010   -0.0002
   4783.57    0.0000    0.0010   -0.0002
   4784.60    0.0000    0.0009   -0.0001
   4785.64    0.0000    0.0008   -0.0001
   4786.67    0.0000    0.0008   -0.0002
   4787.70    0.0000    0.0008   -0.0002
   4788.73    0.0000    0.0008   -0.0003
   4789.77    0.0000    0.0009   -0.0004
   4790.80    0.0000    0.0009   -0.0005
   4791.83    0.0000    0.0010   -0.0005
   4792.86    0.0000    0.0011   -0.0006
   4793.90    0.0000    0.0012   -0.0006
   4794.93    0.0000    0.0012   -0.0006
   4795.96    0.0000    0.0012   -0.0006
   4796.99    0.0000    0.0011   -0.0005
   4798.03    0.0000    0.0010   -0.0005
   4799.06    0.0000    0.0009   -0.0004
   4800.09    0.0000    0.0008   -0.0004
   4801.12    0.0000    0.0007   -0.0005
   4802.16    0.0000    0.0006   -0.0006
   4803.19    0.0000    0.0004   -0.0007
   4804.22    0.0000    0.0003   -0.0008
   4805.25    0.0000    0.0001   -0.0008
   4806.29    0.0000    0.0001   -0.0008
   4807.32    0.0000    0.0000   -0.0008
   4808.35    0.0000    0.0001   -0.0008
   4809.38    0.0000    0.0001   -0.0007
   4810.42    0.0000    0.0002   -0.0007
   4811.45    0.0000    0.0002   -0.0006
   4812.48    0.0000    0.0001   -0.0005
   4813.51    0.0000    0.0000   -0.0005
   4814.55    0.0000    0.0000   -0.0004
   4815.58    0.0000    0.0000   -0.0005
   4816.61    0.0000    0.0001   -0.0005
   4817.64    0.0000    0.0003   -0.0006
   4818.68    0.0000    0.0004   -0.0007
   4819.71    0.0000    0.0004   -0.0008
   4820.74    0.0000    0.0003   -0.0009
   4821.77    0.0000    0.0001   -0.0009
   4822.81    0.0000   -0.0002   -0.0009
   4823.84    0.0000   -0.0003   -0.0008
   4824.87    0.0000   -0.0004   -0.0007
   4825.90    0.0000   -0.0004   -0.0006
   4826.94    0.0000   -0.0002   -0.0004
   4827.97    0.0000   -0.0000   -0.0004
   4829.00    0.0000    0.0001   -0.0003
   4830.03    0.0000    0.0001   -0.0004
   4831.07    0.0000   -0.0000   -0.0004
   4832.10    0.0000   -0.0001   -0.0003
   4833.13    0.0000   -0.0002   -0.0002
   4834.16    0.0000   -0.0001   -0.0000
   4835.20    0.0000   -0.0000    0.0001
   4836.23    0.0000    0.0001    0.0001
   4837.26    0.0000    0.0001    0.0000
   4838.29    0.0000    0.0000   -0.0000
   4839.33    0.0000   -0.0001   -0.0001
   4840.36    0.0000   -0.0002   -0.0001
   4841.39    0.0000   -0.0003   -0.0001
   4842.42    0.0000   -0.0002    0.0000
   4843.46    0.0000    0.0001    0.0002
   4844.49    0.0000    0.0003    0.0002
   4845.52    0.0000    0.0005    0.0001
   4846.55    0.0000    0.0005   -0.0000
   4847.59    0.0000    0.0004   -0.0001
   4848.62    0.0000    0.0002   -0.0002
   4849.65    0.0000    0.0001   -0.0001
   4850.68    0.0000    0.0000   -0.0000
   4851.72    0.0000   -0.0000    0.0001
   4852.75    0.0000   -0.0000    0.0001
   4853.78    0.0000   -0.0001    0.0000
   4854.81    0.0000   -0.0001   -0.0001
   4855.85    0.0000   -0.0001   -0.0002
   4856.88    0.0000   -0.0001   -0.0002
   4857.91    0.0000    0.0000   -0.0001
   4858.94    0.0000    0.0002    0.0001
   4859.98    0.0000    0.0004    0.0002
   4861.01    0.0000    0.0004    0.0002
   4862.04    0.0000    0.0004    0.0001
   4863.07    0.0000    0.0002   -0.0000
   4864.11    0.0000   -0.0001   -0.0001
   4865.14    0.0000   -0.0004   -0.0001
   4866.17    0.0000   -0.0005   -0.0000
   4867.20    0.0000   -0.0006    0.0001
   4868.24    0.0000   -0.0005    0.0002
   4869.27    0.0000   -0.0004    0.0003
   4870.30    0.0000   -0.0003    0.0002
   4871.33    0.0000   -0.0003    0.0002
   4872.37    0.0000   -0.0002    0.0001
   4873.40    0.0000   -0.0001   -0.0000
   4874.43    0.0000   -0.0000   -0.0001
   4875.46    0.0000    0.0000   -0.0001
   4876.50    0.0000    0.0000   -0.0001
   4877.53    0.0000   -0.0001   -0.0001
   4878.56    0.0000   -0.0003   -0.0000
   4879.59    0.0000   -0.0006   -0.0000
   4880.63    0.0000   -0.0008   -0.0000
   4881.66    0.0000   -0.0008   -0.0001
   4882.69    0.0000   -0.0007   -0.0001
   4883.72    0.0000   -0.0005   -0.0001
   4884.76    0.0000   -0.0004   -0.0001
   4885.79    0.0000   -0.0003   -0.0001
   4886.82    0.0000   -0.0003   -0.0002
   4887.85    0.0000   -0.0003   -0.0003
   4888.89    0.0000   -0.0003   -0.0004
   4889.92    0.0000   -0.0003   -0.0004
   4890.95    0.0000   -0.0004   -0.0005
   4891.98    0.0000   -0.0005   -0.0005
   4893.02    0.0000   -0.0005   -0.0004
   4894.05    0.0000   -0.0004   -0.0004
   4895.08    0.0000   -0.0003   -0.0003
   4896.11    0.0000   -0.0001   -0.0003
   4897.15    0.0000   -0.0000   -0.0002
   4898.18    0.0000    0.0001   -0.0002
   4899.21    0.0000    0.0001   -0.0001
   4900.24    0.0000    0.0001   -0.0001
   4901.28    0.0000    0.0000   -0.0001
   4902.31    0.0000   -0.0000   -0.0001
   4903.34    0.0000   -0.0000   -0.0001
   4904.37    0.0000   -0.0000   -0.0001
   4905.41    0.0000    0.0001   -0.0000
   4906.44    0.0000    0.0002    0.0000
   4907.47    0.0000    0.0004    0.0001
   4908.50    0.0000    0.0005    0.0001
   4909.54    0.0000    0.0006    0.0002
   4910.57    0.0000    0.0007    0.0003
   4911.60    0.0000    0.0006    0.0003
   4912.63    0.0000    0.0005    0.0003
   4913.67    0.0000    0.0003    0.0003
   4914.70    0.0000    0.0000    0.0003
   4915.73    0.0000   -0.0002    0.0004
   4916.76    0.0000   -0.0004    0.0004
   4917.80    0.0000   -0.0005    0.0005
   4918.83    0.0000   -0.0006    0.0006
   4919.86    0.0000   -0.0006    0.0007
   4920.89    0.0000   -0.0006    0.0008
   4921.93    0.0000   -0.0006    0.0008
   4922.96    0.0000   -0.0005    0.0007
   4923.99    0.0000   -0.0005    0.0007
   4925.02    0.0000   -0.0006    0.0005
   4926.06    0.0000   -0.0006    0.0004
   4927.09    0.0000   -0.0006    0.0003
   4928.12    0.0000   -0.0005    0.0003
   4929.15    0.0000   -0.0004    0.0002
   4930.19    0.0000   -0.0003    0.0002
   4931.22    0.0000   -0.0003    0.0001
   4932.25    0.0000   -0.0003    0.0001
   4933.28    0.0000   -0.0003    0.0000
   4934.32    0.0000   -0.0003   -0.0001
   4935.35    0.0000   -0.0003   -0.0002
   4936.38    0.0000   -0.0004   -0.0003
   4937.41    0.0000   -0.0004   -0.0004
   4938.45    0.0000   -0.0003   -0.0005
   4939.48    0.0000   -0.0003   -0.0005
   4940.51    0.0000   -0.0001   -0.0006
   4941.54    0.0000   -0.0000   -0.0006
   4942.58    0.0000    0.0001   -0.0007
   4943.61    0.0000    0.0002   -0.0007
   4944.64    0.0000    0.0002   -0.0007
   4945.67    0.0000    0.0002   -0.0008
   4946.71    0.0000    0.0002   -0.0008
   4947.74    0.0000    0.0002   -0.0008
   4948.77    0.0000    0.0002   -0.0009
   4949.80    0.0000    0.0002   -0.0009
   4950.84    0.0000    0.0003   -0.0008
   4951.87    0.0000    0.0003   -0.0008
   4952.90    0.0000    0.0004   -0.0007
   4953.93    0.0000    0.0005   -0.0007
   4954.97    0.0000    0.0005   -0.0006
   4956.00    0.0000    0.0006   -0.0005
   4957.03    0.0000    0.0006   -0.0004
   4958.06    0.0000    0.0006   -0.0003
   4959.10    0.0000    0.0006   -0.0002
   4960.13    0.0000    0.0006   -0.0002
   4961.16    0.0000    0.0005   -0.0001
   4962.19    0.0000    0.0005   -0.0000
   4963.23    0.0000    0.0004    0.0001
   4964.26    0.0000    0.0004    0.0001
   4965.29    0.0000    0.0003    0.0002
   4966.32    0.0000    0.0003    0.0003
   4967.36    0.0000    0.0002    0.0003
   4968.39    0.0000    0.0001    0.0004
   4969.42    0.0000    0.0000    0.0004
   4970.45    0.0000   -0.0001    0.0005
   4971.49    0.0000   -0.0001    0.0005
   4972.52    0.0000   -0.0002    0.0005
   4973.55    0.0000   -0.0002    0.0006
   4974.58    0.0000   -0.0003    0.0006
   4975.62    0.0000   -0.0003    0.0006
   4976.65    0.0000   -0.0004    0.0006
   4977.68    0.0000   -0.0004    0.0007
   4978.71    0.0000   -0.0005    0.0007
   4979.75    0.0000   -0.0005    0.0007
   4980.78    0.0000   -0.0006    0.0007
   4981.81    0.0000   -0.0007    0.0007
   4982.84    0.0000   -0.0007    0.0008
   4983.88    0.0000   -0.0007    0.0009
   4984.91    0.0000   -0.0007    0.0009
   4985.94    0.0000   -0.0006    0.0009
   4986.97    0.0000   -0.0006    0.0010
   4988.01    0.0000   -0.0005    0.0009
   4989.04    0.0000   -0.0005    0.0009
   4990.07    0.0000   -0.0005    0.0009
   4991.10    0.0000   -0.0005    0.0008
   4992.14    0.0000   -0.0005    0.0008
   4993.17    0.0000   -0.0006    0.0007
   4994.20    0.0000   -0.0006    0.0007
   4995.23    0.0000   -0.0007    0.0007
   4996.27    0.0000   -0.0008    0.0007
   4997.30    0.0000   -0.0008    0.0007
   4998.33    0.0000   -0.0009    0.0007
   4999.36    0.0000   -0.0008    0.0006
   5000.40    0.0000   -0.0007    0.0005
   5001.43    0.0000   -0.0006    0.0004
   5002.46    0.0000   -0.0005    0.0003
   5003.49    0.0000   -0.0003    0.0003
   5004.53    0.0000   -0.0003    0.0004
   5005.56    0.0000   -0.0003    0.0005
   5006.59    0.0000   -0.0003    0.0006
   5007.62    0.0000   -0.0004    0.0007
   5008.66    0.0000   -0.0005    0.0007
   5009.69    0.0000   -0.0006    0.0006
   5010.72    0.0000   -0.0006    0.0006
   5011.75    0.0000   -0.0006    0.0005
   5012.79    0.0000   -0.0006    0.0004
   5013.82    0.0000   -0.0005    0.0004
   5014.85    0.0000   -0.0005    0.0004
   5015.88    0.0000   -0.0005    0.0005
   5016.92    0.0000   -0.0005    0.0005
   5017.95    0.0000   -0.0005    0.0006
   5018.98    0.0000   -0.0006    0.0006
   5020.01    0.0000   -0.0006    0.0006
   5021.05    0.0000   -0.0006    0.0005
   5022.08    0.0000   -0.0006    0.0004
   5023.11    0.0000   -0.0006    0.0003
   5024.14    0.0000   -0.0005    0.0002
   5025.18    0.0000   -0.0005    0.0001
   5026.21    0.0000   -0.0005    0.0001
   5027.24    0.0000   -0.0005    0.0000
   5028.27    0.0000   -0.0005    0.0000
   5029.31    0.0000   -0.0005    0.0000
   5030.34    0.0000   -0.0005    0.0000
   5031.37    0.0000   -0.0005    0.0000
   5032.40    0.0000   -0.0005    0.0001
   5033.44    0.0000   -0.0003    0.0000
   5034.47    0.0000    0.0002   -0.0000
   5035.50    0.0000    0.0006   -0.0001
   5036.53    0.0000    0.0009   -0.0001
   5037.57    0.0000    0.0009   -0.0001
   5038.60    0.0000    0.0008   -0.0001
   5039.63    0.0000    0.0005   -0.0001
   5040.66    0.0000    0.0001   -0.0000
   5041.70    0.0000   -0.0003    0.0000
   5042.73    0.0000   -0.0007    0.0000
   5043.76    0.0000   -0.0009    0.0000
   5044.79    0.0000   -0.0009   -0.0000
   5045.83    0.0000   -0.0008   -0.0000
   5046.86    0.0000   -0.0006   -0.0001
   5047.89    0.0000   -0.0002   -0.0001
   5048.92    0.0000    0.0001   -0.0001
   5049.96    0.0000    0.0004   -0.0001
   5050.99    0.0000    0.0006   -0.0001
   5052.02    0.0000    0.0008   -0.0001
   5053.05    0.0000    0.0008   -0.0001
   5054.09    0.0000    0.0008   -0.0001
   5055.12    0.0000    0.0007   -0.0001
   5056.15    0.0000    0.0006   -0.0001
   5057.18    0.0000    0.0004   -0.0001
   5058.22    0.0000    0.0003   -0.0000
   5059.25    0.0000    0.0002    0.0001
   5060.28    0.0000    0.0002    0.0002
   5061.31    0.0000    0.0003    0.0004
   5062.35    0.0000    0.0004    0.0005
   5063.38    0.0000    0.0004    0.0006
   5064.41    0.0000    0.0003    0.0006
   5065.44    0.0000    0.0001    0.0006
   5066.48    0.0000   -0.0002    0.0005
   5067.51    0.0000   -0.0005    0.0004
   5068.54    0.0000   -0.0007    0.0004
   5069.57    0.0000   -0.0009    0.0004
   5070.61    0.0000   -0.0009    0.0004
   5071.64    0.0000   -0.0008    0.0005
   5072.67    0.0000   -0.0006    0.0006
   5073.70    0.0000   -0.0004    0.0007
   5074.74    0.0000   -0.0002    0.0007
   5075.77    0.0000   -0.0002    0.0007
   5076.80    0.0000   -0.0002    0.0007
   5077.83    0.0000   -0.0003    0.0006
   5078.87    0.0000   -0.0005    0.0005
   5079.90    0.0000   -0.0006    0.0005
   5080.93    0.0000   -0.0008    0.0004
   5081.96    0.0000   -0.0008    0.0003
   5083.00    0.0000   -0.0008    0.0003
   5084.03    0.0000   -0.0006    0.0003
   5085.06    0.0000   -0.0004    0.0003
   5086.09    0.0000   -0.0002    0.0003
   5087.13    0.0000   -0.0000    0.0003
   5088.16    0.0000    0.0001    0.0004
   5089.19    0.0000    0.0002    0.0004
   5090.22    0.0000    0.0002    0.0004
   5091.26    0.0000    0.0001    0.0003
   5092.29    0.0000   -0.0000    0.0003
   5093.32    0.0000   -0.0002    0.0002
   5094.35    0.0000   -0.0003    0.0002
   5095.39    0.0000   -0.0003    0.0001
   5096.42    0.0000   -0.0003    0.0000
   5097.45    0.0000   -0.0003   -0.0001
   5098.48    0.0000   -0.0002   -0.0001
   5099.52    0.0000   -0.0000   -0.0002
   5100.55    0.0000    0.0001   -0.0002
   5101.58    0.0000    0.0002   -0.0001
   5102.61    0.0000    0.0002   -0.0001
   5103.65    0.0000    0.0002    0.0001
   5104.68    0.0000    0.0002    0.0002
   5105.71    0.0000    0.0001    0.0003
   5106.74    0.0000    0.0001    0.0004
   5107.78    0.0000    0.0000    0.0005
   5108.81    0.0000   -0.0000    0.0005
   5109.84    0.0000   -0.0001    0.0005
   5110.87    0.0000   -0.0001    0.0004
   5111.91    0.0000   -0.0001    0.0004
   5112.94    0.0000   -0.0001    0.0003
   5113.97    0.0000   -0.0001    0.0003
   5115.00    0.0000   -0.0001    0.0003
   5116.04    0.0000    0.0000    0.0003
   5117.07    0.0000    0.0001    0.0003
   5118.10    0.0000    0.0002    0.0004
   5119.13    0.0000    0.0002    0.0005
   5120.17    0.0000    0.0003    0.0005
   5121.20    0.0000    0.0003    0.0005
   5122.23    0.0000    0.0003    0.0004
   5123.26    0.0000    0.0003    0.0004
   5124.30    0.0000    0.0002    0.0004
   5125.33    0.0000    0.0001    0.0004
   5126.36    0.0000   -0.0000    0.0004
   5127.39    0.0000   -0.0002    0.0005
   5128.43    0.0000   -0.0002    0.0005
   5129.46    0.0000   -0.0003    0.0006
   5130.49    0.0000   -0.0002    0.0006
   5131.52    0.0000   -0.0002    0.0006
   5132.56    0.0000   -0.0001    0.0006
   5133.59    0.0000   -0.0000    0.0005
   5134.62    0.0000    0.0000    0.0004
   5135.65    0.0000    0.0000    0.0003
   5136.69    0.0000    0.0000    0.0003
   5137.72    0.0000   -0.0000    0.0003
   5138.75    0.0000   -0.0001    0.0003
   5139.78    0.0000   -0.0001    0.0003
   5140.82    0.0000   -0.0001    0.0004
   5141.85    0.0000   -0.0002    0.0005
   5142.88    0.0000   -0.0001    0.0005
   5143.91    0.0000   -0.0001    0.0006
   5144.95    0.0000   -0.0001    0.0006
   5145.98    0.0000   -0.0001    0.0006
   5147.01    0.0000   -0.0000    0.0005
   5148.04    0.0000    0.0000    0.0005
   5149.08    0.0000    0.0000    0.0004
   5150.11    0.0000    0.0001    0.0003
   5151.14    0.0000    0.0002    0.0003
   5152.17    0.0000    0.0002    0.0003
   5153.21    0.0000    0.0003    0.0003
   5154.24    0.0000    0.0003    0.0003
   5155.27    0.0000    0.0004    0.0003
   5156.30    0.0000    0.0003    0.0003
   5157.34    0.0000    0.0003    0.0003
   5158.37    0.0000    0.0002    0.0003
   5159.40    0.0000    0.0002    0.0003
   5160.43    0.0000    0.0001    0.0003
   5161.47    0.0000    0.0001    0.0003
   5162.50    0.0000    0.0001    0.0002
   5163.53    0.0000    0.0002    0.0002
   5164.56    0.0000    0.0003    0.0002
   5165.60    0.0000    0.0004    0.0001
   5166.63    0.0000    0.0005    0.0001
   5167.66    0.0000    0.0006    0.0000
   5168.69    0.0000    0.0007    0.0000
   5169.73    0.0000    0.0007    0.0000
   5170.76    0.0000    0.0007    0.0000
   5171.79    0.0000    0.0007    0.0001
   5172.82    0.0000    0.0006    0.0002
   5173.86    0.0000    0.0006    0.0003
   5174.89    0.0000    0.0006    0.0003
   5175.92    0.0000    0.0007    0.0004
   5176.95    0.0000    0.0007    0.0004
   5177.99    0.0000    0.0008    0.0003
   5179.02    0.0000    0.0008    0.0003
   5180.05    0.0000    0.0007    0.0001
   5181.08    0.0000    0.0007    0.0000
   5182.12    0.0000    0.0006   -0.0001
   5183.15    0.0000    0.0005   -0.0002
   5184.18    0.0000    0.0005   -0.0003
   5185.21    0.0000    0.0005   -0.0004
   5186.25    0.0000    0.0005   -0.0005
   5187.28    0.0000    0.0005   -0.0005
   5188.31    0.0000    0.0006   -0.0005
   5189.34    0.0000    0.0006   -0.0005
   5190.38    0.0000    0.0007   -0.0005
   5191.41    0.0000    0.0006   -0.0005
   5192.44    0.0000    0.0006   -0.0005
   5193.47    0.0000    0.0005   -0.0005
   5194.51    0.0000    0.0005   -0.0005
   5195.54    0.0000    0.0005   -0.0006
   5196.57    0.0000    0.0005   -0.0006
   5197.60    0.0000    0.0005   -0.0006
   5198.64    0.0000    0.0005   -0.0006
   5199.67    0.0000    0.0005   -0.0006
   5200.70    0.0000    0.0005   -0.0007
   5201.73    0.0000    0.0004   -0.0008
   5202.77    0.0000    0.0004   -0.0008
   5203.80    0.0000    0.0003   -0.0009
   5204.83    0.0000    0.0003   -0.0010
   5205.86    0.0000    0.0003   -0.0010
   5206.90    0.0000    0.0003   -0.0010
   5207.93    0.0000    0.0004   -0.0010
   5208.96    0.0000    0.0005   -0.0010
   5209.99    0.0000    0.0005   -0.0009
   5211.03    0.0000    0.0005   -0.0009
   5212.06    0.0000    0.0005   -0.0008
   5213.09    0.0000    0.0004   -0.0008
   5214.12    0.0000    0.0002   -0.0008
   5215.16    0.0000    0.0001   -0.0009
   5216.19    0.0000    0.0000   -0.0009
   5217.22    0.0000   -0.0000   -0.0009
   5218.25    0.0000    0.0000   -0.0009
   5219.29    0.0000    0.0000   -0.0009
   5220.32    0.0000    0.0001   -0.0009
   5221.35    0.0000    0.0001   -0.0009
   5222.38    0.0000    0.0001   -0.0009
   5223.42    0.0000    0.0001   -0.0008
   5224.45    0.0000    0.0000   -0.0008
   5225.48    0.0000    0.0000   -0.0008
   5226.51    0.0000   -0.0000   -0.0008
   5227.55    0.0000   -0.0001   -0.0008
   5228.58    0.0000   -0.0001   -0.0009
   5229.61    0.0000   -0.0001   -0.0010
   5230.64    0.0000   -0.0001   -0.0011
   5231.68    0.0000   -0.0000   -0.0011
   5232.71    0.0000   -0.0000   -0.0012
   5233.74    0.0000    0.0000   -0.0012
   5234.77    0.0000    0.0001   -0.0012
   5235.81    0.0000    0.0001   -0.0012
   5236.84    0.0000    0.0001   -0.0012
   5237.87    0.0000    0.0001   -0.0011
   5238.90    0.0000    0.0002   -0.0011
   5239.94    0.0000    0.0002   -0.0011
   5240.97    0.0000    0.0003   -0.0011
   5242.00    0.0000    0.0003   -0.0011
   5243.03    0.0000    0.0004   -0.0010
   5244.07    0.0000    0.0004   -0.0010
   5245.10    0.0000    0.0005   -0.0010
   5246.13    0.0000    0.0006   -0.0010
   5247.16    0.0000    0.0007   -0.0009
   5248.20    0.0000    0.0007   -0.0009
   5249.23    0.0000    0.0008   -0.0009
   5250.26    0.0000    0.0008   -0.0009
   5251.29    0.0000    0.0008   -0.0009
   5252.33    0.0000    0.0007   -0.0009
