     #Time      Norm      Real      Imag
   4464.53    0.0000    0.0000    0.0000
   4465.56    0.0000    0.0000    0.0000
   4466.59    0.0000    0.0000    0.0000
   4467.63    0.0000    0.0001    0.0001
   4468.66    0.0000    0.0001    0.0001
   4469.69    0.0000    0.0001    0.0000
   4470.72    0.0000    0.0002    0.0000
   4471.76    0.0000    0.0002    0.0000
   4472.79    0.0000    0.0002    0.0000
   4473.82    0.0000    0.0002   -0.0000
   4474.85    0.0000    0.0002   -0.0000
   4475.89    0.0000    0.0002   -0.0000
   4476.92    0.0000    0.0002   -0.0000
   4477.95    0.0000    0.0002   -0.0000
   4478.98    0.0000    0.0002   -0.0000
   4480.02    0.0000    0.0002   -0.0000
   4481.05    0.0000    0.0001    0.0000
   4482.08    0.0000    0.0001    0.0000
   4483.11    0.0000    0.0001    0.0000
   4484.15    0.0000    0.0001    0.0000
   4485.18    0.0000    0.0001    0.0000
   4486.21    0.0000    0.0001    0.0000
   4487.24    0.0000    0.0002    0.0000
   4488.28    0.0000    0.0002   -0.0000
   4489.31    0.0000    0.0002   -0.0001
   4490.34    0.0000    0.0002   -0.0001
   4491.37    0.0000    0.0002   -0.0001
   4492.41    0.0000    0.0002   -0.0001
   4493.44    0.0000    0.0002   -0.0001
   4494.47    0.0000    0.0001   -0.0001
   4495.50    0.0000    0.0001   -0.0001
   4496.54    0.0000    0.0001   -0.0001
   4497.57    0.0000    0.0001   -0.0001
   4498.60    0.0000   -0.0000   -0.0001
   4499.63    0.0000   -0.0001   -0.0001
   4500.67    0.0000   -0.0001   -0.0001
   4501.70    0.0000   -0.0001   -0.0001
   4502.73    0.0000   -0.0001   -0.0000
   4503.76    0.0000   -0.0001   -0.0000
   4504.80    0.0000   -0.0001    0.0000
   4505.83    0.0000   -0.0000    0.0000
   4506.86    0.0000    0.0000    0.0000
   4507.89    0.0000    0.0001    0.0001
   4508.93    0.0000    0.0002    0.0001
   4509.96    0.0000    0.0002    0.0001
   4510.99    0.0000    0.0002    0.0000
   4512.02    0.0000    0.0002    0.0000
   4513.06    0.0000    0.0002   -0.0000
   4514.09    0.0000    0.0001   -0.0000
   4515.12    0.0000    0.0000   -0.0001
   4516.15    0.0000   -0.0000   -0.0001
   4517.19    0.0000   -0.0000   -0.0001
   4518.22    0.0000   -0.0001   -0.0001
   4519.25    0.0000   -0.0000   -0.0001
   4520.28    0.0000   -0.0000   -0.0001
   4521.32    0.0000    0.0000   -0.0001
   4522.35    0.0000    0.0001   -0.0000
   4523.38    0.0000    0.0001   -0.0000
   4524.41    0.0000    0.0001    0.0000
   4525.45    0.0000    0.0002    0.0000
   4526.48    0.0000    0.0001   -0.0000
   4527.51    0.0000    0.0001   -0.0000
   4528.54    0.0000    0.0001   -0.0000
   4529.58    0.0000    0.0000   -0.0001
   4530.61    0.0000   -0.0000   -0.0001
   4531.64    0.0000   -0.0000   -0.0001
   4532.67    0.0000   -0.0001   -0.0002
   4533.71    0.0000   -0.0001   -0.0002
   4534.74    0.0000   -0.0001   -0.0001
   4535.77    0.0000   -0.0000   -0.0001
   4536.80    0.0000   -0.0000   -0.0001
   4537.84    0.0000   -0.0000   -0.0000
   4538.87    0.0000    0.0000   -0.0000
   4539.90    0.0000    0.0000    0.0000
   4540.93    0.0000    0.0000    0.0000
   4541.97    0.0000   -0.0000   -0.0000
   4543.00    0.0000   -0.0000   -0.0001
   4544.03    0.0000   -0.0000   -0.0001
   4545.06    0.0000   -0.0001   -0.0002
   4546.10    0.0000   -0.0001   -0.0003
   4547.13    0.0000   -0.0001   -0.0003
   4548.16    0.0000   -0.0001   -0.0003
   4549.19    0.0000   -0.0001   -0.0003
   4550.23    0.0000   -0.0001   -0.0002
   4551.26    0.0000   -0.0001   -0.0002
   4552.29    0.0000   -0.0001   -0.0001
   4553.32    0.0000   -0.0001   -0.0001
   4554.36    0.0000   -0.0002   -0.0001
   4555.39    0.0000   -0.0002   -0.0002
   4556.42    0.0000   -0.0003   -0.0003
   4557.45    0.0000   -0.0003   -0.0004
   4558.49    0.0000   -0.0004   -0.0004
   4559.52    0.0000   -0.0004   -0.0004
   4560.55    0.0000   -0.0004   -0.0004
   4561.58    0.0000   -0.0004   -0.0003
   4562.62    0.0000   -0.0003   -0.0003
   4563.65    0.0000   -0.0003   -0.0003
   4564.68    0.0000   -0.0002   -0.0004
   4565.71    0.0000   -0.0003   -0.0005
   4566.75    0.0000   -0.0003   -0.0006
   4567.78    0.0000   -0.0004   -0.0006
   4568.81    0.0000   -0.0004   -0.0007
   4569.84    0.0000   -0.0004   -0.0006
   4570.88    0.0000   -0.0004   -0.0005
   4571.91    0.0000   -0.0003   -0.0004
   4572.94    0.0000   -0.0002   -0.0002
   4573.97    0.0000   -0.0001   -0.0002
   4575.01    0.0000   -0.0002   -0.0002
   4576.04    0.0000   -0.0003   -0.0002
   4577.07    0.0000   -0.0004   -0.0003
   4578.10    0.0000   -0.0006   -0.0003
   4579.14    0.0000   -0.0006   -0.0003
   4580.17    0.0000   -0.0005   -0.0002
   4581.20    0.0000   -0.0003   -0.0001
   4582.23    0.0000   -0.0001   -0.0000
   4583.27    0.0000    0.0000   -0.0001
   4584.30    0.0000    0.0000   -0.0002
   4585.33    0.0000   -0.0001   -0.0004
   4586.36    0.0000   -0.0003   -0.0006
   4587.40    0.0000   -0.0006   -0.0008
   4588.43    0.0000   -0.0007   -0.0009
   4589.46    0.0000   -0.0007   -0.0009
   4590.49    0.0000   -0.0005   -0.0009
   4591.53    0.0000   -0.0002   -0.0008
   4592.56    0.0000    0.0001   -0.0007
   4593.59    0.0000    0.0003   -0.0006
   4594.62    0.0000    0.0003   -0.0006
   4595.66    0.0000   -0.0000   -0.0005
   4596.69    0.0000   -0.0004   -0.0005
   4597.72    0.0000   -0.0007   -0.0004
   4598.75    0.0000   -0.0008   -0.0003
   4599.79    0.0000   -0.0007   -0.0003
   4600.82    0.0000   -0.0007   -0.0003
   4601.85    0.0000   -0.0007   -0.0003
   4602.88    0.0000   -0.0007   -0.0003
   4603.92    0.0000   -0.0007   -0.0003
   4604.95    0.0000   -0.0007   -0.0003
   4605.98    0.0000   -0.0007   -0.0003
   4607.01    0.0000   -0.0007   -0.0003
   4608.05    0.0000   -0.0007   -0.0003
   4609.08    0.0000   -0.0007   -0.0003
   4610.11    0.0000   -0.0007   -0.0003
   4611.14    0.0000   -0.0007   -0.0003
   4612.18    0.0000   -0.0007   -0.0003
   4613.21    0.0000   -0.0007   -0.0003
   4614.24    0.0000   -0.0007   -0.0003
   4615.27    0.0000   -0.0007   -0.0002
   4616.31    0.0000   -0.0007   -0.0002
   4617.34    0.0000   -0.0007   -0.0002
   4618.37    0.0000   -0.0007   -0.0003
   4619.40    0.0000   -0.0007   -0.0003
   4620.44    0.0000   -0.0007   -0.0003
   4621.47    0.0000   -0.0007   -0.0003
   4622.50    0.0000   -0.0007   -0.0003
   4623.53    0.0000   -0.0007   -0.0003
   4624.57    0.0000   -0.0007   -0.0003
   4625.60    0.0000   -0.0007   -0.0003
   4626.63    0.0000   -0.0007   -0.0003
   4627.66    0.0000   -0.0006   -0.0003
   4628.70    0.0000   -0.0006   -0.0003
   4629.73    0.0000   -0.0006   -0.0003
   4630.76    0.0000   -0.0006   -0.0003
   4631.79    0.0000   -0.0006   -0.0003
   4632.83    0.0000   -0.0006   -0.0002
   4633.86    0.0000   -0.0006   -0.0002
   4634.89    0.0000   -0.0006   -0.0002
   4635.92    0.0000   -0.0006   -0.0002
   4636.96    0.0000   -0.0006   -0.0002
   4637.99    0.0000   -0.0006   -0.0002
   4639.02    0.0000   -0.0006   -0.0002
   4640.05    0.0000   -0.0006   -0.0002
   4641.09    0.0000   -0.0006   -0.0002
   4642.12    0.0000   -0.0006   -0.0003
   4643.15    0.0000   -0.0006   -0.0003
   4644.18    0.0000   -0.0006   -0.0003
   4645.22    0.0000   -0.0006   -0.0003
   4646.25    0.0000   -0.0006   -0.0003
   4647.28    0.0000   -0.0006   -0.0003
   4648.31    0.0000   -0.0006   -0.0003
   4649.35    0.0000   -0.0005   -0.0003
   4650.38    0.0000   -0.0005   -0.0003
   4651.41    0.0000   -0.0005   -0.0003
   4652.44    0.0000   -0.0005   -0.0003
   4653.48    0.0000   -0.0005   -0.0002
   4654.51    0.0000   -0.0005   -0.0002
   4655.54    0.0000   -0.0005   -0.0002
   4656.57    0.0000   -0.0005   -0.0002
   4657.61    0.0000   -0.0005   -0.0002
   4658.64    0.0000   -0.0005   -0.0002
   4659.67    0.0000   -0.0005   -0.0002
   4660.70    0.0000   -0.0005   -0.0002
   4661.74    0.0000   -0.0005   -0.0003
   4662.77    0.0000   -0.0004   -0.0003
   4663.80    0.0000   -0.0004   -0.0003
   4664.83    0.0000   -0.0004   -0.0003
   4665.87    0.0000   -0.0004   -0.0003
   4666.90    0.0000   -0.0004   -0.0003
   4667.93    0.0000   -0.0004   -0.0003
   4668.96    0.0000   -0.0004   -0.0003
   4670.00    0.0000   -0.0004   -0.0004
   4671.03    0.0000   -0.0004   -0.0004
   4672.06    0.0000   -0.0004   -0.0004
   4673.09    0.0000   -0.0004   -0.0004
   4674.13    0.0000   -0.0004   -0.0004
   4675.16    0.0000   -0.0004   -0.0004
   4676.19    0.0000   -0.0004   -0.0004
   4677.22    0.0000   -0.0004   -0.0004
   4678.26    0.0000   -0.0004   -0.0004
   4679.29    0.0000   -0.0004   -0.0004
   4680.32    0.0000   -0.0004   -0.0004
   4681.35    0.0000   -0.0004   -0.0004
   4682.39    0.0000   -0.0004   -0.0004
   4683.42    0.0000   -0.0004   -0.0004
   4684.45    0.0000   -0.0004   -0.0004
   4685.48    0.0000   -0.0004   -0.0004
   4686.52    0.0000   -0.0004   -0.0004
   4687.55    0.0000   -0.0004   -0.0004
   4688.58    0.0000   -0.0004   -0.0004
   4689.61    0.0000   -0.0004   -0.0004
   4690.65    0.0000   -0.0004   -0.0004
   4691.68    0.0000   -0.0004   -0.0004
   4692.71    0.0000   -0.0004   -0.0004
   4693.74    0.0000   -0.0004   -0.0004
   4694.78    0.0000   -0.0004   -0.0004
   4695.81    0.0000   -0.0004   -0.0003
   4696.84    0.0000   -0.0004   -0.0003
   4697.87    0.0000   -0.0004   -0.0003
   4698.91    0.0000   -0.0004   -0.0003
   4699.94    0.0000   -0.0004   -0.0003
   4700.97    0.0000   -0.0004   -0.0003
   4702.00    0.0000   -0.0004   -0.0003
   4703.04    0.0000   -0.0004   -0.0003
   4704.07    0.0000   -0.0004   -0.0003
   4705.10    0.0000   -0.0005   -0.0003
   4706.13    0.0000   -0.0005   -0.0003
   4707.17    0.0000   -0.0005   -0.0003
   4708.20    0.0000   -0.0005   -0.0003
   4709.23    0.0000   -0.0005   -0.0003
   4710.26    0.0000   -0.0005   -0.0003
   4711.30    0.0000   -0.0004   -0.0003
   4712.33    0.0000   -0.0004   -0.0003
   4713.36    0.0000   -0.0004   -0.0003
   4714.39    0.0000   -0.0004   -0.0003
   4715.43    0.0000   -0.0004   -0.0003
   4716.46    0.0000   -0.0004   -0.0003
   4717.49    0.0000   -0.0004   -0.0003
   4718.52    0.0000   -0.0004   -0.0003
   4719.56    0.0000   -0.0004   -0.0003
   4720.59    0.0000   -0.0004   -0.0003
   4721.62    0.0000   -0.0004   -0.0003
   4722.65    0.0000   -0.0004   -0.0003
   4723.69    0.0000   -0.0004   -0.0003
   4724.72    0.0000   -0.0004   -0.0003
   4725.75    0.0000   -0.0004   -0.0003
   4726.78    0.0000   -0.0004   -0.0003
   4727.82    0.0000   -0.0004   -0.0003
   4728.85    0.0000   -0.0005   -0.0003
   4729.88    0.0000   -0.0005   -0.0003
   4730.91    0.0000   -0.0005   -0.0003
   4731.95    0.0000   -0.0005   -0.0003
   4732.98    0.0000   -0.0005   -0.0003
   4734.01    0.0000   -0.0004   -0.0003
   4735.04    0.0000   -0.0004   -0.0003
   4736.08    0.0000   -0.0004   -0.0002
   4737.11    0.0000   -0.0004   -0.0002
   4738.14    0.0000   -0.0004   -0.0002
   4739.17    0.0000   -0.0004   -0.0002
   4740.21    0.0000   -0.0005   -0.0002
   4741.24    0.0000   -0.0005   -0.0002
   4742.27    0.0000   -0.0005   -0.0002
   4743.30    0.0000   -0.0004   -0.0002
   4744.34    0.0000   -0.0004   -0.0002
   4745.37    0.0000   -0.0004   -0.0002
   4746.40    0.0000   -0.0004   -0.0002
   4747.43    0.0000   -0.0004   -0.0002
   4748.47    0.0000   -0.0004   -0.0002
   4749.50    0.0000   -0.0005   -0.0003
   4750.53    0.0000   -0.0005   -0.0003
   4751.56    0.0000   -0.0004   -0.0003
   4752.60    0.0000   -0.0004   -0.0003
   4753.63    0.0000   -0.0004   -0.0003
   4754.66    0.0000   -0.0004   -0.0002
   4755.69    0.0000   -0.0004   -0.0002
   4756.73    0.0000   -0.0004   -0.0002
   4757.76    0.0000   -0.0005   -0.0002
   4758.79    0.0000   -0.0005   -0.0002
   4759.82    0.0000   -0.0005   -0.0002
   4760.86    0.0000   -0.0005   -0.0002
   4761.89    0.0000   -0.0005   -0.0002
   4762.92    0.0000   -0.0005   -0.0002
   4763.95    0.0000   -0.0005   -0.0001
   4764.99    0.0000   -0.0004   -0.0001
   4766.02    0.0000   -0.0004   -0.0001
   4767.05    0.0000   -0.0004   -0.0002
   4768.08    0.0000   -0.0004   -0.0002
   4769.12    0.0000   -0.0005   -0.0002
   4770.15    0.0000   -0.0005   -0.0002
   4771.18    0.0000   -0.0005   -0.0002
   4772.21    0.0000   -0.0005   -0.0002
   4773.25    0.0000   -0.0006   -0.0002
   4774.28    0.0000   -0.0006   -0.0001
   4775.31    0.0000   -0.0005   -0.0001
   4776.34    0.0000   -0.0005   -0.0001
   4777.38    0.0000   -0.0005   -0.0001
   4778.41    0.0000   -0.0005   -0.0001
   4779.44    0.0000   -0.0005   -0.0002
   4780.47    0.0000   -0.0006   -0.0002
   4781.51    0.0000   -0.0006   -0.0002
   4782.54    0.0000   -0.0006   -0.0002
   4783.57    0.0000   -0.0006   -0.0002
   4784.60    0.0000   -0.0007   -0.0002
   4785.64    0.0000   -0.0007   -0.0002
   4786.67    0.0000   -0.0006   -0.0002
   4787.70    0.0000   -0.0006   -0.0002
   4788.73    0.0000   -0.0006   -0.0002
   4789.77    0.0000   -0.0006   -0.0002
   4790.80    0.0000   -0.0005   -0.0002
   4791.83    0.0000   -0.0005   -0.0002
   4792.86    0.0000   -0.0006   -0.0002
   4793.90    0.0000   -0.0006   -0.0002
   4794.93    0.0000   -0.0006   -0.0002
   4795.96    0.0000   -0.0006   -0.0002
   4796.99    0.0000   -0.0006   -0.0002
   4798.03    0.0000   -0.0006   -0.0002
   4799.06    0.0000   -0.0006   -0.0002
   4800.09    0.0000   -0.0006   -0.0002
   4801.12    0.0000   -0.0007   -0.0002
   4802.16    0.0000   -0.0007   -0.0003
   4803.19    0.0000   -0.0007   -0.0003
   4804.22    0.0000   -0.0008   -0.0002
   4805.25    0.0000   -0.0009   -0.0000
   4806.29    0.0000   -0.0008    0.0001
   4807.32    0.0000   -0.0006    0.0003
   4808.35    0.0000   -0.0004    0.0003
   4809.38    0.0000   -0.0000    0.0002
   4810.42    0.0000    0.0003    0.0001
   4811.45    0.0000    0.0005   -0.0000
   4812.48    0.0000    0.0007   -0.0002
   4813.51    0.0000    0.0008   -0.0003
   4814.55    0.0000    0.0008   -0.0003
   4815.58    0.0000    0.0006   -0.0003
   4816.61    0.0000    0.0004   -0.0003
   4817.64    0.0000    0.0002   -0.0002
   4818.68    0.0000   -0.0001   -0.0001
   4819.71    0.0000   -0.0003    0.0000
   4820.74    0.0000   -0.0004    0.0001
   4821.77    0.0000   -0.0005    0.0001
   4822.81    0.0000   -0.0005    0.0001
   4823.84    0.0000   -0.0004    0.0001
   4824.87    0.0000   -0.0002    0.0000
   4825.90    0.0000   -0.0001   -0.0000
   4826.94    0.0000    0.0001   -0.0001
   4827.97    0.0000    0.0003   -0.0001
   4829.00    0.0000    0.0005   -0.0001
   4830.03    0.0000    0.0007   -0.0001
   4831.07    0.0000    0.0009   -0.0001
   4832.10    0.0000    0.0009   -0.0000
   4833.13    0.0000    0.0008    0.0000
   4834.16    0.0000    0.0005    0.0001
   4835.20    0.0000    0.0001    0.0002
   4836.23    0.0000   -0.0002    0.0003
   4837.26    0.0000   -0.0005    0.0003
   4838.29    0.0000   -0.0007    0.0004
   4839.33    0.0000   -0.0008    0.0004
   4840.36    0.0000   -0.0007    0.0003
   4841.39    0.0000   -0.0005    0.0003
   4842.42    0.0000   -0.0003    0.0002
   4843.46    0.0000   -0.0001    0.0002
   4844.49    0.0000    0.0001    0.0002
   4845.52    0.0000    0.0003    0.0002
   4846.55    0.0000    0.0005    0.0002
   4847.59    0.0000    0.0006    0.0002
   4848.62    0.0000    0.0006    0.0002
   4849.65    0.0000    0.0005    0.0002
   4850.68    0.0000    0.0003    0.0001
   4851.72    0.0000    0.0000   -0.0000
   4852.75    0.0000   -0.0003   -0.0001
   4853.78    0.0000   -0.0005   -0.0001
   4854.81    0.0000   -0.0007   -0.0001
   4855.85    0.0000   -0.0009   -0.0001
   4856.88    0.0000   -0.0009   -0.0000
   4857.91    0.0000   -0.0009    0.0000
   4858.94    0.0000   -0.0008    0.0001
   4859.98    0.0000   -0.0007    0.0001
   4861.01    0.0000   -0.0005    0.0002
   4862.04    0.0000   -0.0002    0.0003
   4863.07    0.0000    0.0000    0.0004
   4864.11    0.0000    0.0003    0.0004
   4865.14    0.0000    0.0005    0.0005
   4866.17    0.0000    0.0006    0.0005
   4867.20    0.0000    0.0006    0.0004
   4868.24    0.0000    0.0005    0.0004
   4869.27    0.0000    0.0004    0.0004
   4870.30    0.0000    0.0003    0.0005
   4871.33    0.0000    0.0001    0.0005
   4872.37    0.0000   -0.0001    0.0006
   4873.40    0.0000   -0.0002    0.0006
   4874.43    0.0000   -0.0003    0.0007
   4875.46    0.0000   -0.0004    0.0007
   4876.50    0.0000   -0.0003    0.0006
   4877.53    0.0000   -0.0002    0.0005
   4878.56    0.0000   -0.0000    0.0003
   4879.59    0.0000    0.0002    0.0002
   4880.63    0.0000    0.0004    0.0000
   4881.66    0.0000    0.0004    0.0000
   4882.69    0.0000    0.0004    0.0001
   4883.72    0.0000    0.0002    0.0002
   4884.76    0.0000   -0.0001    0.0005
   4885.79    0.0000   -0.0003    0.0007
   4886.82    0.0000   -0.0004    0.0009
   4887.85    0.0000   -0.0004    0.0009
   4888.89    0.0000   -0.0003    0.0009
   4889.92    0.0000   -0.0001    0.0008
   4890.95    0.0000    0.0000    0.0006
   4891.98    0.0000    0.0002    0.0003
   4893.02    0.0000    0.0002    0.0001
   4894.05    0.0000    0.0002    0.0000
   4895.08    0.0000    0.0001    0.0000
   4896.11    0.0000   -0.0001    0.0001
   4897.15    0.0000   -0.0002    0.0003
   4898.18    0.0000   -0.0004    0.0005
   4899.21    0.0000   -0.0004    0.0007
   4900.24    0.0000   -0.0004    0.0009
   4901.28    0.0000   -0.0003    0.0010
   4902.31    0.0000   -0.0001    0.0010
   4903.34    0.0000    0.0000    0.0009
   4904.37    0.0000    0.0001    0.0008
   4905.41    0.0000    0.0002    0.0007
   4906.44    0.0000    0.0001    0.0005
   4907.47    0.0000    0.0001    0.0004
   4908.50    0.0000   -0.0000    0.0003
   4909.54    0.0000   -0.0001    0.0002
   4910.57    0.0000   -0.0002    0.0002
   4911.60    0.0000   -0.0003    0.0002
   4912.63    0.0000   -0.0003    0.0002
   4913.67    0.0000   -0.0002    0.0002
   4914.70    0.0000   -0.0002    0.0003
   4915.73    0.0000   -0.0001    0.0003
   4916.76    0.0000   -0.0001    0.0004
   4917.80    0.0000   -0.0001    0.0005
   4918.83    0.0000   -0.0001    0.0006
   4919.86    0.0000   -0.0001    0.0006
   4920.89    0.0000   -0.0001    0.0006
   4921.93    0.0000   -0.0001    0.0006
   4922.96    0.0000    0.0000    0.0005
   4923.99    0.0000    0.0001    0.0003
   4925.02    0.0000    0.0002    0.0001
   4926.06    0.0000    0.0002   -0.0002
   4927.09    0.0000    0.0002   -0.0004
   4928.12    0.0000    0.0001   -0.0005
   4929.15    0.0000    0.0000   -0.0005
   4930.19    0.0000   -0.0001   -0.0004
   4931.22    0.0000   -0.0003   -0.0002
   4932.25    0.0000   -0.0004   -0.0000
   4933.28    0.0000   -0.0004    0.0001
   4934.32    0.0000   -0.0004    0.0003
   4935.35    0.0000   -0.0003    0.0003
   4936.38    0.0000   -0.0002    0.0003
   4937.41    0.0000   -0.0001    0.0002
   4938.45    0.0000    0.0000    0.0001
   4939.48    0.0000    0.0001   -0.0001
   4940.51    0.0000    0.0000   -0.0002
   4941.54    0.0000    0.0000   -0.0003
   4942.58    0.0000   -0.0000   -0.0003
   4943.61    0.0000   -0.0001   -0.0004
   4944.64    0.0000   -0.0002   -0.0005
   4945.67    0.0000   -0.0002   -0.0006
   4946.71    0.0000   -0.0003   -0.0006
   4947.74    0.0000   -0.0003   -0.0007
   4948.77    0.0000   -0.0003   -0.0007
   4949.80    0.0000   -0.0003   -0.0006
   4950.84    0.0000   -0.0003   -0.0006
   4951.87    0.0000   -0.0003   -0.0004
   4952.90    0.0000   -0.0003   -0.0003
   4953.93    0.0000   -0.0002   -0.0001
   4954.97    0.0000   -0.0002    0.0001
   4956.00    0.0000   -0.0002    0.0002
   4957.03    0.0000   -0.0001    0.0003
   4958.06    0.0000   -0.0001    0.0004
   4959.10    0.0000   -0.0001    0.0004
   4960.13    0.0000   -0.0000    0.0005
   4961.16    0.0000    0.0000    0.0005
   4962.19    0.0000    0.0001    0.0005
   4963.23    0.0000    0.0002    0.0005
   4964.26    0.0000    0.0003    0.0005
   4965.29    0.0000    0.0003    0.0005
   4966.32    0.0000    0.0004    0.0005
   4967.36    0.0000    0.0004    0.0005
   4968.39    0.0000    0.0005    0.0005
   4969.42    0.0000    0.0005    0.0004
   4970.45    0.0000    0.0005    0.0004
   4971.49    0.0000    0.0005    0.0003
   4972.52    0.0000    0.0005    0.0002
   4973.55    0.0000    0.0004    0.0002
   4974.58    0.0000    0.0004    0.0001
   4975.62    0.0000    0.0003    0.0001
   4976.65    0.0000    0.0003    0.0000
   4977.68    0.0000    0.0002   -0.0000
   4978.71    0.0000    0.0001   -0.0001
   4979.75    0.0000    0.0000   -0.0001
   4980.78    0.0000   -0.0001   -0.0002
   4981.81    0.0000   -0.0001   -0.0002
   4982.84    0.0000   -0.0002   -0.0002
   4983.88    0.0000   -0.0003   -0.0002
   4984.91    0.0000   -0.0003   -0.0002
   4985.94    0.0000   -0.0003   -0.0001
   4986.97    0.0000   -0.0002   -0.0001
   4988.01    0.0000   -0.0000   -0.0001
   4989.04    0.0000    0.0002   -0.0000
   4990.07    0.0000    0.0003   -0.0000
   4991.10    0.0000    0.0004   -0.0001
   4992.14    0.0000    0.0003   -0.0001
   4993.17    0.0000    0.0002   -0.0002
   4994.20    0.0000    0.0000   -0.0002
   4995.23    0.0000   -0.0001   -0.0003
   4996.27    0.0000   -0.0003   -0.0003
   4997.30    0.0000   -0.0004   -0.0002
   4998.33    0.0000   -0.0004   -0.0002
   4999.36    0.0000   -0.0002   -0.0000
   5000.40    0.0000   -0.0000    0.0001
   5001.43    0.0000    0.0001    0.0002
   5002.46    0.0000    0.0002    0.0003
   5003.49    0.0000    0.0002    0.0003
   5004.53    0.0000    0.0001    0.0001
   5005.56    0.0000   -0.0001   -0.0001
   5006.59    0.0000   -0.0003   -0.0003
   5007.62    0.0000   -0.0004   -0.0005
   5008.66    0.0000   -0.0005   -0.0006
   5009.69    0.0000   -0.0004   -0.0006
   5010.72    0.0000   -0.0002   -0.0004
   5011.75    0.0000    0.0001   -0.0002
   5012.79    0.0000    0.0004    0.0002
   5013.82    0.0000    0.0004    0.0004
   5014.85    0.0000    0.0002    0.0005
   5015.88    0.0000   -0.0001    0.0004
   5016.92    0.0000   -0.0004    0.0002
   5017.95    0.0000   -0.0006   -0.0001
   5018.98    0.0000   -0.0006   -0.0004
   5020.01    0.0000   -0.0005   -0.0005
   5021.05    0.0000   -0.0003   -0.0005
   5022.08    0.0000    0.0001   -0.0003
   5023.11    0.0000    0.0003   -0.0001
   5024.14    0.0000    0.0005    0.0002
   5025.18    0.0000    0.0005    0.0005
   5026.21    0.0000    0.0004    0.0006
   5027.24    0.0000    0.0001    0.0006
   5028.27    0.0000   -0.0002    0.0005
   5029.31    0.0000   -0.0004    0.0002
   5030.34    0.0000   -0.0006   -0.0000
   5031.37    0.0000   -0.0007   -0.0002
   5032.40    0.0000   -0.0006   -0.0004
   5033.44    0.0000   -0.0004   -0.0004
   5034.47    0.0000   -0.0001   -0.0003
   5035.50    0.0000    0.0002   -0.0002
   5036.53    0.0000    0.0004   -0.0000
   5037.57    0.0000    0.0005    0.0002
   5038.60    0.0000    0.0005    0.0003
   5039.63    0.0000    0.0004    0.0003
   5040.66    0.0000    0.0003    0.0003
   5041.70    0.0000    0.0001    0.0002
   5042.73    0.0000   -0.0000    0.0000
   5043.76    0.0000   -0.0001   -0.0001
   5044.79    0.0000   -0.0002   -0.0002
   5045.83    0.0000   -0.0002   -0.0003
   5046.86    0.0000   -0.0002   -0.0003
   5047.89    0.0000   -0.0001   -0.0002
   5048.92    0.0000   -0.0001   -0.0001
   5049.96    0.0000   -0.0001    0.0000
   5050.99    0.0000   -0.0001    0.0001
   5052.02    0.0000   -0.0002    0.0002
   5053.05    0.0000   -0.0001    0.0002
   5054.09    0.0000   -0.0001    0.0002
   5055.12    0.0000    0.0000    0.0001
   5056.15    0.0000    0.0001   -0.0000
   5057.18    0.0000    0.0003   -0.0003
   5058.22    0.0000    0.0004   -0.0006
   5059.25    0.0000    0.0004   -0.0008
   5060.28    0.0000    0.0003   -0.0006
   5061.31    0.0000    0.0001   -0.0003
   5062.35    0.0000   -0.0001    0.0002
   5063.38    0.0000   -0.0002    0.0005
   5064.41    0.0000   -0.0002    0.0007
   5065.44    0.0000   -0.0000    0.0007
   5066.48    0.0000    0.0001    0.0004
   5067.51    0.0000    0.0004    0.0001
   5068.54    0.0000    0.0005   -0.0003
   5069.57    0.0000    0.0006   -0.0005
   5070.61    0.0000    0.0005   -0.0005
   5071.64    0.0000    0.0004   -0.0002
   5072.67    0.0000    0.0002    0.0001
   5073.70    0.0000   -0.0000    0.0005
   5074.74    0.0000   -0.0002    0.0008
   5075.77    0.0000   -0.0003    0.0009
   5076.80    0.0000   -0.0002    0.0009
   5077.83    0.0000   -0.0001    0.0007
   5078.87    0.0000    0.0001    0.0003
   5079.90    0.0000    0.0003   -0.0000
   5080.93    0.0000    0.0004   -0.0003
   5081.96    0.0000    0.0005   -0.0005
   5083.00    0.0000    0.0004   -0.0004
   5084.03    0.0000    0.0003   -0.0002
   5085.06    0.0000    0.0002    0.0001
   5086.09    0.0000    0.0001    0.0004
   5087.13    0.0000   -0.0001    0.0006
   5088.16    0.0000   -0.0001    0.0008
   5089.19    0.0000   -0.0001    0.0007
   5090.22    0.0000   -0.0001    0.0005
   5091.26    0.0000   -0.0000    0.0002
   5092.29    0.0000    0.0001   -0.0001
   5093.32    0.0000    0.0001   -0.0004
   5094.35    0.0000    0.0001   -0.0005
   5095.39    0.0000    0.0001   -0.0005
   5096.42    0.0000    0.0002   -0.0003
   5097.45    0.0000    0.0002   -0.0001
   5098.48    0.0000    0.0002    0.0003
   5099.52    0.0000    0.0003    0.0005
   5100.55    0.0000    0.0003    0.0007
   5101.58    0.0000    0.0002    0.0007
   5102.61    0.0000    0.0000    0.0006
   5103.65    0.0000   -0.0002    0.0004
   5104.68    0.0000   -0.0005    0.0001
   5105.71    0.0000   -0.0007   -0.0001
   5106.74    0.0000   -0.0007   -0.0003
   5107.78    0.0000   -0.0007   -0.0004
   5108.81    0.0000   -0.0005   -0.0003
   5109.84    0.0000   -0.0001   -0.0003
   5110.87    0.0000    0.0002   -0.0002
   5111.91    0.0000    0.0006   -0.0002
   5112.94    0.0000    0.0008   -0.0001
   5113.97    0.0000    0.0009   -0.0001
   5115.00    0.0000    0.0008   -0.0001
   5116.04    0.0000    0.0006   -0.0001
   5117.07    0.0000    0.0003   -0.0000
   5118.10    0.0000   -0.0000    0.0001
   5119.13    0.0000   -0.0002    0.0003
   5120.17    0.0000   -0.0004    0.0004
   5121.20    0.0000   -0.0004    0.0005
   5122.23    0.0000   -0.0003    0.0005
   5123.26    0.0000   -0.0001    0.0004
   5124.30    0.0000    0.0001    0.0002
   5125.33    0.0000    0.0002   -0.0000
   5126.36    0.0000    0.0002   -0.0003
   5127.39    0.0000    0.0002   -0.0006
   5128.43    0.0000    0.0002   -0.0008
   5129.46    0.0000    0.0002   -0.0008
   5130.49    0.0000    0.0002   -0.0006
   5131.52    0.0000    0.0002   -0.0004
   5132.56    0.0000    0.0003   -0.0000
   5133.59    0.0000    0.0004    0.0003
   5134.62    0.0000    0.0005    0.0006
   5135.65    0.0000    0.0005    0.0008
   5136.69    0.0000    0.0005    0.0009
   5137.72    0.0000    0.0004    0.0008
   5138.75    0.0000    0.0002    0.0007
   5139.78    0.0000   -0.0000    0.0005
   5140.82    0.0000   -0.0003    0.0002
   5141.85    0.0000   -0.0004    0.0000
   5142.88    0.0000   -0.0005   -0.0002
   5143.91    0.0000   -0.0005   -0.0003
   5144.95    0.0000   -0.0003   -0.0004
   5145.98    0.0000   -0.0001   -0.0005
   5147.01    0.0000    0.0001   -0.0005
   5148.04    0.0000    0.0003   -0.0005
   5149.08    0.0000    0.0004   -0.0003
   5150.11    0.0000    0.0004   -0.0002
   5151.14    0.0000    0.0004    0.0001
   5152.17    0.0000    0.0003    0.0003
   5153.21    0.0000    0.0001    0.0006
   5154.24    0.0000    0.0000    0.0008
   5155.27    0.0000   -0.0000    0.0008
   5156.30    0.0000   -0.0000    0.0006
   5157.34    0.0000    0.0000    0.0003
   5158.37    0.0000    0.0001   -0.0001
   5159.40    0.0000    0.0002   -0.0005
   5160.43    0.0000    0.0003   -0.0008
   5161.47    0.0000    0.0003   -0.0010
   5162.50    0.0000    0.0002   -0.0010
   5163.53    0.0000    0.0002   -0.0007
   5164.56    0.0000    0.0001   -0.0003
   5165.60    0.0000    0.0000    0.0002
   5166.63    0.0000    0.0000    0.0007
   5167.66    0.0000    0.0001    0.0010
   5168.69    0.0000    0.0001    0.0011
   5169.73    0.0000    0.0002    0.0009
   5170.76    0.0000    0.0003    0.0005
   5171.79    0.0000    0.0002    0.0001
   5172.82    0.0000    0.0002   -0.0004
   5173.86    0.0000    0.0000   -0.0008
   5174.89    0.0000   -0.0001   -0.0010
   5175.92    0.0000   -0.0002   -0.0010
   5176.95    0.0000   -0.0003   -0.0008
   5177.99    0.0000   -0.0002   -0.0004
   5179.02    0.0000   -0.0000   -0.0001
   5180.05    0.0000    0.0001    0.0000
   5181.08    0.0000    0.0002   -0.0001
   5182.12    0.0000    0.0002   -0.0002
   5183.15    0.0000    0.0002   -0.0003
   5184.18    0.0000    0.0003   -0.0003
   5185.21    0.0000    0.0003   -0.0002
   5186.25    0.0000    0.0002   -0.0000
   5187.28    0.0000    0.0000    0.0002
   5188.31    0.0000   -0.0002    0.0005
   5189.34    0.0000   -0.0004    0.0005
   5190.38    0.0000   -0.0004    0.0004
   5191.41    0.0000   -0.0004    0.0000
   5192.44    0.0000   -0.0002   -0.0004
   5193.47    0.0000   -0.0000   -0.0007
   5194.51    0.0000    0.0001   -0.0009
   5195.54    0.0000    0.0001   -0.0009
   5196.57    0.0000   -0.0001   -0.0007
   5197.60    0.0000   -0.0003   -0.0005
   5198.64    0.0000   -0.0005   -0.0002
   5199.67    0.0000   -0.0007   -0.0001
   5200.70    0.0000   -0.0007   -0.0000
   5201.73    0.0000   -0.0006   -0.0001
   5202.77    0.0000   -0.0004   -0.0002
   5203.80    0.0000   -0.0001   -0.0003
   5204.83    0.0000    0.0001   -0.0003
   5205.86    0.0000    0.0003   -0.0002
   5206.90    0.0000    0.0003   -0.0000
   5207.93    0.0000    0.0003    0.0002
   5208.96    0.0000    0.0002    0.0005
   5209.99    0.0000    0.0002    0.0006
   5211.03    0.0000    0.0002    0.0007
   5212.06    0.0000    0.0002    0.0007
   5213.09    0.0000    0.0004    0.0006
   5214.12    0.0000    0.0005    0.0004
   5215.16    0.0000    0.0006    0.0003
   5216.19    0.0000    0.0006    0.0003
   5217.22    0.0000    0.0005    0.0003
   5218.25    0.0000    0.0003    0.0004
   5219.29    0.0000    0.0001    0.0004
   5220.32    0.0000   -0.0001    0.0005
   5221.35    0.0000   -0.0003    0.0006
   5222.38    0.0000   -0.0003    0.0005
   5223.42    0.0000   -0.0004    0.0005
   5224.45    0.0000   -0.0003    0.0004
   5225.48    0.0000   -0.0002    0.0003
   5226.51    0.0000   -0.0001    0.0001
   5227.55    0.0000    0.0001    0.0000
   5228.58    0.0000    0.0002   -0.0001
   5229.61    0.0000    0.0004   -0.0001
   5230.64    0.0000    0.0004   -0.0001
   5231.68    0.0000    0.0005   -0.0001
   5232.71    0.0000    0.0004   -0.0001
   5233.74    0.0000    0.0004    0.0000
   5234.77    0.0000    0.0003    0.0001
   5235.81    0.0000    0.0001    0.0002
   5236.84    0.0000   -0.0000    0.0002
   5237.87    0.0000   -0.0001    0.0003
   5238.90    0.0000   -0.0003    0.0003
   5239.94    0.0000   -0.0003    0.0004
   5240.97    0.0000   -0.0004    0.0004
   5242.00    0.0000   -0.0005    0.0004
   5243.03    0.0000   -0.0005    0.0003
   5244.07    0.0000   -0.0005    0.0003
   5245.10    0.0000   -0.0006    0.0002
   5246.13    0.0000   -0.0006    0.0002
   5247.16    0.0000   -0.0006    0.0001
   5248.20    0.0000   -0.0005    0.0001
   5249.23    0.0000   -0.0005    0.0000
   5250.26    0.0000   -0.0003    0.0000
   5251.29    0.0000   -0.0001   -0.0000
   5252.33    0.0000    0.0000   -0.0000
   5253.36    0.0000    0.0002   -0.0000
   5254.39    0.0000    0.0004   -0.0001
   5255.42    0.0000    0.0005   -0.0001
   5256.46    0.0000    0.0006   -0.0002
   5257.49    0.0000    0.0006   -0.0003
   5258.52    0.0000    0.0006   -0.0003
   5259.55    0.0000    0.0006   -0.0003
   5260.59    0.0000    0.0005   -0.0003
   5261.62    0.0000    0.0005   -0.0003
   5262.65    0.0000    0.0004   -0.0002
   5263.68    0.0000    0.0004   -0.0001
   5264.72    0.0000    0.0004   -0.0000
   5265.75    0.0000    0.0004    0.0000
   5266.78    0.0000    0.0004    0.0001
   5267.81    0.0000    0.0004    0.0001
   5268.85    0.0000    0.0003    0.0001
   5269.88    0.0000    0.0003    0.0001
   5270.91    0.0000    0.0002    0.0001
   5271.94    0.0000    0.0001    0.0001
   5272.98    0.0000    0.0001    0.0002
   5274.01    0.0000    0.0001    0.0002
   5275.04    0.0000    0.0001    0.0003
   5276.07    0.0000    0.0001    0.0003
   5277.11    0.0000    0.0001    0.0004
   5278.14    0.0000    0.0001    0.0004
   5279.17    0.0000    0.0001    0.0004
   5280.20    0.0000    0.0000    0.0003
   5281.24    0.0000    0.0000    0.0003
   5282.27    0.0000    0.0000    0.0003
   5283.30    0.0000    0.0001    0.0003
   5284.33    0.0000    0.0001    0.0003
   5285.37    0.0000    0.0002    0.0003
   5286.40    0.0000    0.0003    0.0003
   5287.43    0.0000    0.0003    0.0003
   5288.46    0.0000    0.0002    0.0002
