     #Time      Norm      Real      Imag
   4372.64    0.0000   -0.0001   -0.0001
   4373.67    0.0000   -0.0005   -0.0004
   4374.70    0.0000   -0.0011   -0.0005
   4375.73    0.0000   -0.0016   -0.0005
   4376.77    0.0000   -0.0020   -0.0002
   4377.80    0.0000   -0.0021    0.0002
   4378.83    0.0000   -0.0018    0.0007
   4379.86    0.0000   -0.0012    0.0011
   4380.90    0.0000   -0.0005    0.0013
   4381.93    0.0000    0.0002    0.0013
   4382.96    0.0000    0.0007    0.0011
   4383.99    0.0000    0.0010    0.0008
   4385.03    0.0000    0.0008    0.0004
   4386.06    0.0000    0.0005   -0.0000
   4387.09    0.0000   -0.0000   -0.0002
   4388.12    0.0000   -0.0004   -0.0002
   4389.16    0.0000   -0.0006    0.0000
   4390.19    0.0000   -0.0004    0.0003
   4391.22    0.0000    0.0001    0.0006
   4392.25    0.0000    0.0009    0.0008
   4393.29    0.0000    0.0017    0.0007
   4394.32    0.0000    0.0021    0.0004
   4395.35    0.0000    0.0020   -0.0001
   4396.38    0.0000    0.0016   -0.0007
   4397.42    0.0000    0.0007   -0.0011
   4398.45    0.0000   -0.0001   -0.0012
   4399.48    0.0000   -0.0008   -0.0012
   4400.51    0.0000   -0.0013   -0.0011
   4401.55    0.0000   -0.0016   -0.0008
   4402.58    0.0000   -0.0017   -0.0003
   4403.61    0.0000   -0.0016    0.0002
   4404.64    0.0000   -0.0012    0.0008
   4405.68    0.0000   -0.0006    0.0011
   4406.71    0.0000    0.0000    0.0013
   4407.74    0.0000    0.0007    0.0013
   4408.77    0.0000    0.0012    0.0010
   4409.81    0.0000    0.0015    0.0005
   4410.84    0.0000    0.0015   -0.0001
   4411.87    0.0000    0.0012   -0.0006
   4412.90    0.0000    0.0008   -0.0010
   4413.94    0.0000    0.0002   -0.0012
   4414.97    0.0000   -0.0004   -0.0012
   4416.00    0.0000   -0.0009   -0.0010
   4417.03    0.0000   -0.0012   -0.0006
   4418.07    0.0000   -0.0012   -0.0001
   4419.10    0.0000   -0.0011    0.0004
   4420.13    0.0000   -0.0007    0.0008
   4421.16    0.0000   -0.0003    0.0010
   4422.20    0.0000    0.0002    0.0011
   4423.23    0.0000    0.0005    0.0009
   4424.26    0.0000    0.0006    0.0007
   4425.29    0.0000    0.0005    0.0003
   4426.33    0.0000    0.0002    0.0000
   4427.36    0.0000   -0.0003   -0.0002
   4428.39    0.0000   -0.0007   -0.0003
   4429.42    0.0000   -0.0009    0.0000
   4430.46    0.0000   -0.0009    0.0006
   4431.49    0.0000   -0.0007    0.0012
   4432.52    0.0000   -0.0003    0.0014
   4433.55    0.0000    0.0001    0.0011
   4434.59    0.0000    0.0003    0.0004
   4435.62    0.0000    0.0003   -0.0004
   4436.65    0.0000    0.0001   -0.0010
   4437.68    0.0000   -0.0002   -0.0013
   4438.72    0.0000   -0.0003   -0.0010
   4439.75    0.0000   -0.0002   -0.0004
   4440.78    0.0000    0.0000    0.0002
   4441.81    0.0000    0.0004    0.0005
   4442.85    0.0000    0.0007    0.0003
   4443.88    0.0000    0.0008   -0.0003
   4444.91    0.0000    0.0007   -0.0010
   4445.94    0.0000    0.0004   -0.0013
   4446.98    0.0000    0.0004   -0.0013
   4448.01    0.0000    0.0003   -0.0012
   4449.04    0.0000    0.0003   -0.0011
   4450.07    0.0000    0.0002   -0.0010
   4451.11    0.0000    0.0002   -0.0009
   4452.14    0.0000    0.0001   -0.0008
   4453.17    0.0000    0.0001   -0.0007
   4454.20    0.0000    0.0001   -0.0006
   4455.24    0.0000    0.0001   -0.0006
   4456.27    0.0000    0.0001   -0.0005
   4457.30    0.0000    0.0001   -0.0005
   4458.33    0.0000    0.0002   -0.0004
   4459.37    0.0000    0.0002   -0.0004
   4460.40    0.0000    0.0003   -0.0003
   4461.43    0.0000    0.0003   -0.0003
   4462.46    0.0000    0.0004   -0.0002
   4463.50    0.0000    0.0004   -0.0001
   4464.53    0.0000    0.0004    0.0000
   4465.56    0.0000    0.0004    0.0001
   4466.59    0.0000    0.0004    0.0002
   4467.63    0.0000    0.0004    0.0003
   4468.66    0.0000    0.0004    0.0004
   4469.69    0.0000    0.0004    0.0004
   4470.72    0.0000    0.0004    0.0004
   4471.76    0.0000    0.0005    0.0003
   4472.79    0.0000    0.0005    0.0002
   4473.82    0.0000    0.0005    0.0001
   4474.85    0.0000    0.0005   -0.0000
   4475.89    0.0000    0.0004   -0.0001
   4476.92    0.0000    0.0003   -0.0003
   4477.95    0.0000    0.0001   -0.0004
   4478.98    0.0000   -0.0002   -0.0005
   4480.02    0.0000   -0.0005   -0.0005
   4481.05    0.0000   -0.0008   -0.0005
   4482.08    0.0000   -0.0011   -0.0004
   4483.11    0.0000   -0.0014   -0.0003
   4484.15    0.0000   -0.0016   -0.0002
   4485.18    0.0000   -0.0017   -0.0000
   4486.21    0.0000   -0.0017    0.0002
   4487.24    0.0000   -0.0016    0.0004
   4488.28    0.0000   -0.0015    0.0006
   4489.31    0.0000   -0.0013    0.0008
   4490.34    0.0000   -0.0010    0.0009
   4491.37    0.0000   -0.0007    0.0010
   4492.41    0.0000   -0.0005    0.0011
   4493.44    0.0000   -0.0004    0.0012
   4494.47    0.0000   -0.0003    0.0012
   4495.50    0.0000   -0.0002    0.0012
   4496.54    0.0000   -0.0003    0.0011
   4497.57    0.0000   -0.0004    0.0010
   4498.60    0.0000   -0.0005    0.0010
   4499.63    0.0000   -0.0006    0.0009
   4500.67    0.0000   -0.0006    0.0008
   4501.70    0.0000   -0.0006    0.0007
   4502.73    0.0000   -0.0005    0.0007
   4503.76    0.0000   -0.0004    0.0006
   4504.80    0.0000   -0.0003    0.0005
   4505.83    0.0000   -0.0001    0.0005
   4506.86    0.0000   -0.0000    0.0005
   4507.89    0.0000    0.0001    0.0004
   4508.93    0.0000    0.0001    0.0004
   4509.96    0.0000   -0.0000    0.0004
   4510.99    0.0000   -0.0002    0.0005
   4512.02    0.0000   -0.0004    0.0005
   4513.06    0.0000   -0.0006    0.0005
   4514.09    0.0000   -0.0007    0.0006
   4515.12    0.0000   -0.0008    0.0006
   4516.15    0.0000   -0.0008    0.0006
   4517.19    0.0000   -0.0007    0.0006
   4518.22    0.0000   -0.0004    0.0005
   4519.25    0.0000    0.0000    0.0005
   4520.28    0.0000    0.0004    0.0004
   4521.32    0.0000    0.0009    0.0003
   4522.35    0.0000    0.0012    0.0003
   4523.38    0.0000    0.0015    0.0002
   4524.41    0.0000    0.0016    0.0002
   4525.45    0.0000    0.0015    0.0002
   4526.48    0.0000    0.0014    0.0002
   4527.51    0.0000    0.0012    0.0002
   4528.54    0.0000    0.0010    0.0001
   4529.58    0.0000    0.0008    0.0000
   4530.61    0.0000    0.0008   -0.0001
   4531.64    0.0000    0.0008   -0.0003
   4532.67    0.0000    0.0010   -0.0005
   4533.71    0.0000    0.0012   -0.0006
   4534.74    0.0000    0.0013   -0.0008
   4535.77    0.0000    0.0014   -0.0009
   4536.80    0.0000    0.0013   -0.0009
   4537.84    0.0000    0.0010   -0.0009
   4538.87    0.0000    0.0007   -0.0008
   4539.90    0.0000    0.0002   -0.0006
   4540.93    0.0000   -0.0002   -0.0004
   4541.97    0.0000   -0.0005   -0.0002
   4543.00    0.0000   -0.0006   -0.0001
   4544.03    0.0000   -0.0005   -0.0000
   4545.06    0.0000   -0.0002   -0.0000
   4546.10    0.0000    0.0002   -0.0000
   4547.13    0.0000    0.0006   -0.0001
   4548.16    0.0000    0.0009   -0.0001
   4549.19    0.0000    0.0010   -0.0001
   4550.23    0.0000    0.0009   -0.0001
   4551.26    0.0000    0.0007   -0.0001
   4552.29    0.0000    0.0005   -0.0000
   4553.32    0.0000    0.0002   -0.0001
   4554.36    0.0000    0.0001   -0.0001
   4555.39    0.0000    0.0001   -0.0002
   4556.42    0.0000    0.0003   -0.0004
   4557.45    0.0000    0.0005   -0.0006
   4558.49    0.0000    0.0006   -0.0007
   4559.52    0.0000    0.0007   -0.0007
   4560.55    0.0000    0.0005   -0.0006
   4561.58    0.0000    0.0003   -0.0003
   4562.62    0.0000   -0.0001   -0.0001
   4563.65    0.0000   -0.0004    0.0002
   4564.68    0.0000   -0.0007    0.0004
   4565.71    0.0000   -0.0008    0.0005
   4566.75    0.0000   -0.0007    0.0006
   4567.78    0.0000   -0.0006    0.0006
   4568.81    0.0000   -0.0006    0.0006
   4569.84    0.0000   -0.0006    0.0005
   4570.88    0.0000   -0.0007    0.0005
   4571.91    0.0000   -0.0008    0.0005
   4572.94    0.0000   -0.0008    0.0005
   4573.97    0.0000   -0.0007    0.0004
   4575.01    0.0000   -0.0005    0.0002
   4576.04    0.0000   -0.0002    0.0000
   4577.07    0.0000    0.0001   -0.0002
   4578.10    0.0000    0.0003   -0.0003
   4579.14    0.0000    0.0002   -0.0004
   4580.17    0.0000   -0.0000   -0.0003
   4581.20    0.0000   -0.0003   -0.0001
   4582.23    0.0000   -0.0006    0.0001
   4583.27    0.0000   -0.0008    0.0003
   4584.30    0.0000   -0.0009    0.0005
   4585.33    0.0000   -0.0009    0.0005
   4586.36    0.0000   -0.0009    0.0005
   4587.40    0.0000   -0.0008    0.0004
   4588.43    0.0000   -0.0007    0.0003
   4589.46    0.0000   -0.0006    0.0002
   4590.49    0.0000   -0.0006    0.0001
   4591.53    0.0000   -0.0007   -0.0000
   4592.56    0.0000   -0.0007   -0.0001
   4593.59    0.0000   -0.0006   -0.0003
   4594.62    0.0000   -0.0005   -0.0004
   4595.66    0.0000   -0.0003   -0.0006
   4596.69    0.0000   -0.0001   -0.0008
   4597.72    0.0000   -0.0000   -0.0009
   4598.75    0.0000   -0.0001   -0.0009
   4599.79    0.0000   -0.0002   -0.0007
   4600.82    0.0000   -0.0005   -0.0005
   4601.85    0.0000   -0.0007   -0.0002
   4602.88    0.0000   -0.0009    0.0000
   4603.92    0.0000   -0.0010    0.0002
   4604.95    0.0000   -0.0010    0.0003
   4605.98    0.0000   -0.0010    0.0003
   4607.01    0.0000   -0.0009    0.0002
   4608.05    0.0000   -0.0008    0.0001
   4609.08    0.0000   -0.0006   -0.0001
   4610.11    0.0000   -0.0004   -0.0002
   4611.14    0.0000   -0.0002   -0.0003
   4612.18    0.0000   -0.0001   -0.0004
   4613.21    0.0000    0.0001   -0.0005
   4614.24    0.0000    0.0003   -0.0007
   4615.27    0.0000    0.0004   -0.0008
   4616.31    0.0000    0.0006   -0.0009
   4617.34    0.0000    0.0007   -0.0010
   4618.37    0.0000    0.0008   -0.0011
   4619.40    0.0000    0.0008   -0.0011
   4620.44    0.0000    0.0007   -0.0010
   4621.47    0.0000    0.0006   -0.0008
   4622.50    0.0000    0.0004   -0.0005
   4623.53    0.0000    0.0002   -0.0002
   4624.57    0.0000    0.0000    0.0001
   4625.60    0.0000   -0.0001    0.0003
   4626.63    0.0000   -0.0002    0.0004
   4627.66    0.0000   -0.0002    0.0004
   4628.70    0.0000   -0.0002    0.0004
   4629.73    0.0000   -0.0001    0.0003
   4630.76    0.0000    0.0000    0.0002
   4631.79    0.0000    0.0002    0.0000
   4632.83    0.0000    0.0003   -0.0001
   4633.86    0.0000    0.0005   -0.0002
   4634.89    0.0000    0.0007   -0.0004
   4635.92    0.0000    0.0009   -0.0005
   4636.96    0.0000    0.0010   -0.0005
   4637.99    0.0000    0.0010   -0.0005
   4639.02    0.0000    0.0010   -0.0005
   4640.05    0.0000    0.0009   -0.0004
   4641.09    0.0000    0.0007   -0.0002
   4642.12    0.0000    0.0005   -0.0001
   4643.15    0.0000    0.0003    0.0001
   4644.18    0.0000    0.0000    0.0003
   4645.22    0.0000   -0.0002    0.0004
   4646.25    0.0000   -0.0004    0.0006
   4647.28    0.0000   -0.0005    0.0006
   4648.31    0.0000   -0.0005    0.0006
   4649.35    0.0000   -0.0004    0.0005
   4650.38    0.0000   -0.0002    0.0003
   4651.41    0.0000   -0.0000    0.0001
   4652.44    0.0000    0.0002   -0.0001
   4653.48    0.0000    0.0005   -0.0003
   4654.51    0.0000    0.0006   -0.0005
   4655.54    0.0000    0.0008   -0.0007
   4656.57    0.0000    0.0009   -0.0008
   4657.61    0.0000    0.0009   -0.0009
   4658.64    0.0000    0.0008   -0.0008
   4659.67    0.0000    0.0006   -0.0007
   4660.70    0.0000    0.0004   -0.0006
   4661.74    0.0000    0.0002   -0.0004
   4662.77    0.0000   -0.0000   -0.0002
   4663.80    0.0000   -0.0002    0.0000
   4664.83    0.0000   -0.0004    0.0002
   4665.87    0.0000   -0.0006    0.0003
   4666.90    0.0000   -0.0007    0.0003
   4667.93    0.0000   -0.0007    0.0003
   4668.96    0.0000   -0.0007    0.0002
   4670.00    0.0000   -0.0006    0.0001
   4671.03    0.0000   -0.0005   -0.0000
   4672.06    0.0000   -0.0003   -0.0002
   4673.09    0.0000   -0.0001   -0.0003
   4674.13    0.0000    0.0002   -0.0004
   4675.16    0.0000    0.0004   -0.0004
   4676.19    0.0000    0.0006   -0.0004
   4677.22    0.0000    0.0007   -0.0003
   4678.26    0.0000    0.0008   -0.0002
   4679.29    0.0000    0.0009   -0.0001
   4680.32    0.0000    0.0009    0.0001
   4681.35    0.0000    0.0008    0.0002
   4682.39    0.0000    0.0007    0.0003
   4683.42    0.0000    0.0006    0.0004
   4684.45    0.0000    0.0004    0.0004
   4685.48    0.0000    0.0001    0.0004
   4686.52    0.0000   -0.0001    0.0003
   4687.55    0.0000   -0.0003    0.0001
   4688.58    0.0000   -0.0005   -0.0000
   4689.61    0.0000   -0.0007   -0.0002
   4690.65    0.0000   -0.0009   -0.0004
   4691.68    0.0000   -0.0009   -0.0005
   4692.71    0.0000   -0.0010   -0.0005
   4693.74    0.0000   -0.0009   -0.0005
   4694.78    0.0000   -0.0008   -0.0004
   4695.81    0.0000   -0.0007   -0.0003
   4696.84    0.0000   -0.0005   -0.0001
   4697.87    0.0000   -0.0003    0.0001
   4698.91    0.0000   -0.0001    0.0003
   4699.94    0.0000    0.0001    0.0004
   4700.97    0.0000    0.0002    0.0005
   4702.00    0.0000    0.0004    0.0005
   4703.04    0.0000    0.0005    0.0005
   4704.07    0.0000    0.0006    0.0003
   4705.10    0.0000    0.0008    0.0003
   4706.13    0.0000    0.0008    0.0002
   4707.17    0.0000    0.0009    0.0001
   4708.20    0.0000    0.0009    0.0001
   4709.23    0.0000    0.0007    0.0001
   4710.26    0.0000    0.0006    0.0001
   4711.30    0.0000    0.0003    0.0000
   4712.33    0.0000    0.0000   -0.0001
   4713.36    0.0000   -0.0003   -0.0002
   4714.39    0.0000   -0.0006   -0.0003
   4715.43    0.0000   -0.0008   -0.0004
   4716.46    0.0000   -0.0010   -0.0004
   4717.49    0.0000   -0.0011   -0.0004
   4718.52    0.0000   -0.0011   -0.0003
   4719.56    0.0000   -0.0010   -0.0002
   4720.59    0.0000   -0.0009    0.0000
   4721.62    0.0000   -0.0007    0.0002
   4722.65    0.0000   -0.0006    0.0003
   4723.69    0.0000   -0.0005    0.0003
   4724.72    0.0000   -0.0004    0.0003
   4725.75    0.0000   -0.0003    0.0003
   4726.78    0.0000   -0.0002    0.0002
   4727.82    0.0000   -0.0000    0.0001
   4728.85    0.0000    0.0002   -0.0000
   4729.88    0.0000    0.0005   -0.0000
   4730.91    0.0000    0.0008   -0.0000
   4731.95    0.0000    0.0011    0.0000
   4732.98    0.0000    0.0012    0.0001
   4734.01    0.0000    0.0013    0.0001
   4735.04    0.0000    0.0013    0.0001
   4736.08    0.0000    0.0011    0.0001
   4737.11    0.0000    0.0008    0.0001
   4738.14    0.0000    0.0004    0.0000
   4739.17    0.0000   -0.0001    0.0000
   4740.21    0.0000   -0.0005    0.0000
   4741.24    0.0000   -0.0008    0.0001
   4742.27    0.0000   -0.0007    0.0002
   4743.30    0.0000   -0.0005    0.0002
   4744.34    0.0000   -0.0002    0.0001
   4745.37    0.0000    0.0001   -0.0001
   4746.40    0.0000    0.0002   -0.0004
   4747.43    0.0000    0.0000   -0.0005
   4748.47    0.0000   -0.0002   -0.0005
   4749.50    0.0000   -0.0005   -0.0005
   4750.53    0.0000   -0.0006   -0.0004
   4751.56    0.0000   -0.0008   -0.0003
   4752.60    0.0000   -0.0009   -0.0001
   4753.63    0.0000   -0.0009    0.0001
   4754.66    0.0000   -0.0009    0.0002
   4755.69    0.0000   -0.0008    0.0004
   4756.73    0.0000   -0.0007    0.0005
   4757.76    0.0000   -0.0006    0.0006
   4758.79    0.0000   -0.0003    0.0006
   4759.82    0.0000   -0.0001    0.0006
   4760.86    0.0000    0.0002    0.0005
   4761.89    0.0000    0.0004    0.0005
   4762.92    0.0000    0.0006    0.0004
   4763.95    0.0000    0.0008    0.0003
   4764.99    0.0000    0.0008    0.0002
   4766.02    0.0000    0.0009    0.0001
   4767.05    0.0000    0.0008    0.0000
   4768.08    0.0000    0.0007   -0.0001
   4769.12    0.0000    0.0007   -0.0002
   4770.15    0.0000    0.0006   -0.0003
   4771.18    0.0000    0.0005   -0.0004
   4772.21    0.0000    0.0004   -0.0004
   4773.25    0.0000    0.0003   -0.0005
   4774.28    0.0000    0.0002   -0.0005
   4775.31    0.0000    0.0001   -0.0004
   4776.34    0.0000   -0.0001   -0.0004
   4777.38    0.0000   -0.0001   -0.0004
   4778.41    0.0000   -0.0002   -0.0003
   4779.44    0.0000   -0.0003   -0.0003
   4780.47    0.0000   -0.0004   -0.0002
   4781.51    0.0000   -0.0004   -0.0001
   4782.54    0.0000   -0.0004   -0.0000
   4783.57    0.0000   -0.0004    0.0000
   4784.60    0.0000   -0.0004    0.0001
   4785.64    0.0000   -0.0003    0.0002
   4786.67    0.0000   -0.0003    0.0002
   4787.70    0.0000   -0.0003    0.0003
   4788.73    0.0000   -0.0003    0.0004
   4789.77    0.0000   -0.0003    0.0004
   4790.80    0.0000   -0.0003    0.0004
   4791.83    0.0000   -0.0002    0.0004
   4792.86    0.0000   -0.0002    0.0004
   4793.90    0.0000   -0.0001    0.0003
   4794.93    0.0000   -0.0001    0.0002
   4795.96    0.0000   -0.0001    0.0001
   4796.99    0.0000   -0.0001    0.0001
   4798.03    0.0000   -0.0001    0.0001
   4799.06    0.0000   -0.0001    0.0002
   4800.09    0.0000    0.0000    0.0002
   4801.12    0.0000    0.0001    0.0000
   4802.16    0.0000    0.0002   -0.0001
   4803.19    0.0000    0.0002   -0.0003
   4804.22    0.0000    0.0002   -0.0005
   4805.25    0.0000    0.0001   -0.0005
   4806.29    0.0000    0.0001   -0.0005
   4807.32    0.0000    0.0001   -0.0005
   4808.35    0.0000    0.0002   -0.0005
   4809.38    0.0000    0.0002   -0.0005
   4810.42    0.0000    0.0003   -0.0005
   4811.45    0.0000    0.0003   -0.0006
   4812.48    0.0000    0.0003   -0.0007
   4813.51    0.0000    0.0003   -0.0008
   4814.55    0.0000    0.0002   -0.0007
   4815.58    0.0000    0.0001   -0.0007
   4816.61    0.0000    0.0000   -0.0006
   4817.64    0.0000   -0.0000   -0.0005
   4818.68    0.0000   -0.0001   -0.0005
   4819.71    0.0000   -0.0001   -0.0005
   4820.74    0.0000   -0.0001   -0.0005
   4821.77    0.0000   -0.0001   -0.0004
   4822.81    0.0000   -0.0002   -0.0004
   4823.84    0.0000   -0.0003   -0.0003
   4824.87    0.0000   -0.0004   -0.0002
   4825.90    0.0000   -0.0004   -0.0000
   4826.94    0.0000   -0.0005    0.0000
   4827.97    0.0000   -0.0005    0.0001
   4829.00    0.0000   -0.0006    0.0001
   4830.03    0.0000   -0.0007   -0.0001
   4831.07    0.0000   -0.0007   -0.0004
   4832.10    0.0000   -0.0008   -0.0006
   4833.13    0.0000   -0.0007   -0.0006
   4834.16    0.0000   -0.0007   -0.0004
   4835.20    0.0000   -0.0007   -0.0001
   4836.23    0.0000   -0.0007    0.0002
   4837.26    0.0000   -0.0007    0.0004
   4838.29    0.0000   -0.0008    0.0006
   4839.33    0.0000   -0.0009    0.0006
   4840.36    0.0000   -0.0009    0.0006
   4841.39    0.0000   -0.0009    0.0004
   4842.42    0.0000   -0.0009    0.0002
   4843.46    0.0000   -0.0009   -0.0000
   4844.49    0.0000   -0.0008   -0.0002
   4845.52    0.0000   -0.0007   -0.0004
   4846.55    0.0000   -0.0007   -0.0005
   4847.59    0.0000   -0.0007   -0.0004
   4848.62    0.0000   -0.0007   -0.0003
   4849.65    0.0000   -0.0007   -0.0001
   4850.68    0.0000   -0.0006    0.0001
   4851.72    0.0000   -0.0004    0.0003
   4852.75    0.0000   -0.0003    0.0003
   4853.78    0.0000   -0.0001    0.0003
   4854.81    0.0000   -0.0001    0.0002
   4855.85    0.0000   -0.0002   -0.0000
   4856.88    0.0000   -0.0003   -0.0003
   4857.91    0.0000   -0.0003   -0.0005
   4858.94    0.0000   -0.0003   -0.0007
   4859.98    0.0000   -0.0003   -0.0008
   4861.01    0.0000   -0.0001   -0.0008
   4862.04    0.0000    0.0000   -0.0008
   4863.07    0.0000    0.0001   -0.0006
   4864.11    0.0000    0.0002   -0.0004
   4865.14    0.0000    0.0002   -0.0002
   4866.17    0.0000    0.0002   -0.0000
   4867.20    0.0000    0.0002    0.0001
   4868.24    0.0000    0.0002    0.0001
   4869.27    0.0000    0.0001   -0.0001
   4870.30    0.0000    0.0000   -0.0004
   4871.33    0.0000   -0.0001   -0.0006
   4872.37    0.0000   -0.0002   -0.0006
   4873.40    0.0000   -0.0002   -0.0006
   4874.43    0.0000   -0.0003   -0.0005
   4875.46    0.0000   -0.0003   -0.0003
   4876.50    0.0000   -0.0002   -0.0002
   4877.53    0.0000   -0.0000   -0.0001
   4878.56    0.0000    0.0001   -0.0000
   4879.59    0.0000    0.0001    0.0000
   4880.63    0.0000    0.0001    0.0001
   4881.66    0.0000    0.0001    0.0001
   4882.69    0.0000    0.0000    0.0000
   4883.72    0.0000    0.0000   -0.0001
   4884.76    0.0000    0.0000   -0.0003
   4885.79    0.0000    0.0000   -0.0004
   4886.82    0.0000   -0.0000   -0.0006
   4887.85    0.0000   -0.0002   -0.0007
   4888.89    0.0000   -0.0003   -0.0007
   4889.92    0.0000   -0.0004   -0.0007
   4890.95    0.0000   -0.0004   -0.0006
   4891.98    0.0000   -0.0005   -0.0005
   4893.02    0.0000   -0.0004   -0.0004
   4894.05    0.0000   -0.0004   -0.0003
   4895.08    0.0000   -0.0003   -0.0001
   4896.11    0.0000   -0.0003   -0.0000
   4897.15    0.0000   -0.0002    0.0000
   4898.18    0.0000   -0.0002    0.0001
   4899.21    0.0000   -0.0001    0.0001
   4900.24    0.0000   -0.0000    0.0001
   4901.28    0.0000    0.0001    0.0000
   4902.31    0.0000    0.0001   -0.0000
   4903.34    0.0000    0.0002   -0.0001
   4904.37    0.0000    0.0002   -0.0002
   4905.41    0.0000    0.0003   -0.0003
   4906.44    0.0000    0.0003   -0.0004
   4907.47    0.0000    0.0004   -0.0005
   4908.50    0.0000    0.0004   -0.0005
   4909.54    0.0000    0.0004   -0.0005
   4910.57    0.0000    0.0004   -0.0005
   4911.60    0.0000    0.0004   -0.0005
   4912.63    0.0000    0.0004   -0.0004
   4913.67    0.0000    0.0004   -0.0004
   4914.70    0.0000    0.0005   -0.0003
   4915.73    0.0000    0.0005   -0.0002
   4916.76    0.0000    0.0005   -0.0001
   4917.80    0.0000    0.0005   -0.0000
   4918.83    0.0000    0.0005    0.0001
   4919.86    0.0000    0.0005    0.0001
   4920.89    0.0000    0.0005    0.0002
   4921.93    0.0000    0.0005    0.0003
   4922.96    0.0000    0.0004    0.0003
   4923.99    0.0000    0.0003    0.0003
   4925.02    0.0000    0.0003    0.0003
   4926.06    0.0000    0.0003    0.0003
   4927.09    0.0000    0.0002    0.0003
   4928.12    0.0000    0.0002    0.0003
   4929.15    0.0000    0.0002    0.0002
   4930.19    0.0000    0.0003    0.0002
   4931.22    0.0000    0.0003    0.0002
   4932.25    0.0000    0.0004    0.0003
   4933.28    0.0000    0.0005    0.0003
   4934.32    0.0000    0.0005    0.0004
   4935.35    0.0000    0.0005    0.0004
   4936.38    0.0000    0.0005    0.0004
   4937.41    0.0000    0.0004    0.0003
   4938.45    0.0000    0.0003    0.0003
   4939.48    0.0000    0.0003    0.0002
   4940.51    0.0000    0.0002    0.0001
   4941.54    0.0000    0.0002    0.0000
   4942.58    0.0000    0.0002    0.0000
   4943.61    0.0000    0.0002   -0.0000
   4944.64    0.0000    0.0003    0.0000
   4945.67    0.0000    0.0003    0.0000
   4946.71    0.0000    0.0003    0.0000
   4947.74    0.0000    0.0003   -0.0000
   4948.77    0.0000    0.0003   -0.0000
   4949.80    0.0000    0.0003   -0.0001
   4950.84    0.0000    0.0003   -0.0001
   4951.87    0.0000    0.0003   -0.0001
   4952.90    0.0000    0.0005   -0.0001
   4953.93    0.0000    0.0008    0.0000
   4954.97    0.0000    0.0010    0.0001
   4956.00    0.0000    0.0010    0.0001
   4957.03    0.0000    0.0009    0.0001
   4958.06    0.0000    0.0006    0.0000
   4959.10    0.0000    0.0002   -0.0001
   4960.13    0.0000   -0.0002   -0.0003
   4961.16    0.0000   -0.0006   -0.0004
   4962.19    0.0000   -0.0008   -0.0006
   4963.23    0.0000   -0.0009   -0.0007
   4964.26    0.0000   -0.0008   -0.0007
   4965.29    0.0000   -0.0006   -0.0007
   4966.32    0.0000   -0.0003   -0.0005
   4967.36    0.0000    0.0000   -0.0003
   4968.39    0.0000    0.0002   -0.0001
   4969.42    0.0000    0.0002    0.0000
   4970.45    0.0000   -0.0000    0.0000
   4971.49    0.0000   -0.0003   -0.0001
   4972.52    0.0000   -0.0006   -0.0002
   4973.55    0.0000   -0.0008   -0.0004
   4974.58    0.0000   -0.0009   -0.0005
   4975.62    0.0000   -0.0008   -0.0006
   4976.65    0.0000   -0.0006   -0.0006
   4977.68    0.0000   -0.0003   -0.0005
   4978.71    0.0000    0.0000   -0.0003
   4979.75    0.0000    0.0003   -0.0001
   4980.78    0.0000    0.0004    0.0001
   4981.81    0.0000    0.0005    0.0002
   4982.84    0.0000    0.0004    0.0002
   4983.88    0.0000    0.0003    0.0001
   4984.91    0.0000    0.0001    0.0000
   4985.94    0.0000   -0.0001   -0.0001
   4986.97    0.0000   -0.0002   -0.0002
   4988.01    0.0000   -0.0003   -0.0003
   4989.04    0.0000   -0.0003   -0.0003
   4990.07    0.0000   -0.0002   -0.0003
   4991.10    0.0000   -0.0001   -0.0002
   4992.14    0.0000    0.0001   -0.0001
   4993.17    0.0000    0.0002   -0.0001
   4994.20    0.0000    0.0002    0.0000
   4995.23    0.0000    0.0002    0.0000
   4996.27    0.0000    0.0002   -0.0000
   4997.30    0.0000    0.0001   -0.0001
   4998.33    0.0000    0.0001   -0.0002
   4999.36    0.0000    0.0001   -0.0004
   5000.40    0.0000    0.0001   -0.0004
   5001.43    0.0000    0.0002   -0.0003
   5002.46    0.0000    0.0004   -0.0002
   5003.49    0.0000    0.0005    0.0000
   5004.53    0.0000    0.0005    0.0002
   5005.56    0.0000    0.0005    0.0003
   5006.59    0.0000    0.0004    0.0004
   5007.62    0.0000    0.0003    0.0003
   5008.66    0.0000    0.0002    0.0002
   5009.69    0.0000    0.0001    0.0001
   5010.72    0.0000    0.0001   -0.0000
   5011.75    0.0000    0.0001   -0.0001
   5012.79    0.0000    0.0001   -0.0000
   5013.82    0.0000    0.0001    0.0000
   5014.85    0.0000    0.0002    0.0001
   5015.88    0.0000    0.0001    0.0001
   5016.92    0.0000    0.0001    0.0001
   5017.95    0.0000    0.0000    0.0000
   5018.98    0.0000   -0.0000   -0.0002
   5020.01    0.0000   -0.0001   -0.0004
   5021.05    0.0000   -0.0001   -0.0006
   5022.08    0.0000   -0.0000   -0.0007
   5023.11    0.0000    0.0001   -0.0006
   5024.14    0.0000    0.0002   -0.0005
   5025.18    0.0000    0.0003   -0.0003
   5026.21    0.0000    0.0003    0.0001
   5027.24    0.0000    0.0003    0.0004
   5028.27    0.0000    0.0002    0.0006
   5029.31    0.0000    0.0001    0.0007
   5030.34    0.0000   -0.0001    0.0007
   5031.37    0.0000   -0.0002    0.0005
   5032.40    0.0000   -0.0002    0.0003
   5033.44    0.0000   -0.0001    0.0000
   5034.47    0.0000    0.0000   -0.0001
   5035.50    0.0000    0.0002   -0.0002
   5036.53    0.0000    0.0003   -0.0001
   5037.57    0.0000    0.0005    0.0001
   5038.60    0.0000    0.0005    0.0004
   5039.63    0.0000    0.0003    0.0007
   5040.66    0.0000    0.0001    0.0010
   5041.70    0.0000   -0.0003    0.0010
   5042.73    0.0000   -0.0006    0.0009
   5043.76    0.0000   -0.0008    0.0005
   5044.79    0.0000   -0.0009    0.0001
   5045.83    0.0000   -0.0009   -0.0004
   5046.86    0.0000   -0.0006   -0.0007
   5047.89    0.0000   -0.0003   -0.0008
   5048.92    0.0000   -0.0001   -0.0006
   5049.96    0.0000    0.0000   -0.0005
   5050.99    0.0000    0.0000   -0.0004
   5052.02    0.0000   -0.0000   -0.0004
   5053.05    0.0000   -0.0000   -0.0003
   5054.09    0.0000    0.0000   -0.0003
   5055.12    0.0000    0.0001   -0.0001
   5056.15    0.0000    0.0001    0.0001
   5057.18    0.0000    0.0001    0.0002
   5058.22    0.0000    0.0001    0.0004
   5059.25    0.0000    0.0001    0.0004
   5060.28    0.0000    0.0001    0.0003
   5061.31    0.0000    0.0001    0.0002
   5062.35    0.0000    0.0001    0.0000
   5063.38    0.0000    0.0001   -0.0001
   5064.41    0.0000    0.0001   -0.0003
   5065.44    0.0000    0.0002   -0.0004
   5066.48    0.0000    0.0003   -0.0004
   5067.51    0.0000    0.0003   -0.0003
   5068.54    0.0000    0.0004   -0.0001
   5069.57    0.0000    0.0004    0.0001
   5070.61    0.0000    0.0004    0.0004
   5071.64    0.0000    0.0003    0.0007
   5072.67    0.0000    0.0001    0.0008
   5073.70    0.0000   -0.0000    0.0010
   5074.74    0.0000   -0.0002    0.0010
   5075.77    0.0000   -0.0003    0.0009
   5076.80    0.0000   -0.0004    0.0008
   5077.83    0.0000   -0.0004    0.0006
   5078.87    0.0000   -0.0004    0.0004
   5079.90    0.0000   -0.0004    0.0001
   5080.93    0.0000   -0.0004   -0.0001
   5081.96    0.0000   -0.0003   -0.0003
   5083.00    0.0000   -0.0002   -0.0004
   5084.03    0.0000   -0.0001   -0.0005
   5085.06    0.0000   -0.0001   -0.0005
   5086.09    0.0000   -0.0001   -0.0005
   5087.13    0.0000   -0.0001   -0.0004
   5088.16    0.0000   -0.0002   -0.0002
   5089.19    0.0000   -0.0003   -0.0001
   5090.22    0.0000   -0.0004    0.0000
   5091.26    0.0000   -0.0005    0.0001
   5092.29    0.0000   -0.0006    0.0001
   5093.32    0.0000   -0.0006    0.0001
   5094.35    0.0000   -0.0006    0.0001
   5095.39    0.0000   -0.0005    0.0000
   5096.42    0.0000   -0.0003   -0.0001
   5097.45    0.0000   -0.0001   -0.0002
   5098.48    0.0000    0.0001   -0.0003
   5099.52    0.0000    0.0003   -0.0004
   5100.55    0.0000    0.0005   -0.0004
   5101.58    0.0000    0.0006   -0.0004
   5102.61    0.0000    0.0007   -0.0003
   5103.65    0.0000    0.0007   -0.0002
   5104.68    0.0000    0.0008   -0.0000
   5105.71    0.0000    0.0008    0.0001
   5106.74    0.0000    0.0007    0.0003
   5107.78    0.0000    0.0007    0.0005
   5108.81    0.0000    0.0006    0.0006
   5109.84    0.0000    0.0006    0.0006
   5110.87    0.0000    0.0005    0.0006
   5111.91    0.0000    0.0004    0.0006
   5112.94    0.0000    0.0003    0.0006
   5113.97    0.0000    0.0003    0.0005
   5115.00    0.0000    0.0002    0.0005
   5116.04    0.0000    0.0001    0.0004
   5117.07    0.0000   -0.0000    0.0003
   5118.10    0.0000   -0.0001    0.0002
   5119.13    0.0000   -0.0002    0.0000
   5120.17    0.0000   -0.0002   -0.0001
   5121.20    0.0000   -0.0002   -0.0002
   5122.23    0.0000   -0.0001   -0.0002
   5123.26    0.0000   -0.0001   -0.0002
   5124.30    0.0000   -0.0000   -0.0001
   5125.33    0.0000    0.0000    0.0001
   5126.36    0.0000    0.0000    0.0002
   5127.39    0.0000    0.0001    0.0004
   5128.43    0.0000    0.0001    0.0005
   5129.46    0.0000    0.0001    0.0005
   5130.49    0.0000    0.0000    0.0005
   5131.52    0.0000   -0.0001    0.0004
   5132.56    0.0000   -0.0003    0.0002
   5133.59    0.0000   -0.0005    0.0000
   5134.62    0.0000   -0.0007   -0.0001
   5135.65    0.0000   -0.0009   -0.0002
   5136.69    0.0000   -0.0010   -0.0003
   5137.72    0.0000   -0.0010   -0.0003
   5138.75    0.0000   -0.0008   -0.0003
   5139.78    0.0000   -0.0005   -0.0003
   5140.82    0.0000   -0.0000   -0.0004
   5141.85    0.0000    0.0003   -0.0005
   5142.88    0.0000    0.0006   -0.0006
   5143.91    0.0000    0.0007   -0.0005
   5144.95    0.0000    0.0006   -0.0004
   5145.98    0.0000    0.0006   -0.0004
   5147.01    0.0000    0.0005   -0.0004
   5148.04    0.0000    0.0005   -0.0003
   5149.08    0.0000    0.0004   -0.0003
   5150.11    0.0000    0.0003   -0.0002
   5151.14    0.0000    0.0002   -0.0002
   5152.17    0.0000    0.0001   -0.0001
   5153.21    0.0000    0.0000   -0.0001
   5154.24    0.0000    0.0000   -0.0001
   5155.27    0.0000   -0.0000   -0.0002
   5156.30    0.0000   -0.0000   -0.0003
   5157.34    0.0000    0.0000   -0.0003
   5158.37    0.0000    0.0001   -0.0004
   5159.40    0.0000    0.0002   -0.0005
   5160.43    0.0000    0.0003   -0.0005
   5161.47    0.0000    0.0005   -0.0006
   5162.50    0.0000    0.0006   -0.0006
   5163.53    0.0000    0.0008   -0.0005
   5164.56    0.0000    0.0010   -0.0004
   5165.60    0.0000    0.0011   -0.0003
   5166.63    0.0000    0.0012   -0.0002
   5167.66    0.0000    0.0011   -0.0001
   5168.69    0.0000    0.0011    0.0000
   5169.73    0.0000    0.0009    0.0001
   5170.76    0.0000    0.0007    0.0002
   5171.79    0.0000    0.0005    0.0003
   5172.82    0.0000    0.0002    0.0003
   5173.86    0.0000   -0.0001    0.0004
   5174.89    0.0000   -0.0004    0.0003
   5175.92    0.0000   -0.0007    0.0003
   5176.95    0.0000   -0.0009    0.0002
   5177.99    0.0000   -0.0011    0.0002
   5179.02    0.0000   -0.0012    0.0001
   5180.05    0.0000   -0.0013    0.0000
   5181.08    0.0000   -0.0013   -0.0000
   5182.12    0.0000   -0.0011   -0.0001
   5183.15    0.0000   -0.0009   -0.0001
   5184.18    0.0000   -0.0006   -0.0001
   5185.21    0.0000   -0.0003   -0.0001
   5186.25    0.0000    0.0001   -0.0001
   5187.28    0.0000    0.0003    0.0000
   5188.31    0.0000    0.0006    0.0002
   5189.34    0.0000    0.0007    0.0003
   5190.38    0.0000    0.0008    0.0005
   5191.41    0.0000    0.0007    0.0007
   5192.44    0.0000    0.0005    0.0008
   5193.47    0.0000    0.0003    0.0009
   5194.51    0.0000    0.0001    0.0009
   5195.54    0.0000   -0.0003    0.0009
   5196.57    0.0000   -0.0006    0.0008
   5197.60    0.0000   -0.0009    0.0007
   5198.64    0.0000   -0.0011    0.0006
   5199.67    0.0000   -0.0013    0.0004
   5200.70    0.0000   -0.0013    0.0002
   5201.73    0.0000   -0.0012   -0.0000
   5202.77    0.0000   -0.0010   -0.0002
   5203.80    0.0000   -0.0006   -0.0003
   5204.83    0.0000   -0.0002   -0.0003
   5205.86    0.0000    0.0003   -0.0002
   5206.90    0.0000    0.0007   -0.0001
   5207.93    0.0000    0.0008    0.0001
   5208.96    0.0000    0.0008    0.0003
   5209.99    0.0000    0.0006    0.0005
   5211.03    0.0000    0.0003    0.0007
   5212.06    0.0000   -0.0002    0.0007
   5213.09    0.0000   -0.0005    0.0007
   5214.12    0.0000   -0.0008    0.0006
   5215.16    0.0000   -0.0008    0.0004
   5216.19    0.0000   -0.0007    0.0002
   5217.22    0.0000   -0.0004    0.0001
   5218.25    0.0000   -0.0001    0.0000
   5219.29    0.0000    0.0002    0.0000
   5220.32    0.0000    0.0004    0.0000
   5221.35    0.0000    0.0005    0.0000
   5222.38    0.0000    0.0004    0.0000
   5223.42    0.0000    0.0003   -0.0000
   5224.45    0.0000    0.0002   -0.0001
   5225.48    0.0000   -0.0000   -0.0001
   5226.51    0.0000   -0.0002   -0.0003
   5227.55    0.0000   -0.0003   -0.0004
   5228.58    0.0000   -0.0003   -0.0005
   5229.61    0.0000   -0.0002   -0.0006
   5230.64    0.0000   -0.0001   -0.0006
   5231.68    0.0000    0.0001   -0.0006
   5232.71    0.0000    0.0003   -0.0006
   5233.74    0.0000    0.0004   -0.0005
   5234.77    0.0000    0.0005   -0.0004
   5235.81    0.0000    0.0005   -0.0003
   5236.84    0.0000    0.0005   -0.0002
   5237.87    0.0000    0.0004   -0.0002
   5238.90    0.0000    0.0003   -0.0002
   5239.94    0.0000    0.0003   -0.0002
   5240.97    0.0000    0.0003   -0.0002
   5242.00    0.0000    0.0003   -0.0002
   5243.03    0.0000    0.0002   -0.0002
   5244.07    0.0000    0.0002   -0.0002
   5245.10    0.0000    0.0002   -0.0002
   5246.13    0.0000    0.0001   -0.0002
   5247.16    0.0000    0.0001   -0.0002
   5248.20    0.0000    0.0001   -0.0002
   5249.23    0.0000    0.0002   -0.0002
   5250.26    0.0000    0.0002   -0.0001
   5251.29    0.0000    0.0002   -0.0001
   5252.33    0.0000    0.0003   -0.0000
   5253.36    0.0000    0.0003    0.0000
   5254.39    0.0000    0.0003    0.0001
   5255.42    0.0000    0.0002    0.0001
   5256.46    0.0000    0.0002    0.0002
   5257.49    0.0000    0.0001    0.0003
   5258.52    0.0000   -0.0000    0.0003
   5259.55    0.0000   -0.0002    0.0003
   5260.59    0.0000   -0.0003    0.0003
   5261.62    0.0000   -0.0004    0.0003
   5262.65    0.0000   -0.0004    0.0003
   5263.68    0.0000   -0.0004    0.0003
   5264.72    0.0000   -0.0004    0.0003
   5265.75    0.0000   -0.0004    0.0002
   5266.78    0.0000   -0.0003    0.0002
   5267.81    0.0000   -0.0003    0.0003
   5268.85    0.0000   -0.0002    0.0003
   5269.88    0.0000   -0.0002    0.0003
   5270.91    0.0000   -0.0002    0.0003
   5271.94    0.0000   -0.0002    0.0003
   5272.98    0.0000   -0.0003    0.0003
   5274.01    0.0000   -0.0004    0.0003
   5275.04    0.0000   -0.0005    0.0002
   5276.07    0.0000   -0.0005    0.0001
   5277.11    0.0000   -0.0005    0.0000
   5278.14    0.0000   -0.0005   -0.0000
   5279.17    0.0000   -0.0004   -0.0001
   5280.20    0.0000   -0.0003   -0.0002
   5281.24    0.0000   -0.0002   -0.0002
   5282.27    0.0000   -0.0001   -0.0002
   5283.30    0.0000    0.0000   -0.0002
   5284.33    0.0000    0.0001   -0.0001
   5285.37    0.0000    0.0001   -0.0001
   5286.40    0.0000    0.0001   -0.0001
   5287.43    0.0000    0.0001   -0.0001
   5288.46    0.0000    0.0001   -0.0002
   5289.50    0.0000    0.0001   -0.0002
   5290.53    0.0000    0.0001   -0.0002
   5291.56    0.0000    0.0000   -0.0003
   5292.59    0.0000   -0.0001   -0.0004
   5293.63    0.0000   -0.0002   -0.0005
   5294.66    0.0000   -0.0002   -0.0005
   5295.69    0.0000   -0.0001   -0.0005
   5296.72    0.0000   -0.0001   -0.0004
   5297.76    0.0000    0.0001   -0.0002
   5298.79    0.0000    0.0002   -0.0001
   5299.82    0.0000    0.0003    0.0001
