     #Time      Norm      Real      Imag
   4671.03    0.0000    0.0000   -0.0000
   4672.06    0.0000    0.0001   -0.0001
   4673.09    0.0000    0.0001   -0.0002
   4674.13    0.0000    0.0000   -0.0003
   4675.16    0.0000    0.0000   -0.0003
   4676.19    0.0000   -0.0001   -0.0003
   4677.22    0.0000   -0.0001   -0.0003
   4678.26    0.0000   -0.0002   -0.0003
   4679.29    0.0000   -0.0002   -0.0002
   4680.32    0.0000   -0.0002   -0.0002
   4681.35    0.0000   -0.0002   -0.0001
   4682.39    0.0000   -0.0002   -0.0001
   4683.42    0.0000   -0.0001   -0.0000
   4684.45    0.0000    0.0000    0.0000
   4685.48    0.0000    0.0001    0.0001
   4686.52    0.0000    0.0003    0.0001
   4687.55    0.0000    0.0003    0.0001
   4688.58    0.0000    0.0003    0.0001
   4689.61    0.0000    0.0002   -0.0000
   4690.65    0.0000    0.0001   -0.0001
   4691.68    0.0000   -0.0001   -0.0002
   4692.71    0.0000   -0.0002   -0.0002
   4693.74    0.0000   -0.0003   -0.0002
   4694.78    0.0000   -0.0004   -0.0001
   4695.81    0.0000   -0.0003   -0.0000
   4696.84    0.0000   -0.0002    0.0002
   4697.87    0.0000   -0.0001    0.0003
   4698.91    0.0000    0.0001    0.0005
   4699.94    0.0000    0.0002    0.0005
   4700.97    0.0000    0.0003    0.0005
   4702.00    0.0000    0.0003    0.0005
   4703.04    0.0000    0.0002    0.0004
   4704.07    0.0000    0.0000    0.0003
   4705.10    0.0000   -0.0002    0.0001
   4706.13    0.0000   -0.0004    0.0001
   4707.17    0.0000   -0.0005    0.0000
   4708.20    0.0000   -0.0005    0.0001
   4709.23    0.0000   -0.0003    0.0002
   4710.26    0.0000   -0.0001    0.0003
   4711.30    0.0000    0.0002    0.0005
   4712.33    0.0000    0.0004    0.0005
   4713.36    0.0000    0.0005    0.0005
   4714.39    0.0000    0.0005    0.0004
   4715.43    0.0000    0.0004    0.0002
   4716.46    0.0000    0.0002    0.0000
   4717.49    0.0000    0.0000   -0.0002
   4718.52    0.0000   -0.0001   -0.0004
   4719.56    0.0000   -0.0001   -0.0005
   4720.59    0.0000   -0.0000   -0.0005
   4721.62    0.0000    0.0002   -0.0004
   4722.65    0.0000    0.0005   -0.0002
   4723.69    0.0000    0.0007   -0.0000
   4724.72    0.0000    0.0008    0.0001
   4725.75    0.0000    0.0007    0.0001
   4726.78    0.0000    0.0005    0.0001
   4727.82    0.0000    0.0001   -0.0001
   4728.85    0.0000   -0.0002   -0.0003
   4729.88    0.0000   -0.0005   -0.0004
   4730.91    0.0000   -0.0006   -0.0005
   4731.95    0.0000   -0.0004   -0.0004
   4732.98    0.0000   -0.0002   -0.0003
   4734.01    0.0000    0.0002   -0.0002
   4735.04    0.0000    0.0006   -0.0000
   4736.08    0.0000    0.0009    0.0001
   4737.11    0.0000    0.0010    0.0002
   4738.14    0.0000    0.0009    0.0002
   4739.17    0.0000    0.0007    0.0002
   4740.21    0.0000    0.0004    0.0003
   4741.24    0.0000    0.0001    0.0004
   4742.27    0.0000   -0.0000    0.0005
   4743.30    0.0000   -0.0000    0.0004
   4744.34    0.0000    0.0001    0.0002
   4745.37    0.0000    0.0002    0.0000
   4746.40    0.0000    0.0002   -0.0002
   4747.43    0.0000    0.0002   -0.0004
   4748.47    0.0000    0.0001   -0.0005
   4749.50    0.0000    0.0000   -0.0005
   4750.53    0.0000   -0.0001   -0.0005
   4751.56    0.0000   -0.0000   -0.0004
   4752.60    0.0000    0.0001   -0.0003
   4753.63    0.0000    0.0002   -0.0001
   4754.66    0.0000    0.0003    0.0001
   4755.69    0.0000    0.0003    0.0003
   4756.73    0.0000    0.0001    0.0005
   4757.76    0.0000   -0.0002    0.0006
   4758.79    0.0000   -0.0004    0.0006
   4759.82    0.0000   -0.0005    0.0004
   4760.86    0.0000   -0.0005    0.0002
   4761.89    0.0000   -0.0004    0.0000
   4762.92    0.0000   -0.0001   -0.0001
   4763.95    0.0000    0.0002   -0.0001
   4764.99    0.0000    0.0005    0.0000
   4766.02    0.0000    0.0007    0.0002
   4767.05    0.0000    0.0006    0.0003
   4768.08    0.0000    0.0004    0.0003
   4769.12    0.0000    0.0002    0.0002
   4770.15    0.0000   -0.0001   -0.0001
   4771.18    0.0000   -0.0003   -0.0004
   4772.21    0.0000   -0.0004   -0.0006
   4773.25    0.0000   -0.0004   -0.0005
   4774.28    0.0000   -0.0004   -0.0003
   4775.31    0.0000   -0.0002    0.0000
   4776.34    0.0000    0.0000    0.0004
   4777.38    0.0000    0.0002    0.0006
   4778.41    0.0000    0.0004    0.0007
   4779.44    0.0000    0.0004    0.0006
   4780.47    0.0000    0.0003    0.0005
   4781.51    0.0000    0.0001    0.0006
   4782.54    0.0000   -0.0001    0.0006
   4783.57    0.0000   -0.0003    0.0004
   4784.60    0.0000   -0.0004    0.0002
   4785.64    0.0000   -0.0005   -0.0000
   4786.67    0.0000   -0.0005   -0.0002
   4787.70    0.0000   -0.0005   -0.0003
   4788.73    0.0000   -0.0004   -0.0003
   4789.77    0.0000   -0.0002   -0.0002
   4790.80    0.0000    0.0001   -0.0001
   4791.83    0.0000    0.0004    0.0001
   4792.86    0.0000    0.0006    0.0003
   4793.90    0.0000    0.0008    0.0004
   4794.93    0.0000    0.0007    0.0004
   4795.96    0.0000    0.0005    0.0004
   4796.99    0.0000    0.0001    0.0004
   4798.03    0.0000   -0.0002    0.0005
   4799.06    0.0000   -0.0004    0.0005
   4800.09    0.0000   -0.0004    0.0005
   4801.12    0.0000   -0.0002    0.0004
   4802.16    0.0000   -0.0001    0.0001
   4803.19    0.0000   -0.0001   -0.0003
   4804.22    0.0000   -0.0001   -0.0007
   4805.25    0.0000   -0.0001   -0.0009
   4806.29    0.0000   -0.0002   -0.0009
   4807.32    0.0000   -0.0001   -0.0007
   4808.35    0.0000    0.0001   -0.0003
   4809.38    0.0000    0.0002    0.0001
   4810.42    0.0000    0.0003    0.0004
   4811.45    0.0000    0.0002    0.0006
   4812.48    0.0000    0.0000    0.0006
   4813.51    0.0000   -0.0002    0.0005
   4814.55    0.0000   -0.0005    0.0003
   4815.58    0.0000   -0.0005    0.0002
   4816.61    0.0000   -0.0004    0.0002
   4817.64    0.0000   -0.0002    0.0003
   4818.68    0.0000    0.0001    0.0002
   4819.71    0.0000    0.0003    0.0001
   4820.74    0.0000    0.0004   -0.0001
   4821.77    0.0000    0.0003   -0.0004
   4822.81    0.0000    0.0001   -0.0007
   4823.84    0.0000   -0.0001   -0.0009
   4824.87    0.0000   -0.0002   -0.0008
   4825.90    0.0000   -0.0003   -0.0005
   4826.94    0.0000   -0.0002   -0.0001
   4827.97    0.0000   -0.0000    0.0002
   4829.00    0.0000    0.0001    0.0002
   4830.03    0.0000    0.0001   -0.0002
   4831.07    0.0000    0.0000   -0.0007
   4832.10    0.0000   -0.0002   -0.0011
   4833.13    0.0000   -0.0005   -0.0011
   4834.16    0.0000   -0.0006   -0.0007
   4835.20    0.0000   -0.0005   -0.0002
   4836.23    0.0000   -0.0003    0.0003
   4837.26    0.0000   -0.0000    0.0005
   4838.29    0.0000    0.0001    0.0003
   4839.33    0.0000    0.0001   -0.0002
   4840.36    0.0000   -0.0000   -0.0007
   4841.39    0.0000   -0.0002   -0.0009
   4842.42    0.0000   -0.0004   -0.0007
   4843.46    0.0000   -0.0003   -0.0002
   4844.49    0.0000   -0.0002    0.0002
   4845.52    0.0000    0.0002    0.0004
   4846.55    0.0000    0.0005    0.0002
   4847.59    0.0000    0.0007   -0.0000
   4848.62    0.0000    0.0007   -0.0001
   4849.65    0.0000    0.0005   -0.0000
   4850.68    0.0000    0.0002    0.0002
   4851.72    0.0000    0.0000    0.0005
   4852.75    0.0000    0.0001    0.0006
   4853.78    0.0000    0.0002    0.0005
   4854.81    0.0000    0.0004    0.0001
   4855.85    0.0000    0.0004   -0.0003
   4856.88    0.0000    0.0003   -0.0005
   4857.91    0.0000    0.0000   -0.0004
   4858.94    0.0000   -0.0002   -0.0001
   4859.98    0.0000   -0.0003    0.0002
   4861.01    0.0000   -0.0002    0.0004
   4862.04    0.0000    0.0001    0.0002
   4863.07    0.0000    0.0004   -0.0001
   4864.11    0.0000    0.0006   -0.0004
   4865.14    0.0000    0.0005   -0.0006
   4866.17    0.0000    0.0003   -0.0006
   4867.20    0.0000   -0.0001   -0.0003
   4868.24    0.0000   -0.0003   -0.0000
   4869.27    0.0000   -0.0004    0.0002
   4870.30    0.0000   -0.0005    0.0001
   4871.33    0.0000   -0.0005   -0.0002
   4872.37    0.0000   -0.0005   -0.0005
   4873.40    0.0000   -0.0003   -0.0006
   4874.43    0.0000   -0.0001   -0.0005
   4875.46    0.0000    0.0001   -0.0002
   4876.50    0.0000    0.0002    0.0000
   4877.53    0.0000    0.0001    0.0000
   4878.56    0.0000    0.0000   -0.0002
   4879.59    0.0000   -0.0002   -0.0006
   4880.63    0.0000   -0.0002   -0.0008
   4881.66    0.0000   -0.0002   -0.0008
   4882.69    0.0000   -0.0001   -0.0005
   4883.72    0.0000   -0.0000   -0.0000
   4884.76    0.0000   -0.0001    0.0004
   4885.79    0.0000   -0.0003    0.0004
   4886.82    0.0000   -0.0004    0.0004
   4887.85    0.0000   -0.0003    0.0004
   4888.89    0.0000   -0.0002    0.0002
   4889.92    0.0000   -0.0001   -0.0001
   4890.95    0.0000    0.0000   -0.0004
   4891.98    0.0000    0.0002   -0.0006
   4893.02    0.0000    0.0003   -0.0006
   4894.05    0.0000    0.0004   -0.0005
   4895.08    0.0000    0.0004   -0.0003
   4896.11    0.0000    0.0005    0.0001
   4897.15    0.0000    0.0005    0.0004
   4898.18    0.0000    0.0004    0.0006
   4899.21    0.0000    0.0003    0.0006
   4900.24    0.0000    0.0002    0.0005
   4901.28    0.0000    0.0001    0.0002
   4902.31    0.0000    0.0000   -0.0001
   4903.34    0.0000    0.0000   -0.0004
   4904.37    0.0000    0.0001   -0.0006
   4905.41    0.0000    0.0001   -0.0006
   4906.44    0.0000    0.0003   -0.0004
   4907.47    0.0000    0.0004   -0.0001
   4908.50    0.0000    0.0005    0.0003
   4909.54    0.0000    0.0006    0.0006
   4910.57    0.0000    0.0007    0.0008
   4911.60    0.0000    0.0008    0.0008
   4912.63    0.0000    0.0009    0.0006
   4913.67    0.0000    0.0009    0.0003
   4914.70    0.0000    0.0009   -0.0001
   4915.73    0.0000    0.0008   -0.0005
   4916.76    0.0000    0.0007   -0.0007
   4917.80    0.0000    0.0005   -0.0008
   4918.83    0.0000    0.0003   -0.0007
   4919.86    0.0000    0.0001   -0.0004
   4920.89    0.0000    0.0000   -0.0002
   4921.93    0.0000    0.0000    0.0000
   4922.96    0.0000    0.0001    0.0001
   4923.99    0.0000    0.0001    0.0001
   4925.02    0.0000    0.0002    0.0000
   4926.06    0.0000    0.0003   -0.0001
   4927.09    0.0000    0.0003   -0.0002
   4928.12    0.0000    0.0003   -0.0001
   4929.15    0.0000    0.0003   -0.0000
   4930.19    0.0000    0.0002    0.0001
   4931.22    0.0000    0.0001    0.0003
   4932.25    0.0000    0.0000    0.0003
   4933.28    0.0000   -0.0000    0.0003
   4934.32    0.0000   -0.0001    0.0002
   4935.35    0.0000   -0.0001    0.0000
   4936.38    0.0000   -0.0001   -0.0001
   4937.41    0.0000   -0.0001   -0.0002
   4938.45    0.0000   -0.0001   -0.0003
   4939.48    0.0000   -0.0000   -0.0003
   4940.51    0.0000    0.0000   -0.0002
   4941.54    0.0000    0.0000   -0.0001
   4942.58    0.0000    0.0000    0.0000
   4943.61    0.0000    0.0000    0.0001
   4944.64    0.0000    0.0000    0.0000
   4945.67    0.0000    0.0001   -0.0001
   4946.71    0.0000    0.0001   -0.0002
   4947.74    0.0000    0.0001   -0.0003
   4948.77    0.0000    0.0002   -0.0004
   4949.80    0.0000    0.0002   -0.0005
   4950.84    0.0000    0.0003   -0.0004
   4951.87    0.0000    0.0003   -0.0003
   4952.90    0.0000    0.0003   -0.0002
   4953.93    0.0000    0.0003   -0.0000
   4954.97    0.0000    0.0002    0.0001
   4956.00    0.0000    0.0002    0.0002
   4957.03    0.0000    0.0002    0.0004
   4958.06    0.0000    0.0001    0.0004
   4959.10    0.0000    0.0001    0.0005
   4960.13    0.0000    0.0001    0.0005
   4961.16    0.0000    0.0001    0.0006
   4962.19    0.0000    0.0001    0.0006
   4963.23    0.0000    0.0001    0.0006
   4964.26    0.0000    0.0001    0.0005
   4965.29    0.0000    0.0001    0.0005
   4966.32    0.0000    0.0000    0.0004
   4967.36    0.0000   -0.0001    0.0003
   4968.39    0.0000   -0.0001    0.0001
   4969.42    0.0000   -0.0002   -0.0001
   4970.45    0.0000   -0.0002   -0.0003
   4971.49    0.0000   -0.0002   -0.0004
   4972.52    0.0000   -0.0002   -0.0005
   4973.55    0.0000   -0.0001   -0.0006
   4974.58    0.0000   -0.0000   -0.0006
   4975.62    0.0000    0.0001   -0.0005
   4976.65    0.0000    0.0001   -0.0005
   4977.68    0.0000    0.0002   -0.0005
   4978.71    0.0000    0.0002   -0.0004
   4979.75    0.0000    0.0002   -0.0004
   4980.78    0.0000    0.0002   -0.0005
   4981.81    0.0000    0.0002   -0.0005
   4982.84    0.0000    0.0000   -0.0004
   4983.88    0.0000   -0.0001   -0.0003
   4984.91    0.0000   -0.0002   -0.0001
   4985.94    0.0000   -0.0003    0.0001
   4986.97    0.0000   -0.0003    0.0003
   4988.01    0.0000   -0.0002    0.0005
   4989.04    0.0000   -0.0000    0.0005
   4990.07    0.0000    0.0001    0.0005
   4991.10    0.0000    0.0002    0.0004
   4992.14    0.0000    0.0003    0.0003
   4993.17    0.0000    0.0003    0.0001
   4994.20    0.0000    0.0002   -0.0000
   4995.23    0.0000    0.0001   -0.0002
   4996.27    0.0000   -0.0001   -0.0003
   4997.30    0.0000   -0.0002   -0.0003
   4998.33    0.0000   -0.0002   -0.0004
   4999.36    0.0000    0.0000   -0.0005
   5000.40    0.0000    0.0004   -0.0005
   5001.43    0.0000    0.0008   -0.0004
   5002.46    0.0000    0.0011   -0.0003
   5003.49    0.0000    0.0012    0.0000
   5004.53    0.0000    0.0011    0.0003
   5005.56    0.0000    0.0008    0.0005
   5006.59    0.0000    0.0004    0.0007
   5007.62    0.0000    0.0000    0.0007
   5008.66    0.0000   -0.0002    0.0006
   5009.69    0.0000   -0.0003    0.0004
   5010.72    0.0000   -0.0002    0.0003
   5011.75    0.0000    0.0000    0.0002
   5012.79    0.0000    0.0002    0.0001
   5013.82    0.0000    0.0002    0.0002
   5014.85    0.0000    0.0002    0.0002
   5015.88    0.0000   -0.0001    0.0003
   5016.92    0.0000   -0.0003    0.0003
   5017.95    0.0000   -0.0006    0.0003
   5018.98    0.0000   -0.0008    0.0001
   5020.01    0.0000   -0.0008   -0.0000
   5021.05    0.0000   -0.0007   -0.0002
   5022.08    0.0000   -0.0005   -0.0004
   5023.11    0.0000   -0.0002   -0.0006
   5024.14    0.0000    0.0001   -0.0007
   5025.18    0.0000    0.0004   -0.0007
   5026.21    0.0000    0.0006   -0.0006
   5027.24    0.0000    0.0006   -0.0006
   5028.27    0.0000    0.0006   -0.0005
   5029.31    0.0000    0.0005   -0.0004
   5030.34    0.0000    0.0005   -0.0003
   5031.37    0.0000    0.0004   -0.0002
   5032.40    0.0000    0.0004   -0.0001
   5033.44    0.0000    0.0005    0.0001
   5034.47    0.0000    0.0006    0.0004
   5035.50    0.0000    0.0008    0.0006
   5036.53    0.0000    0.0009    0.0008
   5037.57    0.0000    0.0010    0.0008
   5038.60    0.0000    0.0009    0.0008
   5039.63    0.0000    0.0007    0.0007
   5040.66    0.0000    0.0003    0.0004
   5041.70    0.0000    0.0000    0.0001
   5042.73    0.0000   -0.0003   -0.0002
   5043.76    0.0000   -0.0004   -0.0005
   5044.79    0.0000   -0.0004   -0.0006
   5045.83    0.0000   -0.0003   -0.0006
   5046.86    0.0000   -0.0002   -0.0004
   5047.89    0.0000    0.0000   -0.0002
   5048.92    0.0000    0.0001    0.0000
   5049.96    0.0000    0.0001    0.0001
   5050.99    0.0000    0.0001    0.0002
   5052.02    0.0000    0.0001    0.0001
   5053.05    0.0000    0.0001   -0.0001
   5054.09    0.0000    0.0001   -0.0003
   5055.12    0.0000    0.0001   -0.0005
   5056.15    0.0000    0.0002   -0.0006
   5057.18    0.0000    0.0003   -0.0007
   5058.22    0.0000    0.0004   -0.0007
   5059.25    0.0000    0.0004   -0.0005
   5060.28    0.0000    0.0005   -0.0002
   5061.31    0.0000    0.0005    0.0001
   5062.35    0.0000    0.0004    0.0004
   5063.38    0.0000    0.0003    0.0006
   5064.41    0.0000    0.0002    0.0006
   5065.44    0.0000    0.0001    0.0005
   5066.48    0.0000    0.0001    0.0003
   5067.51    0.0000    0.0000    0.0000
   5068.54    0.0000    0.0000   -0.0002
   5069.57    0.0000    0.0001   -0.0004
   5070.61    0.0000    0.0001   -0.0004
   5071.64    0.0000    0.0001   -0.0002
   5072.67    0.0000    0.0001    0.0000
   5073.70    0.0000    0.0001    0.0003
   5074.74    0.0000    0.0000    0.0005
   5075.77    0.0000   -0.0000    0.0006
   5076.80    0.0000   -0.0001    0.0006
   5077.83    0.0000   -0.0002    0.0005
   5078.87    0.0000   -0.0003    0.0002
   5079.90    0.0000   -0.0003   -0.0000
   5080.93    0.0000   -0.0004   -0.0003
   5081.96    0.0000   -0.0004   -0.0005
   5083.00    0.0000   -0.0003   -0.0005
   5084.03    0.0000   -0.0003   -0.0005
   5085.06    0.0000   -0.0002   -0.0004
   5086.09    0.0000   -0.0001   -0.0002
   5087.13    0.0000   -0.0001   -0.0000
   5088.16    0.0000   -0.0000    0.0001
   5089.19    0.0000    0.0000    0.0002
   5090.22    0.0000    0.0000    0.0002
   5091.26    0.0000    0.0000    0.0000
   5092.29    0.0000   -0.0000   -0.0002
   5093.32    0.0000   -0.0001   -0.0005
   5094.35    0.0000   -0.0002   -0.0007
   5095.39    0.0000   -0.0003   -0.0009
   5096.42    0.0000   -0.0002   -0.0011
   5097.45    0.0000   -0.0001   -0.0011
   5098.48    0.0000    0.0000   -0.0010
   5099.52    0.0000    0.0003   -0.0009
   5100.55    0.0000    0.0005   -0.0008
   5101.58    0.0000    0.0006   -0.0006
   5102.61    0.0000    0.0007   -0.0005
   5103.65    0.0000    0.0007   -0.0004
   5104.68    0.0000    0.0006   -0.0002
   5105.71    0.0000    0.0004   -0.0001
   5106.74    0.0000    0.0002    0.0000
   5107.78    0.0000    0.0000    0.0002
   5108.81    0.0000   -0.0001    0.0003
   5109.84    0.0000   -0.0002    0.0004
   5110.87    0.0000   -0.0003    0.0004
   5111.91    0.0000   -0.0003    0.0004
   5112.94    0.0000   -0.0003    0.0003
   5113.97    0.0000   -0.0003    0.0002
   5115.00    0.0000   -0.0003    0.0002
   5116.04    0.0000   -0.0004    0.0001
   5117.07    0.0000   -0.0004    0.0002
   5118.10    0.0000   -0.0004    0.0003
   5119.13    0.0000   -0.0004    0.0005
   5120.17    0.0000   -0.0004    0.0006
   5121.20    0.0000   -0.0003    0.0008
   5122.23    0.0000   -0.0003    0.0009
   5123.26    0.0000   -0.0002    0.0010
   5124.30    0.0000   -0.0003    0.0010
   5125.33    0.0000   -0.0003    0.0009
   5126.36    0.0000   -0.0005    0.0007
   5127.39    0.0000   -0.0007    0.0005
   5128.43    0.0000   -0.0009    0.0004
   5129.46    0.0000   -0.0011    0.0003
   5130.49    0.0000   -0.0012    0.0002
   5131.52    0.0000   -0.0012    0.0002
   5132.56    0.0000   -0.0011    0.0002
   5133.59    0.0000   -0.0009    0.0001
   5134.62    0.0000   -0.0008    0.0000
   5135.65    0.0000   -0.0006   -0.0001
   5136.69    0.0000   -0.0004   -0.0003
   5137.72    0.0000   -0.0004   -0.0005
   5138.75    0.0000   -0.0003   -0.0006
   5139.78    0.0000   -0.0004   -0.0007
   5140.82    0.0000   -0.0005   -0.0007
   5141.85    0.0000   -0.0005   -0.0006
   5142.88    0.0000   -0.0005   -0.0004
   5143.91    0.0000   -0.0005   -0.0002
   5144.95    0.0000   -0.0005   -0.0000
   5145.98    0.0000   -0.0005    0.0000
   5147.01    0.0000   -0.0004    0.0001
   5148.04    0.0000   -0.0004   -0.0000
   5149.08    0.0000   -0.0004   -0.0001
   5150.11    0.0000   -0.0003   -0.0003
   5151.14    0.0000   -0.0003   -0.0004
   5152.17    0.0000   -0.0003   -0.0004
   5153.21    0.0000   -0.0002   -0.0004
   5154.24    0.0000   -0.0002   -0.0003
   5155.27    0.0000   -0.0000   -0.0002
   5156.30    0.0000    0.0001   -0.0001
   5157.34    0.0000    0.0002   -0.0001
   5158.37    0.0000    0.0003   -0.0001
   5159.40    0.0000    0.0004   -0.0001
   5160.43    0.0000    0.0005   -0.0001
   5161.47    0.0000    0.0004   -0.0000
   5162.50    0.0000    0.0004    0.0001
   5163.53    0.0000    0.0004    0.0002
   5164.56    0.0000    0.0003    0.0004
   5165.60    0.0000    0.0003    0.0005
   5166.63    0.0000    0.0003    0.0007
   5167.66    0.0000    0.0004    0.0008
   5168.69    0.0000    0.0004    0.0008
   5169.73    0.0000    0.0004    0.0009
   5170.76    0.0000    0.0004    0.0008
   5171.79    0.0000    0.0003    0.0008
   5172.82    0.0000    0.0003    0.0009
   5173.86    0.0000    0.0002    0.0009
   5174.89    0.0000    0.0002    0.0010
   5175.92    0.0000    0.0001    0.0011
   5176.95    0.0000    0.0001    0.0012
   5177.99    0.0000    0.0002    0.0011
   5179.02    0.0000    0.0002    0.0010
   5180.05    0.0000    0.0003    0.0007
   5181.08    0.0000    0.0003    0.0004
   5182.12    0.0000    0.0003    0.0001
   5183.15    0.0000    0.0003   -0.0001
   5184.18    0.0000    0.0004   -0.0003
   5185.21    0.0000    0.0005   -0.0003
   5186.25    0.0000    0.0006   -0.0002
   5187.28    0.0000    0.0006   -0.0000
   5188.31    0.0000    0.0006    0.0002
   5189.34    0.0000    0.0006    0.0004
   5190.38    0.0000    0.0005    0.0005
   5191.41    0.0000    0.0004    0.0004
   5192.44    0.0000    0.0003    0.0003
   5193.47    0.0000    0.0001    0.0001
   5194.51    0.0000    0.0001    0.0000
   5195.54    0.0000    0.0000   -0.0000
   5196.57    0.0000   -0.0000   -0.0000
   5197.60    0.0000   -0.0001    0.0000
   5198.64    0.0000   -0.0001    0.0001
   5199.67    0.0000   -0.0001    0.0001
   5200.70    0.0000   -0.0001   -0.0001
   5201.73    0.0000   -0.0002   -0.0003
   5202.77    0.0000   -0.0002   -0.0005
   5203.80    0.0000   -0.0002   -0.0007
   5204.83    0.0000   -0.0001   -0.0008
   5205.86    0.0000   -0.0001   -0.0007
   5206.90    0.0000   -0.0000   -0.0005
   5207.93    0.0000   -0.0000   -0.0002
   5208.96    0.0000   -0.0000    0.0001
   5209.99    0.0000   -0.0001    0.0003
   5211.03    0.0000   -0.0002    0.0004
   5212.06    0.0000   -0.0003    0.0003
   5213.09    0.0000   -0.0004    0.0000
   5214.12    0.0000   -0.0005   -0.0002
   5215.16    0.0000   -0.0005   -0.0005
   5216.19    0.0000   -0.0005   -0.0007
   5217.22    0.0000   -0.0005   -0.0007
   5218.25    0.0000   -0.0005   -0.0006
   5219.29    0.0000   -0.0005   -0.0004
   5220.32    0.0000   -0.0005   -0.0002
   5221.35    0.0000   -0.0006   -0.0001
   5222.38    0.0000   -0.0007    0.0000
   5223.42    0.0000   -0.0008    0.0001
   5224.45    0.0000   -0.0008    0.0001
   5225.48    0.0000   -0.0008    0.0001
   5226.51    0.0000   -0.0008    0.0000
   5227.55    0.0000   -0.0007   -0.0001
   5228.58    0.0000   -0.0005   -0.0001
   5229.61    0.0000   -0.0004   -0.0002
   5230.64    0.0000   -0.0002   -0.0002
   5231.68    0.0000   -0.0001   -0.0002
   5232.71    0.0000    0.0000   -0.0002
   5233.74    0.0000    0.0000   -0.0002
   5234.77    0.0000    0.0000   -0.0002
   5235.81    0.0000    0.0000   -0.0002
   5236.84    0.0000   -0.0000   -0.0001
   5237.87    0.0000   -0.0000   -0.0001
   5238.90    0.0000   -0.0001   -0.0000
   5239.94    0.0000   -0.0001    0.0000
   5240.97    0.0000   -0.0001    0.0000
   5242.00    0.0000   -0.0000    0.0001
   5243.03    0.0000    0.0000    0.0002
   5244.07    0.0000    0.0000    0.0002
   5245.10    0.0000    0.0001    0.0003
   5246.13    0.0000    0.0001    0.0004
   5247.16    0.0000    0.0002    0.0004
   5248.20    0.0000    0.0002    0.0005
   5249.23    0.0000    0.0002    0.0005
   5250.26    0.0000    0.0002    0.0006
   5251.29    0.0000    0.0002    0.0006
   5252.33    0.0000    0.0002    0.0006
   5253.36    0.0000    0.0002    0.0006
   5254.39    0.0000    0.0002    0.0006
   5255.42    0.0000    0.0002    0.0006
   5256.46    0.0000    0.0001    0.0006
   5257.49    0.0000    0.0001    0.0006
   5258.52    0.0000    0.0001    0.0006
   5259.55    0.0000    0.0000    0.0006
   5260.59    0.0000   -0.0000    0.0006
   5261.62    0.0000   -0.0001    0.0006
   5262.65    0.0000   -0.0001    0.0006
   5263.68    0.0000   -0.0001    0.0006
   5264.72    0.0000   -0.0001    0.0005
   5265.75    0.0000   -0.0002    0.0005
   5266.78    0.0000   -0.0002    0.0005
   5267.81    0.0000   -0.0002    0.0005
   5268.85    0.0000   -0.0002    0.0005
   5269.88    0.0000   -0.0002    0.0004
   5270.91    0.0000   -0.0002    0.0004
   5271.94    0.0000   -0.0002    0.0003
   5272.98    0.0000   -0.0002    0.0002
   5274.01    0.0000   -0.0001    0.0001
   5275.04    0.0000   -0.0000    0.0000
   5276.07    0.0000    0.0001   -0.0001
   5277.11    0.0000    0.0002   -0.0001
   5278.14    0.0000    0.0002   -0.0001
   5279.17    0.0000    0.0003   -0.0001
   5280.20    0.0000    0.0003   -0.0000
   5281.24    0.0000    0.0002    0.0000
   5282.27    0.0000    0.0001    0.0001
   5283.30    0.0000    0.0000    0.0001
   5284.33    0.0000   -0.0001    0.0000
   5285.37    0.0000   -0.0001   -0.0001
   5286.40    0.0000   -0.0001   -0.0002
   5287.43    0.0000    0.0000   -0.0002
   5288.46    0.0000    0.0001   -0.0003
