     #Time      Norm      Real      Imag
   4204.34    0.0000    0.0000   -0.0000
   4205.37    0.0000    0.0000   -0.0000
   4206.40    0.0000    0.0000   -0.0000
   4207.44    0.0000    0.0000   -0.0000
   4208.47    0.0000    0.0000   -0.0000
   4209.50    0.0000    0.0000   -0.0000
   4210.53    0.0000    0.0000   -0.0000
   4211.57    0.0000    0.0000   -0.0000
   4212.60    0.0000    0.0000    0.0000
   4213.63    0.0000   -0.0000    0.0000
   4214.66    0.0000   -0.0000    0.0000
   4215.70    0.0000   -0.0000    0.0000
   4216.73    0.0000   -0.0000    0.0000
   4217.76    0.0000   -0.0000    0.0000
   4218.79    0.0000   -0.0000    0.0000
   4219.83    0.0000   -0.0000    0.0000
   4220.86    0.0000    0.0000    0.0000
   4221.89    0.0000    0.0000   -0.0000
   4222.92    0.0000    0.0000   -0.0000
   4223.96    0.0000    0.0000   -0.0000
   4224.99    0.0000    0.0000   -0.0000
   4226.02    0.0000    0.0000   -0.0000
   4227.05    0.0000    0.0000   -0.0000
   4228.09    0.0000    0.0000   -0.0000
   4229.12    0.0000    0.0000   -0.0000
   4230.15    0.0000    0.0000   -0.0000
   4231.18    0.0000    0.0000   -0.0000
   4232.22    0.0000   -0.0000    0.0000
   4233.25    0.0000   -0.0000    0.0000
   4234.28    0.0000   -0.0000    0.0000
   4235.31    0.0000   -0.0000    0.0000
   4236.35    0.0000   -0.0000    0.0000
   4237.38    0.0000   -0.0000    0.0000
   4238.41    0.0000   -0.0000    0.0000
   4239.44    0.0000   -0.0000    0.0000
   4240.48    0.0000   -0.0000    0.0000
   4241.51    0.0000   -0.0000    0.0000
   4242.54    0.0000    0.0000   -0.0000
   4243.57    0.0000    0.0000   -0.0000
   4244.61    0.0000    0.0000   -0.0000
   4245.64    0.0000    0.0000   -0.0000
   4246.67    0.0000    0.0000   -0.0000
   4247.70    0.0000    0.0000   -0.0000
   4248.74    0.0000    0.0000   -0.0000
   4249.77    0.0000    0.0000   -0.0000
   4250.80    0.0000    0.0000    0.0000
   4251.83    0.0000   -0.0000    0.0000
   4252.87    0.0000   -0.0000    0.0000
   4253.90    0.0000   -0.0000    0.0000
   4254.93    0.0000   -0.0000    0.0000
   4255.96    0.0000   -0.0000    0.0000
   4257.00    0.0000   -0.0000    0.0000
   4258.03    0.0000   -0.0000    0.0000
   4259.06    0.0000    0.0000   -0.0000
   4260.09    0.0000    0.0000   -0.0000
   4261.13    0.0000    0.0000   -0.0000
   4262.16    0.0000    0.0000   -0.0000
   4263.19    0.0000    0.0000   -0.0000
   4264.22    0.0000    0.0000   -0.0001
   4265.26    0.0000    0.0000   -0.0001
   4266.29    0.0000    0.0000   -0.0000
   4267.32    0.0000    0.0000   -0.0000
   4268.35    0.0000    0.0000   -0.0000
   4269.39    0.0000   -0.0000   -0.0000
   4270.42    0.0000   -0.0000    0.0000
   4271.45    0.0000   -0.0000    0.0000
   4272.48    0.0000   -0.0000    0.0000
   4273.52    0.0000   -0.0000    0.0001
   4274.55    0.0000   -0.0000    0.0001
   4275.58    0.0000   -0.0000    0.0001
   4276.61    0.0000   -0.0000    0.0001
   4277.65    0.0000   -0.0000    0.0001
   4278.68    0.0000   -0.0000    0.0000
   4279.71    0.0000    0.0000    0.0000
   4280.74    0.0000    0.0000    0.0000
   4281.78    0.0000    0.0000   -0.0000
   4282.81    0.0000    0.0000   -0.0001
   4283.84    0.0000    0.0000   -0.0001
   4284.87    0.0000    0.0000   -0.0001
   4285.91    0.0000    0.0000   -0.0001
   4286.94    0.0000    0.0000   -0.0001
   4287.97    0.0000    0.0000   -0.0001
   4289.00    0.0000    0.0000   -0.0001
   4290.04    0.0000    0.0000   -0.0001
   4291.07    0.0000   -0.0000   -0.0000
   4292.10    0.0000   -0.0000    0.0000
   4293.13    0.0000   -0.0000    0.0000
   4294.17    0.0000   -0.0000    0.0001
   4295.20    0.0000   -0.0000    0.0001
   4296.23    0.0000   -0.0000    0.0001
   4297.26    0.0000   -0.0000    0.0001
   4298.30    0.0000   -0.0000    0.0001
   4299.33    0.0000   -0.0000    0.0001
   4300.36    0.0000   -0.0000    0.0001
   4301.39    0.0000    0.0000    0.0000
   4302.43    0.0000    0.0000    0.0000
   4303.46    0.0000    0.0000    0.0000
   4304.49    0.0000    0.0000   -0.0000
   4305.52    0.0000    0.0000   -0.0000
   4306.56    0.0000    0.0000   -0.0001
   4307.59    0.0000    0.0000   -0.0001
   4308.62    0.0000    0.0000   -0.0001
   4309.65    0.0000    0.0000   -0.0001
   4310.69    0.0000    0.0000   -0.0001
   4311.72    0.0000    0.0000   -0.0001
   4312.75    0.0000    0.0000   -0.0001
   4313.78    0.0000    0.0000   -0.0001
   4314.82    0.0000   -0.0000   -0.0000
   4315.85    0.0000   -0.0000   -0.0000
   4316.88    0.0000   -0.0000    0.0000
   4317.91    0.0000   -0.0000    0.0000
   4318.95    0.0000   -0.0000    0.0001
   4319.98    0.0000   -0.0000    0.0001
   4321.01    0.0000   -0.0000    0.0001
   4322.04    0.0000   -0.0000    0.0001
   4323.08    0.0000   -0.0000    0.0001
   4324.11    0.0000   -0.0000    0.0001
   4325.14    0.0000   -0.0000    0.0001
   4326.17    0.0000   -0.0000    0.0001
   4327.21    0.0000   -0.0000    0.0001
   4328.24    0.0000    0.0000    0.0000
   4329.27    0.0000    0.0000    0.0000
   4330.30    0.0000    0.0000   -0.0000
   4331.34    0.0000    0.0000   -0.0000
   4332.37    0.0000    0.0000   -0.0000
   4333.40    0.0000    0.0000   -0.0001
   4334.43    0.0000    0.0000   -0.0001
   4335.47    0.0000    0.0000   -0.0001
   4336.50    0.0000    0.0000   -0.0001
   4337.53    0.0000    0.0000   -0.0001
   4338.56    0.0000    0.0000   -0.0001
   4339.60    0.0000    0.0000   -0.0001
   4340.63    0.0000    0.0000   -0.0001
   4341.66    0.0000    0.0000   -0.0000
   4342.69    0.0000   -0.0000   -0.0000
   4343.73    0.0000   -0.0000   -0.0000
   4344.76    0.0000   -0.0000    0.0000
   4345.79    0.0000   -0.0000    0.0000
   4346.82    0.0000   -0.0000    0.0001
   4347.86    0.0000   -0.0000    0.0001
   4348.89    0.0000   -0.0000    0.0001
   4349.92    0.0000   -0.0000    0.0001
   4350.95    0.0000   -0.0000    0.0001
   4351.99    0.0000   -0.0000    0.0001
   4353.02    0.0000   -0.0000    0.0001
   4354.05    0.0000   -0.0000    0.0001
   4355.08    0.0000   -0.0000    0.0001
   4356.12    0.0000   -0.0000    0.0001
   4357.15    0.0000    0.0000    0.0000
   4358.18    0.0000    0.0000    0.0000
   4359.21    0.0000    0.0000    0.0000
   4360.25    0.0000    0.0000   -0.0000
   4361.28    0.0000    0.0000   -0.0000
   4362.31    0.0000    0.0000   -0.0001
   4363.34    0.0000    0.0000   -0.0001
   4364.38    0.0000    0.0000   -0.0001
   4365.41    0.0000    0.0000   -0.0001
   4366.44    0.0000    0.0000   -0.0001
   4367.47    0.0000    0.0000   -0.0001
   4368.51    0.0000    0.0000   -0.0001
   4369.54    0.0000    0.0000   -0.0001
   4370.57    0.0000    0.0000   -0.0001
   4371.60    0.0000    0.0000   -0.0001
   4372.64    0.0000    0.0000   -0.0001
   4373.67    0.0000    0.0000   -0.0000
   4374.70    0.0000   -0.0000   -0.0000
   4375.73    0.0000   -0.0000   -0.0000
   4376.77    0.0000   -0.0000    0.0000
   4377.80    0.0000   -0.0000    0.0000
   4378.83    0.0000   -0.0000    0.0000
   4379.86    0.0000   -0.0000    0.0001
   4380.90    0.0000   -0.0000    0.0001
   4381.93    0.0000   -0.0000    0.0001
   4382.96    0.0000   -0.0000    0.0001
   4383.99    0.0000   -0.0000    0.0001
   4385.03    0.0000   -0.0000    0.0001
   4386.06    0.0000   -0.0000    0.0001
   4387.09    0.0000   -0.0000    0.0001
   4388.12    0.0000   -0.0000    0.0001
   4389.16    0.0000   -0.0000    0.0001
   4390.19    0.0000   -0.0000    0.0000
   4391.22    0.0000   -0.0000    0.0000
   4392.25    0.0000    0.0000    0.0000
   4393.29    0.0000    0.0000    0.0000
   4394.32    0.0000    0.0000   -0.0000
   4395.35    0.0000    0.0000   -0.0000
   4396.38    0.0000    0.0000   -0.0000
   4397.42    0.0000    0.0000   -0.0001
   4398.45    0.0000    0.0000   -0.0001
   4399.48    0.0000    0.0000   -0.0001
   4400.51    0.0000    0.0000   -0.0001
   4401.55    0.0000    0.0000   -0.0001
   4402.58    0.0000    0.0000   -0.0001
   4403.61    0.0000    0.0000   -0.0001
   4404.64    0.0000    0.0000   -0.0001
   4405.68    0.0000    0.0000   -0.0001
   4406.71    0.0000    0.0000   -0.0001
   4407.74    0.0000    0.0000   -0.0000
   4408.77    0.0000    0.0000   -0.0000
   4409.81    0.0000   -0.0000   -0.0000
   4410.84    0.0000   -0.0000    0.0000
   4411.87    0.0000   -0.0000    0.0000
   4412.90    0.0000   -0.0000    0.0000
   4413.94    0.0000   -0.0000    0.0000
   4414.97    0.0000   -0.0000    0.0001
   4416.00    0.0000   -0.0000    0.0001
   4417.03    0.0000   -0.0000    0.0001
   4418.07    0.0000   -0.0000    0.0001
   4419.10    0.0000   -0.0000    0.0001
   4420.13    0.0000   -0.0000    0.0001
   4421.16    0.0000   -0.0000    0.0001
   4422.20    0.0000   -0.0000    0.0001
   4423.23    0.0000   -0.0000    0.0001
   4424.26    0.0000   -0.0000    0.0001
   4425.29    0.0000   -0.0000    0.0000
   4426.33    0.0000   -0.0000    0.0000
   4427.36    0.0000    0.0000    0.0000
   4428.39    0.0000    0.0000    0.0000
   4429.42    0.0000    0.0000   -0.0000
   4430.46    0.0000    0.0000   -0.0000
   4431.49    0.0000    0.0000   -0.0000
   4432.52    0.0000    0.0000   -0.0000
   4433.55    0.0000    0.0000   -0.0001
   4434.59    0.0000    0.0000   -0.0001
   4435.62    0.0000    0.0000   -0.0001
   4436.65    0.0000    0.0000   -0.0001
   4437.68    0.0000    0.0000   -0.0001
   4438.72    0.0000    0.0000   -0.0001
   4439.75    0.0000    0.0000   -0.0001
   4440.78    0.0000    0.0000   -0.0001
   4441.81    0.0000    0.0000   -0.0001
   4442.85    0.0000    0.0000   -0.0000
   4443.88    0.0000    0.0000   -0.0000
   4444.91    0.0000   -0.0000   -0.0000
   4445.94    0.0000   -0.0000   -0.0000
   4446.98    0.0000   -0.0000   -0.0000
   4448.01    0.0000   -0.0000    0.0000
   4449.04    0.0000   -0.0000    0.0000
   4450.07    0.0000   -0.0000    0.0000
   4451.11    0.0000   -0.0000    0.0000
   4452.14    0.0000   -0.0000    0.0000
   4453.17    0.0000   -0.0000    0.0001
   4454.20    0.0000   -0.0000    0.0001
   4455.24    0.0000   -0.0000    0.0001
   4456.27    0.0000   -0.0000    0.0001
   4457.30    0.0000   -0.0000    0.0001
   4458.33    0.0000   -0.0000    0.0001
   4459.37    0.0000   -0.0000    0.0001
   4460.40    0.0000   -0.0000    0.0001
   4461.43    0.0000   -0.0000    0.0000
   4462.46    0.0000   -0.0000    0.0000
   4463.50    0.0000    0.0000    0.0000
   4464.53    0.0000    0.0000    0.0000
   4465.56    0.0000    0.0000    0.0000
   4466.59    0.0000    0.0000   -0.0000
   4467.63    0.0000    0.0000   -0.0000
   4468.66    0.0000    0.0000   -0.0000
   4469.69    0.0000    0.0000   -0.0000
   4470.72    0.0000    0.0000   -0.0000
   4471.76    0.0000    0.0000   -0.0001
   4472.79    0.0000    0.0000   -0.0001
   4473.82    0.0000    0.0000   -0.0001
   4474.85    0.0000    0.0000   -0.0001
   4475.89    0.0000    0.0000   -0.0001
   4476.92    0.0000    0.0000   -0.0001
   4477.95    0.0000    0.0000   -0.0000
   4478.98    0.0000    0.0000   -0.0000
   4480.02    0.0000   -0.0000   -0.0000
   4481.05    0.0000   -0.0000   -0.0000
   4482.08    0.0000   -0.0000   -0.0000
   4483.11    0.0000   -0.0000   -0.0000
   4484.15    0.0000   -0.0000   -0.0000
   4485.18    0.0000   -0.0000    0.0000
   4486.21    0.0000   -0.0000    0.0000
   4487.24    0.0000   -0.0000    0.0000
   4488.28    0.0000   -0.0000    0.0000
   4489.31    0.0000   -0.0000    0.0000
   4490.34    0.0000   -0.0000    0.0000
   4491.37    0.0000   -0.0000    0.0000
   4492.41    0.0000   -0.0000    0.0001
   4493.44    0.0000   -0.0000    0.0001
   4494.47    0.0000   -0.0000    0.0001
   4495.50    0.0000   -0.0000    0.0001
   4496.54    0.0000   -0.0000    0.0001
   4497.57    0.0000   -0.0000    0.0001
   4498.60    0.0000   -0.0000    0.0000
   4499.63    0.0000   -0.0000    0.0000
   4500.67    0.0000   -0.0000    0.0000
   4501.70    0.0000    0.0000    0.0000
   4502.73    0.0000    0.0000    0.0000
   4503.76    0.0000    0.0000   -0.0000
   4504.80    0.0000    0.0000   -0.0000
   4505.83    0.0000    0.0000   -0.0000
   4506.86    0.0000    0.0000   -0.0000
   4507.89    0.0000    0.0000   -0.0000
   4508.93    0.0000    0.0000   -0.0001
   4509.96    0.0000    0.0000   -0.0001
   4510.99    0.0000    0.0000   -0.0001
   4512.02    0.0000    0.0000   -0.0001
   4513.06    0.0000    0.0000   -0.0001
   4514.09    0.0000    0.0000   -0.0001
   4515.12    0.0000    0.0000   -0.0000
   4516.15    0.0000    0.0000   -0.0000
   4517.19    0.0000    0.0000   -0.0000
   4518.22    0.0000   -0.0000   -0.0000
   4519.25    0.0000   -0.0000   -0.0000
   4520.28    0.0000   -0.0000   -0.0000
   4521.32    0.0000   -0.0000   -0.0000
   4522.35    0.0000   -0.0000    0.0000
   4523.38    0.0000   -0.0000    0.0000
   4524.41    0.0000   -0.0000    0.0000
   4525.45    0.0000   -0.0000    0.0000
   4526.48    0.0000   -0.0000    0.0000
   4527.51    0.0000   -0.0000    0.0001
   4528.54    0.0000   -0.0000    0.0001
   4529.58    0.0000   -0.0000    0.0001
   4530.61    0.0000   -0.0000    0.0001
   4531.64    0.0000   -0.0000    0.0001
   4532.67    0.0000   -0.0000    0.0001
   4533.71    0.0000   -0.0000    0.0001
   4534.74    0.0000   -0.0000    0.0000
   4535.77    0.0000    0.0000    0.0000
   4536.80    0.0000    0.0000    0.0000
   4537.84    0.0000    0.0000    0.0000
   4538.87    0.0000    0.0000    0.0000
   4539.90    0.0000    0.0000   -0.0000
   4540.93    0.0000    0.0000   -0.0000
   4541.97    0.0000    0.0000   -0.0000
   4543.00    0.0000    0.0000   -0.0000
   4544.03    0.0000    0.0000   -0.0000
   4545.06    0.0000    0.0000   -0.0000
   4546.10    0.0000    0.0000   -0.0001
   4547.13    0.0000    0.0000   -0.0001
   4548.16    0.0000    0.0000   -0.0001
   4549.19    0.0000    0.0000   -0.0001
   4550.23    0.0000    0.0000   -0.0001
   4551.26    0.0000    0.0000   -0.0001
   4552.29    0.0000    0.0000   -0.0001
   4553.32    0.0000    0.0000   -0.0000
   4554.36    0.0000   -0.0000   -0.0000
   4555.39    0.0000   -0.0000   -0.0000
   4556.42    0.0000   -0.0000   -0.0000
   4557.45    0.0000   -0.0000   -0.0000
   4558.49    0.0000   -0.0000    0.0000
   4559.52    0.0000   -0.0000    0.0000
   4560.55    0.0000   -0.0000    0.0000
   4561.58    0.0000   -0.0000    0.0000
   4562.62    0.0000   -0.0000    0.0000
   4563.65    0.0000   -0.0000    0.0001
   4564.68    0.0000   -0.0000    0.0001
   4565.71    0.0000   -0.0000    0.0001
   4566.75    0.0000   -0.0000    0.0001
   4567.78    0.0000   -0.0000    0.0001
   4568.81    0.0000   -0.0000    0.0001
   4569.84    0.0000   -0.0000    0.0001
   4570.88    0.0000   -0.0000    0.0000
   4571.91    0.0000   -0.0000    0.0000
   4572.94    0.0000   -0.0000    0.0000
   4573.97    0.0000    0.0000    0.0000
   4575.01    0.0000    0.0000    0.0000
   4576.04    0.0000    0.0000    0.0000
   4577.07    0.0000    0.0000   -0.0000
   4578.10    0.0000    0.0000   -0.0000
   4579.14    0.0000    0.0000   -0.0000
   4580.17    0.0000    0.0000   -0.0000
   4581.20    0.0000    0.0000   -0.0000
   4582.23    0.0000    0.0000   -0.0001
   4583.27    0.0000    0.0000   -0.0001
   4584.30    0.0000    0.0000   -0.0001
   4585.33    0.0000    0.0000   -0.0001
   4586.36    0.0000    0.0000   -0.0001
   4587.40    0.0000    0.0000   -0.0001
   4588.43    0.0000    0.0000   -0.0001
   4589.46    0.0000    0.0000   -0.0000
   4590.49    0.0000    0.0000   -0.0000
   4591.53    0.0000    0.0000   -0.0000
   4592.56    0.0000    0.0000   -0.0000
   4593.59    0.0000   -0.0000   -0.0000
   4594.62    0.0000   -0.0000    0.0000
   4595.66    0.0000   -0.0000    0.0000
   4596.69    0.0000   -0.0000    0.0000
   4597.72    0.0000   -0.0000    0.0000
   4598.75    0.0000   -0.0000    0.0000
   4599.79    0.0000   -0.0000    0.0001
   4600.82    0.0000   -0.0000    0.0001
   4601.85    0.0000   -0.0000    0.0001
   4602.88    0.0000   -0.0000    0.0001
   4603.92    0.0000   -0.0000    0.0001
   4604.95    0.0000   -0.0000    0.0001
   4605.98    0.0000   -0.0000    0.0001
   4607.01    0.0000   -0.0000    0.0001
   4608.05    0.0000   -0.0000    0.0000
   4609.08    0.0000   -0.0000    0.0000
   4610.11    0.0000   -0.0000    0.0000
   4611.14    0.0000   -0.0000    0.0000
   4612.18    0.0000   -0.0000   -0.0000
   4613.21    0.0000   -0.0000   -0.0000
   4614.24    0.0000    0.0000   -0.0000
   4615.27    0.0000    0.0000   -0.0000
   4616.31    0.0000    0.0000   -0.0000
   4617.34    0.0000    0.0000   -0.0001
   4618.37    0.0000    0.0000   -0.0001
   4619.40    0.0000    0.0000   -0.0001
   4620.44    0.0000    0.0000   -0.0001
   4621.47    0.0000    0.0000   -0.0001
   4622.50    0.0000    0.0000   -0.0001
   4623.53    0.0000    0.0000   -0.0000
   4624.57    0.0000    0.0000   -0.0000
   4625.60    0.0000    0.0000   -0.0000
   4626.63    0.0000    0.0000   -0.0000
   4627.66    0.0000    0.0000   -0.0000
   4628.70    0.0000    0.0000   -0.0000
   4629.73    0.0000    0.0000    0.0000
   4630.76    0.0000   -0.0000    0.0000
   4631.79    0.0000   -0.0000    0.0000
   4632.83    0.0000   -0.0000    0.0000
   4633.86    0.0000   -0.0000    0.0001
   4634.89    0.0000   -0.0000    0.0001
   4635.92    0.0000   -0.0000    0.0001
   4636.96    0.0000   -0.0000    0.0001
   4637.99    0.0000   -0.0000    0.0001
   4639.02    0.0000   -0.0000    0.0000
   4640.05    0.0000   -0.0000    0.0000
   4641.09    0.0000   -0.0000    0.0000
   4642.12    0.0000   -0.0000    0.0000
   4643.15    0.0000   -0.0000    0.0000
   4644.18    0.0000    0.0000    0.0000
   4645.22    0.0000    0.0000   -0.0000
   4646.25    0.0000    0.0000   -0.0000
   4647.28    0.0000    0.0000   -0.0000
   4648.31    0.0000    0.0000   -0.0000
   4649.35    0.0000    0.0000   -0.0000
   4650.38    0.0000    0.0000   -0.0000
   4651.41    0.0000    0.0000   -0.0000
   4652.44    0.0000    0.0000   -0.0000
   4653.48    0.0000    0.0000   -0.0000
   4654.51    0.0000    0.0000   -0.0000
   4655.54    0.0000    0.0000   -0.0000
   4656.57    0.0000   -0.0000   -0.0000
   4657.61    0.0000   -0.0000   -0.0000
   4658.64    0.0000   -0.0000   -0.0000
   4659.67    0.0000   -0.0000    0.0000
   4660.70    0.0000   -0.0000    0.0000
   4661.74    0.0000   -0.0000    0.0000
   4662.77    0.0000   -0.0000    0.0000
   4663.80    0.0000   -0.0000    0.0000
   4664.83    0.0000   -0.0000    0.0000
   4665.87    0.0000   -0.0000    0.0000
   4666.90    0.0000   -0.0000    0.0000
   4667.93    0.0000    0.0000    0.0000
   4668.96    0.0000    0.0000    0.0000
   4670.00    0.0000    0.0000    0.0000
   4671.03    0.0000    0.0000    0.0000
   4672.06    0.0000    0.0000    0.0000
   4673.09    0.0000    0.0000    0.0000
   4674.13    0.0000    0.0000   -0.0000
   4675.16    0.0000    0.0000   -0.0000
   4676.19    0.0000    0.0000   -0.0000
   4677.22    0.0000    0.0000   -0.0000
   4678.26    0.0000    0.0000   -0.0001
   4679.29    0.0000    0.0000   -0.0001
   4680.32    0.0000    0.0000   -0.0001
   4681.35    0.0000    0.0000   -0.0000
   4682.39    0.0000    0.0000   -0.0000
   4683.42    0.0000   -0.0000   -0.0000
   4684.45    0.0000    0.0000   -0.0000
   4685.48    0.0000    0.0000    0.0000
   4686.52    0.0000    0.0000    0.0000
   4687.55    0.0000    0.0000    0.0000
   4688.58    0.0000    0.0000    0.0000
   4689.61    0.0000    0.0000    0.0000
   4690.65    0.0000   -0.0000    0.0000
   4691.68    0.0000   -0.0000   -0.0000
   4692.71    0.0000   -0.0000   -0.0000
   4693.74    0.0000   -0.0000   -0.0001
   4694.78    0.0000   -0.0000   -0.0000
   4695.81    0.0000    0.0000   -0.0000
   4696.84    0.0000    0.0000   -0.0000
   4697.87    0.0000    0.0000    0.0000
   4698.91    0.0000    0.0000    0.0000
   4699.94    0.0000    0.0000    0.0000
   4700.97    0.0000    0.0000    0.0001
   4702.00    0.0000   -0.0000    0.0000
   4703.04    0.0000   -0.0000    0.0000
   4704.07    0.0000   -0.0000    0.0000
   4705.10    0.0000   -0.0000   -0.0000
   4706.13    0.0000   -0.0000   -0.0000
   4707.17    0.0000   -0.0000   -0.0000
   4708.20    0.0000   -0.0000   -0.0000
   4709.23    0.0000    0.0000   -0.0000
   4710.26    0.0000    0.0000   -0.0000
   4711.30    0.0000    0.0000   -0.0000
   4712.33    0.0000    0.0000    0.0000
   4713.36    0.0000    0.0000    0.0000
   4714.39    0.0000    0.0000    0.0000
   4715.43    0.0000   -0.0000    0.0000
   4716.46    0.0000   -0.0000    0.0000
   4717.49    0.0000   -0.0000    0.0000
   4718.52    0.0000   -0.0000    0.0000
   4719.56    0.0000   -0.0000    0.0000
   4720.59    0.0000   -0.0000    0.0000
   4721.62    0.0000   -0.0000    0.0000
   4722.65    0.0000    0.0000    0.0000
   4723.69    0.0000    0.0000   -0.0000
   4724.72    0.0000    0.0000   -0.0000
   4725.75    0.0000    0.0001   -0.0000
   4726.78    0.0000    0.0001   -0.0000
   4727.82    0.0000    0.0001   -0.0000
   4728.85    0.0000    0.0000   -0.0000
   4729.88    0.0000    0.0000   -0.0000
   4730.91    0.0000    0.0000   -0.0000
   4731.95    0.0000   -0.0000    0.0000
   4732.98    0.0000   -0.0000    0.0000
   4734.01    0.0000   -0.0001    0.0000
   4735.04    0.0000   -0.0001    0.0000
   4736.08    0.0000   -0.0001    0.0000
   4737.11    0.0000   -0.0000    0.0000
   4738.14    0.0000   -0.0000    0.0000
   4739.17    0.0000   -0.0000    0.0000
   4740.21    0.0000    0.0000    0.0000
   4741.24    0.0000    0.0000    0.0000
   4742.27    0.0000    0.0001   -0.0000
   4743.30    0.0000    0.0001   -0.0000
   4744.34    0.0000    0.0001   -0.0000
   4745.37    0.0000    0.0000   -0.0000
   4746.40    0.0000    0.0000   -0.0000
   4747.43    0.0000   -0.0000   -0.0000
   4748.47    0.0000   -0.0000   -0.0000
   4749.50    0.0000   -0.0000   -0.0000
   4750.53    0.0000   -0.0001   -0.0000
   4751.56    0.0000   -0.0000   -0.0000
   4752.60    0.0000   -0.0000   -0.0000
   4753.63    0.0000   -0.0000    0.0000
   4754.66    0.0000    0.0000    0.0000
   4755.69    0.0000    0.0000    0.0000
   4756.73    0.0000    0.0000    0.0000
   4757.76    0.0000    0.0000    0.0000
   4758.79    0.0000    0.0000    0.0000
   4759.82    0.0000    0.0000   -0.0000
   4760.86    0.0000    0.0000   -0.0000
   4761.89    0.0000   -0.0000   -0.0000
   4762.92    0.0000   -0.0000   -0.0000
   4763.95    0.0000   -0.0000   -0.0000
   4764.99    0.0000   -0.0000   -0.0000
   4766.02    0.0000   -0.0000   -0.0000
   4767.05    0.0000   -0.0000   -0.0000
   4768.08    0.0000   -0.0000    0.0000
   4769.12    0.0000   -0.0000    0.0000
   4770.15    0.0000   -0.0000    0.0000
   4771.18    0.0000   -0.0000    0.0000
   4772.21    0.0000   -0.0000    0.0000
   4773.25    0.0000   -0.0000    0.0000
   4774.28    0.0000   -0.0000    0.0000
   4775.31    0.0000   -0.0000    0.0000
   4776.34    0.0000   -0.0000   -0.0000
   4777.38    0.0000   -0.0000   -0.0000
   4778.41    0.0000   -0.0000   -0.0000
   4779.44    0.0000   -0.0000   -0.0000
   4780.47    0.0000   -0.0000   -0.0000
   4781.51    0.0000   -0.0000   -0.0000
   4782.54    0.0000   -0.0000   -0.0000
   4783.57    0.0000    0.0000   -0.0000
   4784.60    0.0000    0.0000   -0.0000
   4785.64    0.0000    0.0000   -0.0000
   4786.67    0.0000    0.0000   -0.0000
   4787.70    0.0000    0.0000   -0.0000
   4788.73    0.0000   -0.0000   -0.0000
   4789.77    0.0000   -0.0000   -0.0000
   4790.80    0.0000   -0.0000   -0.0000
   4791.83    0.0000   -0.0000   -0.0000
   4792.86    0.0000   -0.0000   -0.0000
   4793.90    0.0000   -0.0000   -0.0000
   4794.93    0.0000   -0.0000   -0.0000
   4795.96    0.0000   -0.0000   -0.0000
   4796.99    0.0000   -0.0000   -0.0000
   4798.03    0.0000   -0.0000   -0.0000
   4799.06    0.0000   -0.0000   -0.0000
   4800.09    0.0000   -0.0000   -0.0000
   4801.12    0.0000   -0.0000   -0.0000
   4802.16    0.0000   -0.0000   -0.0000
   4803.19    0.0000   -0.0000   -0.0000
   4804.22    0.0000   -0.0000   -0.0000
   4805.25    0.0000   -0.0000   -0.0000
   4806.29    0.0000   -0.0000   -0.0000
   4807.32    0.0000   -0.0000   -0.0000
   4808.35    0.0000   -0.0000   -0.0000
   4809.38    0.0000   -0.0000   -0.0000
   4810.42    0.0000   -0.0000   -0.0000
   4811.45    0.0000    0.0000   -0.0000
   4812.48    0.0000    0.0000   -0.0000
   4813.51    0.0000    0.0000   -0.0000
   4814.55    0.0000    0.0000   -0.0000
   4815.58    0.0000   -0.0000   -0.0000
   4816.61    0.0000   -0.0000   -0.0000
   4817.64    0.0000   -0.0000   -0.0000
   4818.68    0.0000   -0.0000   -0.0000
   4819.71    0.0000   -0.0000   -0.0000
   4820.74    0.0000   -0.0000   -0.0000
   4821.77    0.0000   -0.0000   -0.0000
   4822.81    0.0000   -0.0000   -0.0000
   4823.84    0.0000   -0.0000   -0.0000
   4824.87    0.0000   -0.0000   -0.0000
   4825.90    0.0000   -0.0000   -0.0000
   4826.94    0.0000   -0.0000   -0.0000
   4827.97    0.0000   -0.0000   -0.0000
   4829.00    0.0000   -0.0000   -0.0000
   4830.03    0.0000   -0.0000   -0.0000
   4831.07    0.0000   -0.0000   -0.0000
   4832.10    0.0000   -0.0000   -0.0000
   4833.13    0.0000   -0.0000   -0.0000
   4834.16    0.0000   -0.0000   -0.0000
   4835.20    0.0000   -0.0000   -0.0000
   4836.23    0.0000   -0.0000   -0.0000
   4837.26    0.0000   -0.0000   -0.0000
   4838.29    0.0000   -0.0000   -0.0000
   4839.33    0.0000   -0.0000   -0.0000
   4840.36    0.0000   -0.0000   -0.0000
   4841.39    0.0000   -0.0000   -0.0000
   4842.42    0.0000   -0.0000   -0.0000
   4843.46    0.0000   -0.0000   -0.0000
   4844.49    0.0000   -0.0000   -0.0000
   4845.52    0.0000   -0.0000   -0.0000
   4846.55    0.0000   -0.0000   -0.0000
   4847.59    0.0000   -0.0000   -0.0000
   4848.62    0.0000    0.0000   -0.0000
   4849.65    0.0000    0.0000   -0.0000
   4850.68    0.0000    0.0000   -0.0000
   4851.72    0.0000    0.0000   -0.0000
   4852.75    0.0000    0.0000   -0.0000
   4853.78    0.0000    0.0000   -0.0000
   4854.81    0.0000    0.0000   -0.0000
   4855.85    0.0000    0.0000   -0.0000
   4856.88    0.0000    0.0000   -0.0000
   4857.91    0.0000    0.0000   -0.0000
   4858.94    0.0000    0.0000   -0.0000
   4859.98    0.0000    0.0000   -0.0000
   4861.01    0.0000    0.0000   -0.0000
   4862.04    0.0000    0.0000   -0.0000
   4863.07    0.0000    0.0000   -0.0000
   4864.11    0.0000    0.0000   -0.0000
   4865.14    0.0000    0.0000   -0.0000
   4866.17    0.0000    0.0000   -0.0000
   4867.20    0.0000    0.0000   -0.0000
   4868.24    0.0000    0.0000   -0.0000
   4869.27    0.0000    0.0000   -0.0000
   4870.30    0.0000    0.0000   -0.0000
   4871.33    0.0000    0.0000   -0.0000
   4872.37    0.0000    0.0000   -0.0000
   4873.40    0.0000    0.0000   -0.0000
   4874.43    0.0000    0.0000   -0.0000
   4875.46    0.0000    0.0000   -0.0000
   4876.50    0.0000    0.0000   -0.0000
   4877.53    0.0000    0.0000   -0.0000
   4878.56    0.0000    0.0000   -0.0000
   4879.59    0.0000    0.0000   -0.0004
   4880.63    0.0000    0.0001   -0.0010
   4881.66    0.0000    0.0001   -0.0015
   4882.69    0.0000    0.0001   -0.0017
   4883.72    0.0000    0.0001   -0.0016
   4884.76    0.0000    0.0000   -0.0011
   4885.79    0.0000   -0.0000   -0.0005
   4886.82    0.0000   -0.0001    0.0001
   4887.85    0.0000   -0.0002    0.0008
   4888.89    0.0000   -0.0002    0.0012
   4889.92    0.0000   -0.0002    0.0014
   4890.95    0.0000   -0.0002    0.0013
   4891.98    0.0000   -0.0002    0.0010
   4893.02    0.0000   -0.0001    0.0004
   4894.05    0.0000   -0.0000   -0.0002
   4895.08    0.0000    0.0000   -0.0009
   4896.11    0.0000    0.0001   -0.0014
   4897.15    0.0000    0.0001   -0.0017
   4898.18    0.0000    0.0001   -0.0017
   4899.21    0.0000    0.0001   -0.0015
   4900.24    0.0000   -0.0000   -0.0011
   4901.28    0.0000   -0.0001   -0.0005
   4902.31    0.0000   -0.0002    0.0001
   4903.34    0.0000   -0.0003    0.0007
   4904.37    0.0000   -0.0003    0.0011
   4905.41    0.0000   -0.0003    0.0013
   4906.44    0.0000   -0.0003    0.0013
   4907.47    0.0000   -0.0003    0.0010
   4908.50    0.0000   -0.0002    0.0006
   4909.54    0.0000   -0.0001   -0.0000
   4910.57    0.0000   -0.0001   -0.0006
   4911.60    0.0000    0.0000   -0.0012
   4912.63    0.0000    0.0001   -0.0016
   4913.67    0.0000    0.0001   -0.0018
   4914.70    0.0000    0.0001   -0.0019
   4915.73    0.0000    0.0000   -0.0017
   4916.76    0.0000   -0.0001   -0.0013
   4917.80    0.0000   -0.0002   -0.0008
   4918.83    0.0000   -0.0003   -0.0003
   4919.86    0.0000   -0.0003    0.0002
   4920.89    0.0000   -0.0004    0.0007
   4921.93    0.0000   -0.0005    0.0010
   4922.96    0.0000   -0.0005    0.0011
   4923.99    0.0000   -0.0005    0.0011
   4925.02    0.0000   -0.0005    0.0008
   4926.06    0.0000   -0.0004    0.0004
   4927.09    0.0000   -0.0003   -0.0000
   4928.12    0.0000   -0.0002   -0.0006
   4929.15    0.0000   -0.0001   -0.0011
   4930.19    0.0000   -0.0001   -0.0016
   4931.22    0.0000   -0.0000   -0.0019
   4932.25    0.0000   -0.0000   -0.0021
   4933.28    0.0000   -0.0000   -0.0022
   4934.32    0.0000   -0.0001   -0.0021
   4935.35    0.0000   -0.0002   -0.0018
   4936.38    0.0000   -0.0002   -0.0014
   4937.41    0.0000   -0.0004   -0.0010
   4938.45    0.0000   -0.0005   -0.0005
   4939.48    0.0000   -0.0006   -0.0001
   4940.51    0.0000   -0.0007    0.0002
   4941.54    0.0000   -0.0007    0.0005
   4942.58    0.0000   -0.0008    0.0006
   4943.61    0.0000   -0.0008    0.0006
   4944.64    0.0000   -0.0008    0.0004
   4945.67    0.0000   -0.0007    0.0001
   4946.71    0.0000   -0.0006   -0.0002
   4947.74    0.0000   -0.0006   -0.0006
   4948.77    0.0000   -0.0005   -0.0011
   4949.80    0.0000   -0.0004   -0.0015
   4950.84    0.0000   -0.0003   -0.0019
   4951.87    0.0000   -0.0003   -0.0023
   4952.90    0.0000   -0.0003   -0.0025
   4953.93    0.0000   -0.0003   -0.0027
   4954.97    0.0000   -0.0003   -0.0028
   4956.00    0.0000   -0.0004   -0.0028
   4957.03    0.0000   -0.0004   -0.0027
   4958.06    0.0000   -0.0005   -0.0026
   4959.10    0.0000   -0.0006   -0.0023
   4960.13    0.0000   -0.0007   -0.0020
   4961.16    0.0000   -0.0008   -0.0017
   4962.19    0.0000   -0.0009   -0.0014
   4963.23    0.0000   -0.0010   -0.0012
   4964.26    0.0000   -0.0010   -0.0009
   4965.29    0.0000   -0.0011   -0.0008
   4966.32    0.0000   -0.0011   -0.0007
   4967.36    0.0000   -0.0011   -0.0006
   4968.39    0.0000   -0.0011   -0.0007
   4969.42    0.0000   -0.0011   -0.0009
   4970.45    0.0000   -0.0011   -0.0011
   4971.49    0.0000   -0.0010   -0.0015
   4972.52    0.0000   -0.0010   -0.0019
   4973.55    0.0000   -0.0009   -0.0023
   4974.58    0.0000   -0.0009   -0.0027
   4975.62    0.0000   -0.0008   -0.0032
   4976.65    0.0000   -0.0008   -0.0036
   4977.68    0.0000   -0.0007   -0.0040
   4978.71    0.0000   -0.0007   -0.0043
   4979.75    0.0000   -0.0007   -0.0046
   4980.78    0.0000   -0.0007   -0.0048
   4981.81    0.0000   -0.0007   -0.0049
   4982.84    0.0000   -0.0007   -0.0049
   4983.88    0.0000   -0.0008   -0.0049
   4984.91    0.0000   -0.0008   -0.0048
   4985.94    0.0000   -0.0009   -0.0047
   4986.97    0.0000   -0.0010   -0.0046
   4988.01    0.0000   -0.0010   -0.0044
   4989.04    0.0000   -0.0011   -0.0042
   4990.07    0.0000   -0.0012   -0.0040
   4991.10    0.0000   -0.0013   -0.0039
   4992.14    0.0000   -0.0013   -0.0038
   4993.17    0.0000   -0.0014   -0.0037
   4994.20    0.0000   -0.0014   -0.0037
   4995.23    0.0000   -0.0015   -0.0037
   4996.27    0.0000   -0.0015   -0.0037
   4997.30    0.0000   -0.0015   -0.0039
   4998.33    0.0000   -0.0015   -0.0041
   4999.36    0.0000   -0.0015   -0.0043
   5000.40    0.0000   -0.0015   -0.0046
   5001.43    0.0000   -0.0014   -0.0049
   5002.46    0.0000   -0.0014   -0.0053
   5003.49    0.0000   -0.0014   -0.0057
   5004.53    0.0000   -0.0013   -0.0061
   5005.56    0.0000   -0.0013   -0.0065
   5006.59    0.0000   -0.0013   -0.0069
   5007.62    0.0001   -0.0013   -0.0073
   5008.66    0.0001   -0.0013   -0.0077
   5009.69    0.0001   -0.0013   -0.0081
   5010.72    0.0001   -0.0013   -0.0085
   5011.75    0.0001   -0.0013   -0.0088
   5012.79    0.0001   -0.0013   -0.0091
   5013.82    0.0001   -0.0013   -0.0093
   5014.85    0.0001   -0.0013   -0.0095
   5015.88    0.0001   -0.0013   -0.0097
   5016.92    0.0001   -0.0013   -0.0098
   5017.95    0.0001   -0.0013   -0.0099
   5018.98    0.0001   -0.0013   -0.0100
   5020.01    0.0001   -0.0014   -0.0100
   5021.05    0.0001   -0.0014   -0.0100
   5022.08    0.0001   -0.0014   -0.0100
   5023.11    0.0001   -0.0015   -0.0100
   5024.14    0.0001   -0.0015   -0.0100
   5025.18    0.0001   -0.0015   -0.0100
   5026.21    0.0001   -0.0016   -0.0100
   5027.24    0.0001   -0.0016   -0.0100
   5028.27    0.0001   -0.0016   -0.0100
   5029.31    0.0001   -0.0017   -0.0101
   5030.34    0.0001   -0.0017   -0.0102
   5031.37    0.0001   -0.0017   -0.0103
   5032.40    0.0001   -0.0018   -0.0105
   5033.44    0.0001   -0.0018   -0.0107
   5034.47    0.0001   -0.0019   -0.0110
   5035.50    0.0001   -0.0019   -0.0113
   5036.53    0.0001   -0.0019   -0.0116
   5037.57    0.0001   -0.0020   -0.0120
   5038.60    0.0002   -0.0020   -0.0124
   5039.63    0.0002   -0.0021   -0.0128
   5040.66    0.0002   -0.0021   -0.0132
   5041.70    0.0002   -0.0021   -0.0137
   5042.73    0.0002   -0.0022   -0.0142
   5043.76    0.0002   -0.0022   -0.0147
   5044.79    0.0002   -0.0022   -0.0152
   5045.83    0.0003   -0.0022   -0.0157
   5046.86    0.0003   -0.0023   -0.0162
   5047.89    0.0003   -0.0023   -0.0167
   5048.92    0.0003   -0.0024   -0.0172
   5049.96    0.0003   -0.0024   -0.0176
   5050.99    0.0003   -0.0025   -0.0180
   5052.02    0.0003   -0.0025   -0.0184
   5053.05    0.0004   -0.0025   -0.0187
   5054.09    0.0004   -0.0026   -0.0191
   5055.12    0.0004   -0.0027   -0.0194
   5056.15    0.0004   -0.0027   -0.0196
   5057.18    0.0004   -0.0028   -0.0199
   5058.22    0.0004   -0.0028   -0.0201
   5059.25    0.0004   -0.0029   -0.0203
   5060.28    0.0004   -0.0030   -0.0204
   5061.31    0.0004   -0.0031   -0.0206
   5062.35    0.0004   -0.0032   -0.0207
   5063.38    0.0004   -0.0033   -0.0209
   5064.41    0.0005   -0.0034   -0.0210
   5065.44    0.0005   -0.0035   -0.0212
   5066.48    0.0005   -0.0036   -0.0213
   5067.51    0.0005   -0.0037   -0.0215
   5068.54    0.0005   -0.0038   -0.0217
   5069.57    0.0005   -0.0040   -0.0219
   5070.61    0.0005   -0.0041   -0.0222
   5071.64    0.0005   -0.0043   -0.0224
   5072.67    0.0005   -0.0044   -0.0228
   5073.70    0.0006   -0.0046   -0.0231
   5074.74    0.0006   -0.0048   -0.0235
   5075.77    0.0006   -0.0049   -0.0239
   5076.80    0.0006   -0.0051   -0.0243
   5077.83    0.0006   -0.0053   -0.0248
   5078.87    0.0007   -0.0055   -0.0254
   5079.90    0.0007   -0.0057   -0.0259
   5080.93    0.0007   -0.0058   -0.0265
   5081.96    0.0008   -0.0060   -0.0271
   5083.00    0.0008   -0.0062   -0.0277
   5084.03    0.0008   -0.0064   -0.0284
   5085.06    0.0009   -0.0066   -0.0290
   5086.09    0.0009   -0.0068   -0.0296
   5087.13    0.0010   -0.0069   -0.0303
   5088.16    0.0010   -0.0071   -0.0309
   5089.19    0.0010   -0.0073   -0.0315
   5090.22    0.0011   -0.0075   -0.0321
   5091.26    0.0011   -0.0077   -0.0327
   5092.29    0.0012   -0.0079   -0.0333
   5093.32    0.0012   -0.0081   -0.0338
   5094.35    0.0012   -0.0084   -0.0343
   5095.39    0.0013   -0.0086   -0.0348
   5096.42    0.0013   -0.0088   -0.0352
   5097.45    0.0014   -0.0091   -0.0357
   5098.48    0.0014   -0.0093   -0.0361
   5099.52    0.0014   -0.0096   -0.0364
   5100.55    0.0015   -0.0098   -0.0368
   5101.58    0.0015   -0.0101   -0.0371
   5102.61    0.0015   -0.0104   -0.0375
   5103.65    0.0015   -0.0107   -0.0378
   5104.68    0.0016   -0.0110   -0.0381
   5105.71    0.0016   -0.0114   -0.0385
   5106.74    0.0016   -0.0117   -0.0388
   5107.78    0.0017   -0.0120   -0.0392
   5108.81    0.0017   -0.0124   -0.0396
   5109.84    0.0018   -0.0128   -0.0401
   5110.87    0.0018   -0.0132   -0.0406
   5111.91    0.0019   -0.0136   -0.0411
   5112.94    0.0019   -0.0140   -0.0416
   5113.97    0.0020   -0.0144   -0.0422
   5115.00    0.0021   -0.0148   -0.0429
   5116.04    0.0021   -0.0152   -0.0435
   5117.07    0.0022   -0.0156   -0.0442
   5118.10    0.0023   -0.0160   -0.0450
   5119.13    0.0024   -0.0165   -0.0458
   5120.17    0.0025   -0.0169   -0.0466
   5121.20    0.0025   -0.0173   -0.0474
   5122.23    0.0026   -0.0177   -0.0482
   5123.26    0.0027   -0.0182   -0.0490
   5124.30    0.0028   -0.0186   -0.0498
   5125.33    0.0029   -0.0190   -0.0506
   5126.36    0.0030   -0.0194   -0.0514
   5127.39    0.0031   -0.0198   -0.0522
   5128.43    0.0032   -0.0202   -0.0529
   5129.46    0.0033   -0.0207   -0.0536
   5130.49    0.0034   -0.0211   -0.0543
   5131.52    0.0035   -0.0215   -0.0549
   5132.56    0.0036   -0.0219   -0.0555
   5133.59    0.0036   -0.0223   -0.0560
   5134.62    0.0037   -0.0228   -0.0565
   5135.65    0.0038   -0.0232   -0.0570
   5136.69    0.0039   -0.0237   -0.0575
   5137.72    0.0039   -0.0241   -0.0579
   5138.75    0.0040   -0.0246   -0.0584
   5139.78    0.0041   -0.0250   -0.0588
   5140.82    0.0042   -0.0255   -0.0592
   5141.85    0.0042   -0.0260   -0.0597
   5142.88    0.0043   -0.0265   -0.0602
   5143.91    0.0044   -0.0271   -0.0607
   5144.95    0.0045   -0.0276   -0.0612
   5145.98    0.0046   -0.0281   -0.0618
   5147.01    0.0047   -0.0287   -0.0624
   5148.04    0.0048   -0.0293   -0.0630
   5149.08    0.0049   -0.0298   -0.0637
   5150.11    0.0051   -0.0305   -0.0645
   5151.14    0.0052   -0.0311   -0.0653
   5152.17    0.0054   -0.0318   -0.0662
   5153.21    0.0056   -0.0325   -0.0670
   5154.24    0.0057   -0.0331   -0.0679
   5155.27    0.0059   -0.0338   -0.0687
   5156.30    0.0060   -0.0343   -0.0695
   5157.34    0.0061   -0.0349   -0.0702
   5158.37    0.0063   -0.0354   -0.0708
   5159.40    0.0064   -0.0359   -0.0714
   5160.43    0.0065   -0.0363   -0.0719
   5161.47    0.0066   -0.0367   -0.0723
   5162.50    0.0067   -0.0371   -0.0727
   5163.53    0.0067   -0.0375   -0.0731
   5164.56    0.0068   -0.0378   -0.0734
   5165.60    0.0069   -0.0382   -0.0737
   5166.63    0.0070   -0.0385   -0.0740
   5167.66    0.0070   -0.0389   -0.0743
   5168.69    0.0071   -0.0393   -0.0747
   5169.73    0.0072   -0.0397   -0.0751
   5170.76    0.0073   -0.0401   -0.0756
   5171.79    0.0075   -0.0406   -0.0762
   5172.82    0.0076   -0.0410   -0.0769
   5173.86    0.0077   -0.0415   -0.0776
   5174.89    0.0079   -0.0421   -0.0784
   5175.92    0.0081   -0.0426   -0.0792
   5176.95    0.0083   -0.0432   -0.0800
   5177.99    0.0084   -0.0438   -0.0808
   5179.02    0.0086   -0.0444   -0.0815
   5180.05    0.0088   -0.0450   -0.0822
   5181.08    0.0089   -0.0456   -0.0828
   5182.12    0.0091   -0.0461   -0.0833
   5183.15    0.0092   -0.0466   -0.0837
   5184.18    0.0093   -0.0470   -0.0840
   5185.21    0.0093   -0.0473   -0.0841
   5186.25    0.0094   -0.0476   -0.0842
   5187.28    0.0094   -0.0478   -0.0842
   5188.31    0.0094   -0.0479   -0.0843
   5189.34    0.0094   -0.0480   -0.0843
   5190.38    0.0094   -0.0481   -0.0844
   5191.41    0.0095   -0.0483   -0.0846
   5192.44    0.0096   -0.0484   -0.0850
   5193.47    0.0097   -0.0486   -0.0854
   5194.51    0.0098   -0.0489   -0.0861
   5195.54    0.0099   -0.0492   -0.0868
   5196.57    0.0101   -0.0495   -0.0875
   5197.60    0.0103   -0.0499   -0.0883
   5198.64    0.0104   -0.0503   -0.0889
   5199.67    0.0106   -0.0506   -0.0894
   5200.70    0.0107   -0.0510   -0.0898
   5201.73    0.0107   -0.0512   -0.0899
   5202.77    0.0107   -0.0515   -0.0899
   5203.80    0.0107   -0.0516   -0.0897
   5204.83    0.0107   -0.0516   -0.0895
   5205.86    0.0106   -0.0516   -0.0892
   5206.90    0.0106   -0.0516   -0.0891
   5207.93    0.0106   -0.0515   -0.0890
   5208.96    0.0106   -0.0515   -0.0892
   5209.99    0.0107   -0.0515   -0.0895
   5211.03    0.0107   -0.0515   -0.0899
   5212.06    0.0108   -0.0516   -0.0905
   5213.09    0.0110   -0.0518   -0.0910
   5214.12    0.0111   -0.0519   -0.0915
   5215.16    0.0111   -0.0521   -0.0918
   5216.19    0.0112   -0.0523   -0.0918
   5217.22    0.0111   -0.0524   -0.0917
   5218.25    0.0111   -0.0524   -0.0914
   5219.29    0.0110   -0.0523   -0.0909
   5220.32    0.0109   -0.0521   -0.0905
   5221.35    0.0108   -0.0519   -0.0902
   5222.38    0.0108   -0.0517   -0.0901
   5223.42    0.0108   -0.0515   -0.0902
   5224.45    0.0107   -0.0511   -0.0900
   5225.48    0.0099   -0.0486   -0.0866
   5226.51    0.0083   -0.0439   -0.0796
   5227.55    0.0062   -0.0373   -0.0695
   5228.58    0.0036   -0.0265   -0.0541
   5229.61    0.0006   -0.0076   -0.0242
   5230.64    0.0003    0.0133    0.0124
   5231.68    0.0028    0.0293    0.0435
   5232.71    0.0048    0.0354    0.0595
   5233.74    0.0040    0.0302    0.0559
   5234.77    0.0015    0.0158    0.0348
