     #Time      Norm      Real      Imag
   5198.64    0.0000    0.0002    0.0002
   5199.67    0.0000    0.0008    0.0006
   5200.70    0.0000    0.0013    0.0009
   5201.73    0.0000    0.0018    0.0013
   5202.77    0.0000    0.0023    0.0016
   5203.80    0.0000    0.0027    0.0020
   5204.83    0.0000    0.0032    0.0023
   5205.86    0.0000    0.0036    0.0027
   5206.90    0.0000    0.0040    0.0031
   5207.93    0.0000    0.0044    0.0035
   5208.96    0.0000    0.0047    0.0039
   5209.99    0.0000    0.0051    0.0043
   5211.03    0.0001    0.0055    0.0047
   5212.06    0.0001    0.0060    0.0050
   5213.09    0.0001    0.0065    0.0053
   5214.12    0.0001    0.0069    0.0056
   5215.16    0.0001    0.0074    0.0059
   5216.19    0.0001    0.0079    0.0061
   5217.22    0.0001    0.0084    0.0063
   5218.25    0.0001    0.0088    0.0065
   5219.29    0.0001    0.0091    0.0067
   5220.32    0.0001    0.0094    0.0069
   5221.35    0.0001    0.0097    0.0071
   5222.38    0.0002    0.0099    0.0074
   5223.42    0.0002    0.0101    0.0076
   5224.45    0.0002    0.0107    0.0069
   5225.48    0.0002    0.0117    0.0051
   5226.51    0.0002    0.0124    0.0033
   5227.55    0.0002    0.0129    0.0016
   5228.58    0.0002    0.0130    0.0000
   5229.61    0.0002    0.0125   -0.0014
   5230.64    0.0001    0.0110   -0.0025
   5231.68    0.0001    0.0086   -0.0034
   5232.71    0.0000    0.0056   -0.0042
   5233.74    0.0000    0.0023   -0.0049
   5234.77    0.0000   -0.0007   -0.0057
   5235.81    0.0001   -0.0030   -0.0067
   5236.84    0.0001   -0.0045   -0.0078
   5237.87    0.0001   -0.0054   -0.0090
   5238.90    0.0001   -0.0060   -0.0101
   5239.94    0.0002   -0.0067   -0.0111
   5240.97    0.0002   -0.0081   -0.0118
   5242.00    0.0003   -0.0102   -0.0122
   5243.03    0.0003   -0.0131   -0.0123
   5244.07    0.0004   -0.0165   -0.0123
   5245.10    0.0005   -0.0198   -0.0122
   5246.13    0.0007   -0.0227   -0.0122
   5247.16    0.0008   -0.0248   -0.0124
   5248.20    0.0008   -0.0259   -0.0129
   5249.23    0.0009   -0.0260   -0.0135
   5250.26    0.0009   -0.0256   -0.0141
   5251.29    0.0008   -0.0249   -0.0147
   5252.33    0.0008   -0.0245   -0.0150
   5253.36    0.0008   -0.0247   -0.0150
   5254.39    0.0009   -0.0255   -0.0146
   5255.42    0.0009   -0.0270   -0.0138
   5256.46    0.0010   -0.0288   -0.0130
   5257.49    0.0011   -0.0306   -0.0120
   5258.52    0.0011   -0.0319   -0.0113
   5259.55    0.0012   -0.0324   -0.0107
   5260.59    0.0011   -0.0319   -0.0104
   5261.62    0.0010   -0.0305   -0.0104
   5262.65    0.0009   -0.0285   -0.0105
   5263.68    0.0008   -0.0263   -0.0105
   5264.72    0.0007   -0.0242   -0.0104
   5265.75    0.0006   -0.0226   -0.0100
   5266.78    0.0005   -0.0209   -0.0090
   5267.81    0.0004   -0.0191   -0.0075
   5268.85    0.0003   -0.0170   -0.0055
   5269.88    0.0002   -0.0141   -0.0034
   5270.91    0.0001   -0.0102   -0.0012
   5271.94    0.0000   -0.0057    0.0017
   5272.98    0.0000   -0.0016    0.0047
   5274.01    0.0000    0.0026    0.0060
   5275.04    0.0001    0.0066    0.0050
   5276.07    0.0001    0.0106    0.0018
   5277.11    0.0002    0.0145   -0.0031
   5278.14    0.0004    0.0183   -0.0087
   5279.17    0.0007    0.0219   -0.0135
   5280.20    0.0009    0.0249   -0.0160
   5281.24    0.0009    0.0261   -0.0154
   5282.27    0.0007    0.0247   -0.0117
   5283.30    0.0005    0.0220   -0.0050
   5284.33    0.0004    0.0184    0.0041
   5285.37    0.0004    0.0146    0.0141
   5286.40    0.0007    0.0109    0.0238
   5287.43    0.0011    0.0079    0.0316
   5288.46    0.0014    0.0055    0.0364
   5289.50    0.0014    0.0039    0.0373
   5290.53    0.0012    0.0027    0.0341
   5291.56    0.0007    0.0016    0.0271
   5292.59    0.0003    0.0003    0.0171
   5293.63    0.0000   -0.0013    0.0057
   5294.66    0.0000   -0.0034   -0.0057
   5295.69    0.0003   -0.0059   -0.0152
   5296.72    0.0005   -0.0088   -0.0213
   5297.76    0.0007   -0.0119   -0.0232
   5298.79    0.0007   -0.0150   -0.0211
   5299.82    0.0006   -0.0175   -0.0157
