     #Time      Norm      Real      Imag
   3878.07    0.0000   -0.0000    0.0000
   3878.07    0.0000   -0.0002    0.0001
   3879.10    0.0000   -0.0003    0.0002
   3880.13    0.0000   -0.0005    0.0004
   3881.17    0.0000   -0.0007    0.0005
   3882.20    0.0000   -0.0008    0.0007
   3883.23    0.0000   -0.0009    0.0008
   3884.26    0.0000   -0.0010    0.0008
   3885.30    0.0000   -0.0010    0.0008
   3886.33    0.0000   -0.0009    0.0008
   3887.36    0.0000   -0.0008    0.0007
   3888.39    0.0000   -0.0006    0.0006
   3889.43    0.0000   -0.0005    0.0004
   3890.46    0.0000   -0.0003    0.0003
   3891.49    0.0000   -0.0001    0.0001
   3892.52    0.0000   -0.0000    0.0000
   3893.56    0.0000    0.0000   -0.0001
   3894.59    0.0000    0.0000   -0.0001
   3895.62    0.0000   -0.0001   -0.0000
   3896.65    0.0000   -0.0002    0.0001
   3897.69    0.0000   -0.0004    0.0002
   3898.72    0.0000   -0.0005    0.0004
   3899.75    0.0000   -0.0007    0.0006
   3900.78    0.0000   -0.0009    0.0007
   3901.82    0.0000   -0.0010    0.0008
   3902.85    0.0000   -0.0010    0.0009
   3903.88    0.0000   -0.0009    0.0008
   3904.91    0.0000   -0.0008    0.0008
   3905.95    0.0000   -0.0007    0.0006
   3906.98    0.0000   -0.0005    0.0004
   3908.01    0.0000   -0.0003    0.0003
   3909.04    0.0000   -0.0001    0.0001
   3910.08    0.0000   -0.0000   -0.0000
   3911.11    0.0000    0.0000   -0.0001
   3912.14    0.0000    0.0000   -0.0001
   3913.17    0.0000   -0.0001   -0.0000
   3914.21    0.0000   -0.0002    0.0001
   3915.24    0.0000   -0.0004    0.0003
   3916.27    0.0000   -0.0006    0.0005
   3917.30    0.0000   -0.0008    0.0007
   3918.34    0.0000   -0.0009    0.0008
   3919.37    0.0000   -0.0010    0.0009
   3920.40    0.0000   -0.0010    0.0009
   3921.43    0.0000   -0.0009    0.0008
   3922.47    0.0000   -0.0007    0.0007
   3923.50    0.0000   -0.0005    0.0005
   3924.53    0.0000   -0.0003    0.0003
   3925.56    0.0000   -0.0002    0.0001
   3926.60    0.0000   -0.0000   -0.0000
   3927.63    0.0000    0.0000   -0.0001
   3928.66    0.0000   -0.0000   -0.0001
   3929.69    0.0000   -0.0001    0.0000
   3930.73    0.0000   -0.0003    0.0002
   3931.76    0.0000   -0.0005    0.0004
   3932.79    0.0000   -0.0007    0.0006
   3933.82    0.0000   -0.0008    0.0007
   3934.86    0.0000   -0.0009    0.0009
   3935.89    0.0000   -0.0010    0.0009
   3936.92    0.0000   -0.0009    0.0009
   3937.95    0.0000   -0.0008    0.0007
   3938.99    0.0000   -0.0006    0.0005
   3940.02    0.0000   -0.0004    0.0003
   3941.05    0.0000   -0.0002    0.0001
   3942.08    0.0000   -0.0001   -0.0000
   3943.12    0.0000    0.0000   -0.0001
   3944.15    0.0000   -0.0000   -0.0001
   3945.18    0.0000   -0.0001    0.0000
   3946.21    0.0000   -0.0003    0.0002
   3947.25    0.0000   -0.0005    0.0004
   3948.28    0.0000   -0.0007    0.0006
   3949.31    0.0000   -0.0009    0.0008
   3950.34    0.0000   -0.0010    0.0009
   3951.38    0.0000   -0.0010    0.0009
   3952.41    0.0000   -0.0009    0.0008
   3953.44    0.0000   -0.0007    0.0007
   3954.47    0.0000   -0.0005    0.0004
   3955.51    0.0000   -0.0003    0.0002
   3956.54    0.0000   -0.0001    0.0000
   3957.57    0.0000   -0.0000   -0.0001
   3958.60    0.0000   -0.0000   -0.0001
   3959.64    0.0000   -0.0001    0.0000
   3960.67    0.0000   -0.0003    0.0002
   3961.70    0.0000   -0.0005    0.0004
   3962.73    0.0000   -0.0007    0.0007
   3963.77    0.0000   -0.0009    0.0009
   3964.80    0.0000   -0.0010    0.0010
   3965.83    0.0000   -0.0009    0.0009
   3966.86    0.0000   -0.0008    0.0008
   3967.90    0.0000   -0.0006    0.0006
   3968.93    0.0000   -0.0003    0.0003
   3969.96    0.0000   -0.0001    0.0001
   3970.99    0.0000   -0.0000   -0.0000
   3972.03    0.0000    0.0000   -0.0001
   3973.06    0.0000   -0.0001    0.0000
   3974.09    0.0000   -0.0003    0.0003
   3975.12    0.0000   -0.0005    0.0005
   3976.16    0.0000   -0.0008    0.0008
   3977.19    0.0000   -0.0009    0.0010
   3978.22    0.0000   -0.0009    0.0010
   3979.25    0.0000   -0.0008    0.0010
   3980.29    0.0000   -0.0006    0.0007
   3981.32    0.0000   -0.0004    0.0005
   3982.35    0.0000   -0.0001    0.0002
   3983.38    0.0000    0.0000    0.0000
   3984.42    0.0000    0.0001    0.0000
   3985.45    0.0000   -0.0001    0.0002
   3986.48    0.0000   -0.0003    0.0005
   3987.51    0.0000   -0.0006    0.0008
   3988.55    0.0000   -0.0008    0.0010
   3989.58    0.0000   -0.0009    0.0012
   3990.61    0.0000   -0.0008    0.0011
   3991.64    0.0000   -0.0006    0.0009
   3992.68    0.0000   -0.0002    0.0005
   3993.71    0.0000    0.0000    0.0002
   3994.74    0.0000    0.0002    0.0001
   3995.77    0.0000    0.0001    0.0002
   3996.81    0.0000   -0.0001    0.0004
   3997.84    0.0000   -0.0002    0.0007
   3998.87    0.0000   -0.0004    0.0010
   3999.90    0.0000   -0.0006    0.0013
   4000.94    0.0000   -0.0007    0.0014
   4001.97    0.0000   -0.0007    0.0014
   4003.00    0.0000   -0.0007    0.0014
   4004.03    0.0000   -0.0007    0.0014
   4005.07    0.0000   -0.0008    0.0014
   4006.10    0.0000   -0.0008    0.0013
   4007.13    0.0000   -0.0008    0.0013
   4008.16    0.0000   -0.0008    0.0013
   4009.20    0.0000   -0.0008    0.0013
   4010.23    0.0000   -0.0008    0.0012
   4011.26    0.0000   -0.0008    0.0012
   4012.29    0.0000   -0.0008    0.0012
   4013.33    0.0000   -0.0008    0.0011
   4014.36    0.0000   -0.0007    0.0011
   4015.39    0.0000   -0.0007    0.0010
   4016.42    0.0000   -0.0007    0.0010
   4017.46    0.0000   -0.0007    0.0009
   4018.49    0.0000   -0.0006    0.0008
   4019.52    0.0000   -0.0006    0.0007
   4020.55    0.0000   -0.0006    0.0006
   4021.59    0.0000   -0.0005    0.0005
   4022.62    0.0000   -0.0004    0.0004
   4023.65    0.0000   -0.0004    0.0003
   4024.68    0.0000   -0.0003    0.0002
   4025.72    0.0000   -0.0002    0.0001
   4026.75    0.0000   -0.0002   -0.0000
   4027.78    0.0000   -0.0001   -0.0002
   4028.81    0.0000    0.0000   -0.0003
   4029.85    0.0000    0.0001   -0.0004
   4030.88    0.0000    0.0002   -0.0005
   4031.91    0.0000    0.0003   -0.0006
   4032.94    0.0000    0.0004   -0.0007
   4033.98    0.0000    0.0004   -0.0008
   4035.01    0.0000    0.0005   -0.0009
   4036.04    0.0000    0.0006   -0.0010
   4037.07    0.0000    0.0007   -0.0010
   4038.11    0.0000    0.0008   -0.0011
   4039.14    0.0000    0.0008   -0.0011
   4040.17    0.0000    0.0008   -0.0010
   4041.20    0.0000    0.0008   -0.0010
   4042.24    0.0000    0.0008   -0.0009
   4043.27    0.0000    0.0008   -0.0007
   4044.30    0.0000    0.0007   -0.0006
   4045.33    0.0000    0.0006   -0.0003
   4046.37    0.0000    0.0004   -0.0001
   4047.40    0.0000    0.0002    0.0001
   4048.43    0.0000    0.0001    0.0004
   4049.46    0.0000   -0.0001    0.0006
   4050.50    0.0000   -0.0003    0.0008
   4051.53    0.0000   -0.0005    0.0010
   4052.56    0.0000   -0.0006    0.0011
   4053.59    0.0000   -0.0007    0.0012
   4054.63    0.0000   -0.0008    0.0012
   4055.66    0.0000   -0.0008    0.0011
   4056.69    0.0000   -0.0008    0.0010
   4057.72    0.0000   -0.0007    0.0007
   4058.76    0.0000   -0.0005    0.0004
   4059.79    0.0000   -0.0003    0.0001
   4060.82    0.0000   -0.0001   -0.0002
   4061.85    0.0000    0.0002   -0.0006
   4062.89    0.0000    0.0004   -0.0008
   4063.92    0.0000    0.0006   -0.0010
   4064.95    0.0000    0.0007   -0.0011
   4065.98    0.0000    0.0008   -0.0010
   4067.02    0.0000    0.0007   -0.0008
   4068.05    0.0000    0.0006   -0.0005
   4069.08    0.0000    0.0003   -0.0001
   4070.11    0.0000    0.0000    0.0004
   4071.15    0.0000   -0.0003    0.0008
   4072.18    0.0000   -0.0006    0.0010
   4073.21    0.0000   -0.0008    0.0011
   4074.24    0.0000   -0.0008    0.0010
   4075.28    0.0000   -0.0007    0.0007
   4076.31    0.0000   -0.0004    0.0003
   4077.34    0.0000   -0.0003    0.0000
   4078.37    0.0000   -0.0003    0.0000
   4079.41    0.0000   -0.0003    0.0000
   4080.44    0.0000   -0.0003    0.0000
   4081.47    0.0000   -0.0003    0.0000
   4082.50    0.0000   -0.0003    0.0001
   4083.54    0.0000   -0.0003    0.0001
   4084.57    0.0000   -0.0003    0.0001
   4085.60    0.0000   -0.0003    0.0001
   4086.63    0.0000   -0.0003    0.0001
   4087.67    0.0000   -0.0003    0.0001
   4088.70    0.0000   -0.0003    0.0001
   4089.73    0.0000   -0.0003    0.0001
   4090.76    0.0000   -0.0003    0.0001
   4091.80    0.0000   -0.0003    0.0001
   4092.83    0.0000   -0.0003    0.0001
   4093.86    0.0000   -0.0003    0.0001
   4094.89    0.0000   -0.0003    0.0001
   4095.93    0.0000   -0.0003    0.0001
   4096.96    0.0000   -0.0003    0.0001
   4097.99    0.0000   -0.0003    0.0001
   4099.02    0.0000   -0.0003    0.0001
   4100.06    0.0000   -0.0003    0.0001
   4101.09    0.0000   -0.0003    0.0001
   4102.12    0.0000   -0.0003    0.0001
   4103.15    0.0000   -0.0003    0.0001
   4104.19    0.0000   -0.0004    0.0002
   4105.22    0.0000   -0.0004    0.0002
   4106.25    0.0000   -0.0004    0.0002
   4107.28    0.0000   -0.0004    0.0002
   4108.32    0.0000   -0.0004    0.0002
   4109.35    0.0000   -0.0004    0.0002
   4110.38    0.0000   -0.0004    0.0002
   4111.41    0.0000   -0.0004    0.0002
   4112.45    0.0000   -0.0004    0.0002
   4113.48    0.0000   -0.0003    0.0002
   4114.51    0.0000   -0.0003    0.0002
   4115.54    0.0000   -0.0003    0.0002
   4116.58    0.0000   -0.0003    0.0002
   4117.61    0.0000   -0.0003    0.0002
   4118.64    0.0000   -0.0003    0.0002
   4119.67    0.0000   -0.0003    0.0002
   4120.71    0.0000   -0.0003    0.0002
   4121.74    0.0000   -0.0003    0.0002
   4122.77    0.0000   -0.0004    0.0002
   4123.80    0.0000   -0.0004    0.0002
   4124.84    0.0000   -0.0004    0.0002
   4125.87    0.0000   -0.0004    0.0002
   4126.90    0.0000   -0.0004    0.0002
   4127.93    0.0000   -0.0004    0.0003
   4128.97    0.0000   -0.0004    0.0003
   4130.00    0.0000   -0.0004    0.0003
   4131.03    0.0000   -0.0004    0.0003
   4132.06    0.0000   -0.0004    0.0003
   4133.10    0.0000   -0.0004    0.0003
   4134.13    0.0000   -0.0004    0.0003
   4135.16    0.0000   -0.0004    0.0003
   4136.19    0.0000   -0.0004    0.0003
   4137.23    0.0000   -0.0004    0.0003
   4138.26    0.0000   -0.0004    0.0003
   4139.29    0.0000   -0.0004    0.0003
   4140.32    0.0000   -0.0004    0.0003
   4141.36    0.0000   -0.0004    0.0003
   4142.39    0.0000   -0.0004    0.0003
   4143.42    0.0000   -0.0004    0.0003
   4144.45    0.0000   -0.0004    0.0003
   4145.49    0.0000   -0.0004    0.0003
   4146.52    0.0000   -0.0004    0.0003
   4147.55    0.0000   -0.0004    0.0003
   4148.58    0.0000   -0.0004    0.0003
   4149.62    0.0000   -0.0004    0.0003
   4150.65    0.0000   -0.0004    0.0003
   4151.68    0.0000   -0.0004    0.0003
   4152.71    0.0000   -0.0004    0.0004
   4153.75    0.0000   -0.0004    0.0004
   4154.78    0.0000   -0.0004    0.0004
   4155.81    0.0000   -0.0005    0.0004
   4156.84    0.0000   -0.0005    0.0004
   4157.88    0.0000   -0.0005    0.0004
   4158.91    0.0000   -0.0005    0.0004
   4159.94    0.0000   -0.0005    0.0004
   4160.97    0.0000   -0.0005    0.0004
   4162.01    0.0000   -0.0004    0.0004
   4163.04    0.0000   -0.0004    0.0004
   4164.07    0.0000   -0.0004    0.0004
   4165.10    0.0000   -0.0004    0.0004
   4166.14    0.0000   -0.0004    0.0004
   4167.17    0.0000   -0.0004    0.0004
   4168.20    0.0000   -0.0004    0.0004
   4169.23    0.0000   -0.0004    0.0004
   4170.27    0.0000   -0.0004    0.0004
   4171.30    0.0000   -0.0004    0.0004
   4172.33    0.0000   -0.0005    0.0004
   4173.36    0.0000   -0.0005    0.0004
   4174.40    0.0000   -0.0005    0.0004
   4175.43    0.0000   -0.0005    0.0005
   4176.46    0.0000   -0.0005    0.0005
   4177.49    0.0000   -0.0005    0.0005
   4178.53    0.0000   -0.0005    0.0005
   4179.56    0.0000   -0.0005    0.0005
   4180.59    0.0000   -0.0005    0.0005
   4181.62    0.0000   -0.0005    0.0004
   4182.66    0.0000   -0.0005    0.0004
   4183.69    0.0000   -0.0005    0.0004
   4184.72    0.0000   -0.0005    0.0004
   4185.75    0.0000   -0.0005    0.0004
   4186.79    0.0000   -0.0005    0.0004
   4187.82    0.0000   -0.0005    0.0005
   4188.85    0.0000   -0.0005    0.0005
   4189.88    0.0000   -0.0005    0.0005
   4190.92    0.0000   -0.0005    0.0005
   4191.95    0.0000   -0.0005    0.0005
   4192.98    0.0000   -0.0005    0.0005
   4194.01    0.0000   -0.0005    0.0005
   4195.05    0.0000   -0.0005    0.0005
   4196.08    0.0000   -0.0005    0.0005
   4197.11    0.0000   -0.0005    0.0005
   4198.14    0.0000   -0.0005    0.0005
   4199.18    0.0000   -0.0005    0.0005
   4200.21    0.0000   -0.0005    0.0005
   4201.24    0.0000   -0.0005    0.0005
   4202.27    0.0000   -0.0005    0.0005
   4203.31    0.0000   -0.0005    0.0005
   4204.34    0.0000   -0.0005    0.0005
   4205.37    0.0000   -0.0005    0.0005
   4206.40    0.0000   -0.0005    0.0005
   4207.44    0.0000   -0.0005    0.0005
   4208.47    0.0000   -0.0005    0.0005
   4209.50    0.0000   -0.0005    0.0005
   4210.53    0.0000   -0.0005    0.0005
   4211.57    0.0000   -0.0005    0.0005
   4212.60    0.0000   -0.0005    0.0005
   4213.63    0.0000   -0.0005    0.0005
   4214.66    0.0000   -0.0005    0.0005
   4215.70    0.0000   -0.0005    0.0005
   4216.73    0.0000   -0.0005    0.0005
   4217.76    0.0000   -0.0005    0.0005
   4218.79    0.0000   -0.0005    0.0005
   4219.83    0.0000   -0.0005    0.0005
   4220.86    0.0000   -0.0005    0.0005
   4221.89    0.0000   -0.0005    0.0006
   4222.92    0.0000   -0.0005    0.0006
   4223.96    0.0000   -0.0005    0.0006
   4224.99    0.0000   -0.0005    0.0006
   4226.02    0.0000   -0.0005    0.0006
   4227.05    0.0000   -0.0005    0.0006
   4228.09    0.0000   -0.0005    0.0006
   4229.12    0.0000   -0.0005    0.0006
   4230.15    0.0000   -0.0005    0.0006
   4231.18    0.0000   -0.0005    0.0006
   4232.22    0.0000   -0.0005    0.0006
   4233.25    0.0000   -0.0005    0.0006
   4234.28    0.0000   -0.0005    0.0006
   4235.31    0.0000   -0.0005    0.0006
   4236.35    0.0000   -0.0005    0.0006
   4237.38    0.0000   -0.0005    0.0006
   4238.41    0.0000   -0.0005    0.0006
   4239.44    0.0000   -0.0005    0.0006
   4240.48    0.0000   -0.0005    0.0006
   4241.51    0.0000   -0.0005    0.0006
   4242.54    0.0000   -0.0005    0.0006
   4243.57    0.0000   -0.0005    0.0006
   4244.61    0.0000   -0.0005    0.0006
   4245.64    0.0000   -0.0005    0.0006
   4246.67    0.0000   -0.0005    0.0006
   4247.70    0.0000   -0.0005    0.0006
   4248.74    0.0000   -0.0005    0.0006
   4249.77    0.0000   -0.0005    0.0006
   4250.80    0.0000   -0.0005    0.0006
   4251.83    0.0000   -0.0005    0.0006
   4252.87    0.0000   -0.0005    0.0006
   4253.90    0.0000   -0.0005    0.0006
   4254.93    0.0000   -0.0005    0.0006
   4255.96    0.0000   -0.0005    0.0006
   4257.00    0.0000   -0.0005    0.0006
   4258.03    0.0000   -0.0005    0.0006
   4259.06    0.0000   -0.0006    0.0006
   4260.09    0.0000   -0.0006    0.0006
   4261.13    0.0000   -0.0006    0.0006
   4262.16    0.0000   -0.0006    0.0006
   4263.19    0.0000   -0.0006    0.0006
   4264.22    0.0000   -0.0006    0.0006
   4265.26    0.0000   -0.0006    0.0006
   4266.29    0.0000   -0.0006    0.0006
   4267.32    0.0000   -0.0003    0.0007
   4268.35    0.0000    0.0003    0.0007
   4269.39    0.0000    0.0008    0.0005
   4270.42    0.0000    0.0012    0.0003
   4271.45    0.0000    0.0013   -0.0000
   4272.48    0.0000    0.0012   -0.0004
   4273.52    0.0000    0.0008   -0.0008
   4274.55    0.0000    0.0003   -0.0012
   4275.58    0.0000   -0.0000   -0.0013
   4276.61    0.0000   -0.0001   -0.0011
   4277.65    0.0000    0.0000   -0.0008
   4278.68    0.0000    0.0003   -0.0004
   4279.71    0.0000    0.0007   -0.0000
   4280.74    0.0000    0.0011    0.0001
   4281.78    0.0000    0.0012   -0.0000
   4282.81    0.0000    0.0012   -0.0003
   4283.84    0.0000    0.0010   -0.0006
   4284.87    0.0000    0.0007   -0.0009
   4285.91    0.0000    0.0004   -0.0012
   4286.94    0.0000    0.0001   -0.0013
   4287.97    0.0000   -0.0001   -0.0013
   4289.00    0.0000   -0.0001   -0.0011
   4290.04    0.0000   -0.0000   -0.0008
   4291.07    0.0000    0.0002   -0.0006
   4292.10    0.0000    0.0004   -0.0003
   4293.13    0.0000    0.0007   -0.0001
   4294.17    0.0000    0.0009    0.0001
   4295.20    0.0000    0.0011    0.0001
   4296.23    0.0000    0.0012    0.0000
   4297.26    0.0000    0.0012   -0.0001
   4298.30    0.0000    0.0012   -0.0003
   4299.33    0.0000    0.0011   -0.0005
   4300.36    0.0000    0.0009   -0.0008
   4301.39    0.0000    0.0007   -0.0010
   4302.43    0.0000    0.0005   -0.0011
   4303.46    0.0000    0.0003   -0.0012
   4304.49    0.0000    0.0002   -0.0013
   4305.52    0.0000    0.0001   -0.0013
   4306.56    0.0000   -0.0000   -0.0013
   4307.59    0.0000   -0.0001   -0.0012
   4308.62    0.0000   -0.0001   -0.0011
   4309.65    0.0000   -0.0000   -0.0010
   4310.69    0.0000    0.0000   -0.0008
   4311.72    0.0000    0.0001   -0.0007
   4312.75    0.0000    0.0002   -0.0005
   4313.78    0.0000    0.0004   -0.0004
   4314.82    0.0000    0.0005   -0.0003
   4315.85    0.0000    0.0006   -0.0002
   4316.88    0.0000    0.0007   -0.0001
   4317.91    0.0000    0.0008   -0.0000
   4318.95    0.0000    0.0009    0.0000
   4319.98    0.0000    0.0010    0.0001
   4321.01    0.0000    0.0011    0.0001
   4322.04    0.0000    0.0012    0.0001
   4323.08    0.0000    0.0012    0.0000
   4324.11    0.0000    0.0012    0.0000
   4325.14    0.0000    0.0013   -0.0000
   4326.17    0.0000    0.0013   -0.0001
   4327.21    0.0000    0.0013   -0.0002
   4328.24    0.0000    0.0012   -0.0002
   4329.27    0.0000    0.0012   -0.0003
   4330.30    0.0000    0.0012   -0.0004
   4331.34    0.0000    0.0012   -0.0004
   4332.37    0.0000    0.0011   -0.0005
   4333.40    0.0000    0.0011   -0.0006
   4334.43    0.0000    0.0010   -0.0006
   4335.47    0.0000    0.0010   -0.0007
   4336.50    0.0000    0.0010   -0.0008
   4337.53    0.0000    0.0009   -0.0008
   4338.56    0.0000    0.0009   -0.0009
   4339.60    0.0000    0.0008   -0.0009
   4340.63    0.0000    0.0008   -0.0010
   4341.66    0.0000    0.0007   -0.0010
   4342.69    0.0000    0.0007   -0.0010
   4343.73    0.0000    0.0007   -0.0011
   4344.76    0.0000    0.0006   -0.0011
   4345.79    0.0000    0.0006   -0.0011
   4346.82    0.0000    0.0006   -0.0012
   4347.86    0.0000    0.0005   -0.0012
   4348.89    0.0000    0.0005   -0.0012
   4349.92    0.0000    0.0001   -0.0015
   4350.95    0.0000   -0.0007   -0.0018
   4351.99    0.0000   -0.0014   -0.0017
   4353.02    0.0000   -0.0017   -0.0013
   4354.05    0.0000   -0.0017   -0.0006
   4355.08    0.0000   -0.0014    0.0002
   4356.12    0.0000   -0.0008    0.0009
   4357.15    0.0000   -0.0001    0.0015
   4358.18    0.0000    0.0007    0.0018
   4359.21    0.0000    0.0013    0.0018
   4360.25    0.0000    0.0017    0.0015
   4361.28    0.0000    0.0018    0.0009
   4362.31    0.0000    0.0016    0.0002
   4363.34    0.0000    0.0011   -0.0006
   4364.38    0.0000    0.0005   -0.0012
   4365.41    0.0000   -0.0002   -0.0017
   4366.44    0.0000   -0.0008   -0.0019
   4367.47    0.0000   -0.0014   -0.0018
   4368.51    0.0000   -0.0017   -0.0014
   4369.54    0.0000   -0.0017   -0.0008
   4370.57    0.0000   -0.0015   -0.0001
   4371.60    0.0000   -0.0011    0.0006
   4372.64    0.0000   -0.0006    0.0012
   4373.67    0.0000    0.0000    0.0015
   4374.70    0.0000    0.0005    0.0014
   4375.73    0.0000    0.0008    0.0010
   4376.77    0.0000    0.0008    0.0004
   4377.80    0.0000    0.0005   -0.0002
   4378.83    0.0000    0.0001   -0.0006
   4379.86    0.0000   -0.0003   -0.0007
   4380.90    0.0000   -0.0006   -0.0005
   4381.93    0.0000   -0.0006    0.0000
   4382.96    0.0000   -0.0004    0.0007
   4383.99    0.0000    0.0001    0.0012
   4385.03    0.0000    0.0007    0.0016
   4386.06    0.0000    0.0012    0.0015
   4387.09    0.0000    0.0015    0.0011
   4388.12    0.0000    0.0016    0.0005
   4389.16    0.0000    0.0013   -0.0003
   4390.19    0.0000    0.0009   -0.0009
   4391.22    0.0000    0.0004   -0.0013
   4392.25    0.0000   -0.0001   -0.0012
   4393.29    0.0000   -0.0003   -0.0009
   4394.32    0.0000   -0.0003   -0.0004
   4395.35    0.0000   -0.0000    0.0001
   4396.38    0.0000    0.0003    0.0004
   4397.42    0.0000    0.0005    0.0004
   4398.45    0.0000    0.0005   -0.0000
   4399.48    0.0000    0.0001   -0.0003
   4400.51    0.0000   -0.0003   -0.0002
   4401.55    0.0000   -0.0007   -0.0000
   4402.58    0.0000   -0.0010    0.0001
   4403.61    0.0000   -0.0011    0.0002
   4404.64    0.0000   -0.0010    0.0002
   4405.68    0.0000   -0.0008    0.0001
   4406.71    0.0000   -0.0006   -0.0001
   4407.74    0.0000   -0.0003   -0.0003
   4408.77    0.0000   -0.0001   -0.0006
   4409.81    0.0000    0.0001   -0.0009
   4410.84    0.0000    0.0002   -0.0011
   4411.87    0.0000    0.0003   -0.0012
   4412.90    0.0000    0.0002   -0.0011
   4413.94    0.0000    0.0002   -0.0008
   4414.97    0.0000    0.0001   -0.0004
   4416.00    0.0000    0.0001    0.0001
   4417.03    0.0000    0.0001    0.0006
   4418.07    0.0000    0.0002    0.0011
   4419.10    0.0000    0.0003    0.0014
   4420.13    0.0000    0.0004    0.0016
   4421.16    0.0000    0.0005    0.0016
   4422.20    0.0000    0.0006    0.0014
   4423.23    0.0000    0.0006    0.0010
   4424.26    0.0000    0.0005    0.0006
   4425.29    0.0000    0.0003    0.0002
   4426.33    0.0000    0.0001   -0.0003
   4427.36    0.0000   -0.0001   -0.0006
   4428.39    0.0000   -0.0004   -0.0008
   4429.42    0.0000   -0.0007   -0.0008
   4430.46    0.0000   -0.0008   -0.0008
   4431.49    0.0000   -0.0006   -0.0007
   4432.52    0.0000   -0.0002   -0.0006
   4433.55    0.0000    0.0003   -0.0007
   4434.59    0.0000    0.0006   -0.0009
   4435.62    0.0000    0.0007   -0.0011
   4436.65    0.0000    0.0004   -0.0012
   4437.68    0.0000    0.0000   -0.0012
   4438.72    0.0000   -0.0004   -0.0010
   4439.75    0.0000   -0.0005   -0.0007
   4440.78    0.0000   -0.0004   -0.0003
   4441.81    0.0000   -0.0001    0.0001
   4442.85    0.0000    0.0003    0.0003
   4443.88    0.0000    0.0006    0.0005
   4444.91    0.0000    0.0007    0.0005
   4445.94    0.0000    0.0006    0.0006
   4446.98    0.0000    0.0004    0.0006
   4448.01    0.0000    0.0000    0.0006
   4449.04    0.0000   -0.0004    0.0007
   4450.07    0.0000   -0.0007    0.0007
   4451.11    0.0000   -0.0010    0.0007
   4452.14    0.0000   -0.0010    0.0007
   4453.17    0.0000   -0.0009    0.0008
   4454.20    0.0000   -0.0007    0.0009
   4455.24    0.0000   -0.0003    0.0010
   4456.27    0.0000    0.0001    0.0011
   4457.30    0.0000    0.0004    0.0012
   4458.33    0.0000    0.0007    0.0013
   4459.37    0.0000    0.0008    0.0013
   4460.40    0.0000    0.0007    0.0012
   4461.43    0.0000    0.0006    0.0011
   4462.46    0.0000    0.0003    0.0010
   4463.50    0.0000    0.0000    0.0008
   4464.53    0.0000   -0.0002    0.0006
   4465.56    0.0000   -0.0004    0.0004
   4466.59    0.0000   -0.0004    0.0002
   4467.63    0.0000   -0.0002    0.0001
   4468.66    0.0000    0.0000   -0.0000
   4469.69    0.0000    0.0004   -0.0001
   4470.72    0.0000    0.0008   -0.0002
   4471.76    0.0000    0.0011   -0.0002
   4472.79    0.0000    0.0013   -0.0003
   4473.82    0.0000    0.0014   -0.0003
   4474.85    0.0000    0.0013   -0.0004
   4475.89    0.0000    0.0010   -0.0005
   4476.92    0.0000    0.0007   -0.0006
   4477.95    0.0000    0.0002   -0.0007
   4478.98    0.0000   -0.0002   -0.0008
   4480.02    0.0000   -0.0006   -0.0008
   4481.05    0.0000   -0.0008   -0.0008
   4482.08    0.0000   -0.0009   -0.0007
   4483.11    0.0000   -0.0008   -0.0006
   4484.15    0.0000   -0.0005   -0.0004
   4485.18    0.0000   -0.0002   -0.0001
   4486.21    0.0000    0.0002    0.0001
   4487.24    0.0000    0.0006    0.0003
   4488.28    0.0000    0.0009    0.0005
   4489.31    0.0000    0.0010    0.0006
   4490.34    0.0000    0.0010    0.0006
   4491.37    0.0000    0.0009    0.0006
   4492.41    0.0000    0.0006    0.0005
   4493.44    0.0000    0.0002    0.0003
   4494.47    0.0000   -0.0001    0.0002
   4495.50    0.0000   -0.0004    0.0000
   4496.54    0.0000   -0.0006   -0.0001
   4497.57    0.0000   -0.0007   -0.0002
   4498.60    0.0000   -0.0006   -0.0002
   4499.63    0.0000   -0.0003   -0.0002
   4500.67    0.0000    0.0000   -0.0002
   4501.70    0.0000    0.0004   -0.0002
   4502.73    0.0000    0.0008   -0.0001
   4503.76    0.0000    0.0010   -0.0002
   4504.80    0.0000    0.0011   -0.0002
   4505.83    0.0000    0.0009   -0.0003
   4506.86    0.0000    0.0006   -0.0004
   4507.89    0.0000    0.0002   -0.0006
   4508.93    0.0000   -0.0003   -0.0007
   4509.96    0.0000   -0.0008   -0.0007
   4510.99    0.0000   -0.0012   -0.0007
   4512.02    0.0000   -0.0015   -0.0006
   4513.06    0.0000   -0.0015   -0.0005
   4514.09    0.0000   -0.0013   -0.0002
   4515.12    0.0000   -0.0010    0.0000
   4516.15    0.0000   -0.0004    0.0002
   4517.19    0.0000    0.0001    0.0004
   4518.22    0.0000    0.0006    0.0005
   4519.25    0.0000    0.0009    0.0005
   4520.28    0.0000    0.0010    0.0004
   4521.32    0.0000    0.0009    0.0002
   4522.35    0.0000    0.0005   -0.0001
   4523.38    0.0000    0.0000   -0.0003
   4524.41    0.0000   -0.0005   -0.0005
   4525.45    0.0000   -0.0010   -0.0006
   4526.48    0.0000   -0.0013   -0.0006
   4527.51    0.0000   -0.0014   -0.0004
   4528.54    0.0000   -0.0012   -0.0002
   4529.58    0.0000   -0.0008    0.0001
   4530.61    0.0000   -0.0002    0.0004
   4531.64    0.0000    0.0004    0.0006
   4532.67    0.0000    0.0009    0.0006
   4533.71    0.0000    0.0011    0.0006
   4534.74    0.0000    0.0011    0.0004
   4535.77    0.0000    0.0008    0.0002
   4536.80    0.0000    0.0003   -0.0001
   4537.84    0.0000   -0.0002   -0.0003
   4538.87    0.0000   -0.0007   -0.0004
   4539.90    0.0000   -0.0010   -0.0004
   4540.93    0.0000   -0.0010   -0.0003
   4541.97    0.0000   -0.0007   -0.0001
   4543.00    0.0000   -0.0003    0.0002
   4544.03    0.0000    0.0003    0.0004
   4545.06    0.0000    0.0007    0.0005
   4546.10    0.0000    0.0010    0.0005
   4547.13    0.0000    0.0010    0.0004
   4548.16    0.0000    0.0007    0.0002
   4549.19    0.0000    0.0003   -0.0001
   4550.23    0.0000   -0.0003   -0.0003
   4551.26    0.0000   -0.0007   -0.0004
   4552.29    0.0000   -0.0009   -0.0003
   4553.32    0.0000   -0.0008   -0.0002
   4554.36    0.0000   -0.0005    0.0001
   4555.39    0.0000    0.0000    0.0004
   4556.42    0.0000    0.0005    0.0006
   4557.45    0.0000    0.0008    0.0007
   4558.49    0.0000    0.0010    0.0007
   4559.52    0.0000    0.0009    0.0005
   4560.55    0.0000    0.0007    0.0003
   4561.58    0.0000    0.0004    0.0001
   4562.62    0.0000   -0.0000   -0.0001
   4563.65    0.0000   -0.0003   -0.0004
   4564.68    0.0000   -0.0003   -0.0004
   4565.71    0.0000   -0.0001   -0.0003
   4566.75    0.0000    0.0000   -0.0001
   4567.78    0.0000   -0.0001    0.0000
   4568.81    0.0000   -0.0002    0.0003
   4569.84    0.0000   -0.0002    0.0004
   4570.88    0.0000   -0.0000    0.0006
   4571.91    0.0000    0.0002    0.0006
   4572.94    0.0000    0.0005    0.0005
   4573.97    0.0000    0.0007    0.0004
   4575.01    0.0000    0.0009    0.0002
   4576.04    0.0000    0.0010   -0.0000
   4577.07    0.0000    0.0009   -0.0002
   4578.10    0.0000    0.0007   -0.0003
   4579.14    0.0000    0.0004   -0.0003
   4580.17    0.0000    0.0002   -0.0002
   4581.20    0.0000   -0.0001   -0.0000
   4582.23    0.0000   -0.0002    0.0001
   4583.27    0.0000   -0.0003    0.0002
   4584.30    0.0000   -0.0002    0.0003
   4585.33    0.0000   -0.0001    0.0003
   4586.36    0.0000    0.0000    0.0002
   4587.40    0.0000    0.0001    0.0000
   4588.43    0.0000    0.0001   -0.0001
   4589.46    0.0000    0.0001   -0.0003
   4590.49    0.0000   -0.0000   -0.0004
   4591.53    0.0000   -0.0002   -0.0004
   4592.56    0.0000   -0.0005   -0.0003
   4593.59    0.0000   -0.0007   -0.0002
   4594.62    0.0000   -0.0008    0.0000
   4595.66    0.0000   -0.0009    0.0002
   4596.69    0.0000   -0.0009    0.0004
   4597.72    0.0000   -0.0007    0.0005
   4598.75    0.0000   -0.0005    0.0005
   4599.79    0.0000   -0.0003    0.0005
   4600.82    0.0000   -0.0001    0.0004
   4601.85    0.0000    0.0000    0.0003
   4602.88    0.0000    0.0001    0.0001
   4603.92    0.0000    0.0001    0.0000
   4604.95    0.0000    0.0001   -0.0001
   4605.98    0.0000    0.0000   -0.0001
   4607.01    0.0000   -0.0001   -0.0000
   4608.05    0.0000   -0.0001    0.0000
   4609.08    0.0000   -0.0001    0.0001
   4610.11    0.0000   -0.0001    0.0002
   4611.14    0.0000    0.0001    0.0003
   4612.18    0.0000    0.0002    0.0002
   4613.21    0.0000    0.0004    0.0002
   4614.24    0.0000    0.0006    0.0000
   4615.27    0.0000    0.0006   -0.0001
   4616.31    0.0000    0.0007   -0.0003
   4617.34    0.0000    0.0006   -0.0004
   4618.37    0.0000    0.0004   -0.0005
   4619.40    0.0000    0.0002   -0.0005
   4620.44    0.0000   -0.0001   -0.0004
   4621.47    0.0000   -0.0003   -0.0002
   4622.50    0.0000   -0.0005   -0.0000
   4623.53    0.0000   -0.0006    0.0002
   4624.57    0.0000   -0.0006    0.0003
   4625.60    0.0000   -0.0005    0.0004
   4626.63    0.0000   -0.0004    0.0003
   4627.66    0.0000   -0.0003    0.0002
   4628.70    0.0000   -0.0002    0.0000
   4629.73    0.0000   -0.0002   -0.0001
   4630.76    0.0000   -0.0003   -0.0003
   4631.79    0.0000   -0.0004   -0.0004
   4632.83    0.0000   -0.0006   -0.0004
   4633.86    0.0000   -0.0007   -0.0003
   4634.89    0.0000   -0.0009   -0.0001
   4635.92    0.0000   -0.0010    0.0001
   4636.96    0.0000   -0.0010    0.0003
   4637.99    0.0000   -0.0009    0.0005
   4639.02    0.0000   -0.0008    0.0006
   4640.05    0.0000   -0.0005    0.0006
   4641.09    0.0000   -0.0003    0.0005
   4642.12    0.0000   -0.0001    0.0003
   4643.15    0.0000    0.0000    0.0001
   4644.18    0.0000    0.0001   -0.0001
   4645.22    0.0000    0.0001   -0.0002
   4646.25    0.0000    0.0000   -0.0002
   4647.28    0.0000   -0.0000   -0.0002
   4648.31    0.0000   -0.0001   -0.0001
   4649.35    0.0000   -0.0001    0.0000
   4650.38    0.0000    0.0000    0.0002
   4651.41    0.0000    0.0002    0.0002
   4652.44    0.0000    0.0004    0.0002
   4653.48    0.0000    0.0006    0.0001
   4654.51    0.0000    0.0008   -0.0001
   4655.54    0.0000    0.0009   -0.0003
   4656.57    0.0000    0.0010   -0.0004
   4657.61    0.0000    0.0009   -0.0006
   4658.64    0.0000    0.0007   -0.0006
   4659.67    0.0000    0.0005   -0.0005
   4660.70    0.0000    0.0002   -0.0003
   4661.74    0.0000    0.0001   -0.0001
   4662.77    0.0000   -0.0001    0.0001
   4663.80    0.0000   -0.0001    0.0002
   4664.83    0.0000   -0.0000    0.0002
   4665.87    0.0000   -0.0000    0.0001
   4666.90    0.0000    0.0000    0.0001
   4667.93    0.0000    0.0000    0.0001
   4668.96    0.0000    0.0001    0.0001
   4670.00    0.0000    0.0001    0.0000
   4671.03    0.0000    0.0001    0.0000
   4672.06    0.0000    0.0001   -0.0000
   4673.09    0.0000    0.0001   -0.0001
   4674.13    0.0000    0.0001   -0.0001
   4675.16    0.0000    0.0002   -0.0001
   4676.19    0.0000    0.0002   -0.0002
   4677.22    0.0000    0.0002   -0.0002
   4678.26    0.0000    0.0002   -0.0002
   4679.29    0.0000    0.0002   -0.0003
   4680.32    0.0000    0.0002   -0.0003
   4681.35    0.0000    0.0002   -0.0003
   4682.39    0.0000    0.0002   -0.0003
   4683.42    0.0000    0.0002   -0.0004
   4684.45    0.0000    0.0002   -0.0004
   4685.48    0.0000    0.0002   -0.0004
   4686.52    0.0000    0.0002   -0.0004
   4687.55    0.0000    0.0002   -0.0004
   4688.58    0.0000    0.0002   -0.0004
   4689.61    0.0000    0.0002   -0.0004
   4690.65    0.0000    0.0002   -0.0004
   4691.68    0.0000    0.0002   -0.0004
   4692.71    0.0000    0.0002   -0.0005
   4693.74    0.0000    0.0002   -0.0005
   4694.78    0.0000    0.0002   -0.0005
   4695.81    0.0000    0.0002   -0.0006
   4696.84    0.0000    0.0002   -0.0006
   4697.87    0.0000    0.0002   -0.0006
   4698.91    0.0000    0.0002   -0.0006
   4699.94    0.0000    0.0003   -0.0006
   4700.97    0.0000    0.0003   -0.0006
   4702.00    0.0000    0.0003   -0.0006
   4703.04    0.0000    0.0003   -0.0006
   4704.07    0.0000    0.0004   -0.0006
   4705.10    0.0000    0.0004   -0.0007
   4706.13    0.0000    0.0004   -0.0007
   4707.17    0.0000    0.0004   -0.0007
   4708.20    0.0000    0.0005   -0.0007
   4709.23    0.0000    0.0005   -0.0007
   4710.26    0.0000    0.0005   -0.0008
   4711.30    0.0000    0.0005   -0.0008
   4712.33    0.0000    0.0006   -0.0008
   4713.36    0.0000    0.0006   -0.0007
   4714.39    0.0000    0.0007   -0.0007
   4715.43    0.0000    0.0008   -0.0006
   4716.46    0.0000    0.0008   -0.0003
   4717.49    0.0000    0.0007    0.0001
   4718.52    0.0000    0.0006    0.0003
   4719.56    0.0000    0.0003    0.0004
   4720.59    0.0000    0.0001    0.0004
   4721.62    0.0000   -0.0000    0.0003
   4722.65    0.0000   -0.0001    0.0001
   4723.69    0.0000   -0.0001   -0.0001
   4724.72    0.0000   -0.0000   -0.0003
   4725.75    0.0000    0.0000   -0.0004
   4726.78    0.0000    0.0001   -0.0004
   4727.82    0.0000    0.0002   -0.0003
   4728.85    0.0000    0.0002   -0.0003
   4729.88    0.0000    0.0003   -0.0002
   4730.91    0.0000    0.0003   -0.0001
   4731.95    0.0000    0.0003   -0.0000
   4732.98    0.0000    0.0004   -0.0000
   4734.01    0.0000    0.0004    0.0000
   4735.04    0.0000    0.0004    0.0000
   4736.08    0.0000    0.0004    0.0000
   4737.11    0.0000    0.0004    0.0001
   4738.14    0.0000    0.0003    0.0001
   4739.17    0.0000    0.0001    0.0001
   4740.21    0.0000   -0.0000    0.0002
   4741.24    0.0000   -0.0001    0.0001
   4742.27    0.0000   -0.0002    0.0000
   4743.30    0.0000   -0.0002   -0.0001
   4744.34    0.0000   -0.0001   -0.0003
   4745.37    0.0000   -0.0000   -0.0005
   4746.40    0.0000    0.0001   -0.0006
   4747.43    0.0000    0.0003   -0.0006
   4748.47    0.0000    0.0004   -0.0004
   4749.50    0.0000    0.0005   -0.0001
   4750.53    0.0000    0.0005    0.0002
   4751.56    0.0000    0.0005    0.0005
   4752.60    0.0000    0.0004    0.0007
   4753.63    0.0000    0.0002    0.0008
   4754.66    0.0000    0.0000    0.0007
   4755.69    0.0000   -0.0001    0.0006
   4756.73    0.0000   -0.0001    0.0003
   4757.76    0.0000   -0.0001   -0.0000
   4758.79    0.0000   -0.0000   -0.0003
   4759.82    0.0000    0.0001   -0.0005
   4760.86    0.0000    0.0002   -0.0006
   4761.89    0.0000    0.0003   -0.0005
   4762.92    0.0000    0.0004   -0.0003
   4763.95    0.0000    0.0003    0.0000
   4764.99    0.0000    0.0003    0.0003
   4766.02    0.0000    0.0002    0.0005
   4767.05    0.0000    0.0002    0.0005
   4768.08    0.0000    0.0002    0.0004
   4769.12    0.0000    0.0003    0.0001
   4770.15    0.0000    0.0004   -0.0002
   4771.18    0.0000    0.0004   -0.0004
   4772.21    0.0000    0.0004   -0.0005
   4773.25    0.0000    0.0002   -0.0004
   4774.28    0.0000   -0.0000   -0.0002
   4775.31    0.0000   -0.0003    0.0000
   4776.34    0.0000   -0.0005    0.0003
   4777.38    0.0000   -0.0007    0.0003
   4778.41    0.0000   -0.0006    0.0002
   4779.44    0.0000   -0.0004   -0.0001
   4780.47    0.0000   -0.0001   -0.0005
   4781.51    0.0000    0.0003   -0.0009
   4782.54    0.0000    0.0005   -0.0010
   4783.57    0.0000    0.0005   -0.0010
   4784.60    0.0000    0.0004   -0.0008
   4785.64    0.0000    0.0003   -0.0006
   4786.67    0.0000    0.0002   -0.0003
   4787.70    0.0000   -0.0000   -0.0000
   4788.73    0.0000   -0.0002    0.0003
   4789.77    0.0000   -0.0004    0.0005
   4790.80    0.0000   -0.0005    0.0007
   4791.83    0.0000   -0.0006    0.0008
   4792.86    0.0000   -0.0007    0.0008
   4793.90    0.0000   -0.0006    0.0008
   4794.93    0.0000   -0.0005    0.0007
   4795.96    0.0000   -0.0003    0.0005
   4796.99    0.0000   -0.0001    0.0003
   4798.03    0.0000    0.0002    0.0000
   4799.06    0.0000    0.0004   -0.0003
   4800.09    0.0000    0.0006   -0.0005
   4801.12    0.0000    0.0006   -0.0007
   4802.16    0.0000    0.0006   -0.0008
   4803.19    0.0000    0.0004   -0.0008
   4804.22    0.0000    0.0002   -0.0007
   4805.25    0.0000   -0.0001   -0.0005
   4806.29    0.0000   -0.0004   -0.0003
   4807.32    0.0000   -0.0007   -0.0001
   4808.35    0.0000   -0.0009    0.0000
   4809.38    0.0000   -0.0010    0.0002
   4810.42    0.0000   -0.0009    0.0003
   4811.45    0.0000   -0.0007    0.0004
   4812.48    0.0000   -0.0004    0.0005
   4813.51    0.0000   -0.0001    0.0006
   4814.55    0.0000    0.0001    0.0007
   4815.58    0.0000    0.0003    0.0007
   4816.61    0.0000    0.0003    0.0005
   4817.64    0.0000    0.0002    0.0003
   4818.68    0.0000    0.0002    0.0001
   4819.71    0.0000    0.0003   -0.0001
   4820.74    0.0000    0.0006   -0.0003
   4821.77    0.0000    0.0009   -0.0004
   4822.81    0.0000    0.0011   -0.0005
   4823.84    0.0000    0.0011   -0.0005
   4824.87    0.0000    0.0011   -0.0005
   4825.90    0.0000    0.0011   -0.0004
   4826.94    0.0000    0.0011   -0.0004
   4827.97    0.0000    0.0011   -0.0004
   4829.00    0.0000    0.0011   -0.0004
   4830.03    0.0000    0.0011   -0.0003
   4831.07    0.0000    0.0011   -0.0003
   4832.10    0.0000    0.0010   -0.0003
   4833.13    0.0000    0.0010   -0.0003
   4834.16    0.0000    0.0010   -0.0003
   4835.20    0.0000    0.0009   -0.0003
   4836.23    0.0000    0.0009   -0.0003
   4837.26    0.0000    0.0008   -0.0003
   4838.29    0.0000    0.0008   -0.0003
   4839.33    0.0000    0.0007   -0.0004
   4840.36    0.0000    0.0007   -0.0004
   4841.39    0.0000    0.0007   -0.0004
   4842.42    0.0000    0.0006   -0.0005
   4843.46    0.0000    0.0006   -0.0005
   4844.49    0.0000    0.0006   -0.0005
   4845.52    0.0000    0.0006   -0.0006
   4846.55    0.0000    0.0005   -0.0006
   4847.59    0.0000    0.0005   -0.0007
   4848.62    0.0000    0.0005   -0.0007
   4849.65    0.0000    0.0004   -0.0008
   4850.68    0.0000    0.0004   -0.0008
   4851.72    0.0000    0.0004   -0.0009
   4852.75    0.0000    0.0004   -0.0009
   4853.78    0.0000    0.0004   -0.0010
   4854.81    0.0000    0.0004   -0.0010
   4855.85    0.0000    0.0004   -0.0010
   4856.88    0.0000    0.0004   -0.0011
   4857.91    0.0000    0.0004   -0.0011
   4858.94    0.0000    0.0004   -0.0011
   4859.98    0.0000    0.0003   -0.0011
   4861.01    0.0000    0.0003   -0.0011
   4862.04    0.0000    0.0003   -0.0012
   4863.07    0.0000    0.0003   -0.0012
   4864.11    0.0000    0.0003   -0.0012
   4865.14    0.0000    0.0003   -0.0012
   4866.17    0.0000    0.0003   -0.0012
   4867.20    0.0000    0.0003   -0.0012
   4868.24    0.0000    0.0003   -0.0012
   4869.27    0.0000    0.0002   -0.0011
   4870.30    0.0000    0.0000   -0.0008
   4871.33    0.0000   -0.0002   -0.0004
   4872.37    0.0000   -0.0003    0.0000
   4873.40    0.0000   -0.0003    0.0004
   4874.43    0.0000   -0.0001    0.0006
   4875.46    0.0000    0.0002    0.0007
   4876.50    0.0000    0.0004    0.0007
   4877.53    0.0000    0.0006    0.0005
   4878.56    0.0000    0.0007    0.0003
   4879.59    0.0000    0.0006    0.0000
   4880.63    0.0000    0.0006   -0.0003
   4881.66    0.0000    0.0006   -0.0006
   4882.69    0.0000    0.0006   -0.0008
   4883.72    0.0000    0.0006   -0.0010
   4884.76    0.0000    0.0005   -0.0010
   4885.79    0.0000    0.0003   -0.0009
   4886.82    0.0000    0.0001   -0.0008
   4887.85    0.0000   -0.0002   -0.0006
   4888.89    0.0000   -0.0005   -0.0003
   4889.92    0.0000   -0.0007    0.0000
   4890.95    0.0000   -0.0008    0.0003
   4891.98    0.0000   -0.0009    0.0006
   4893.02    0.0000   -0.0008    0.0007
   4894.05    0.0000   -0.0008    0.0008
   4895.08    0.0000   -0.0006    0.0008
   4896.11    0.0000   -0.0004    0.0007
   4897.15    0.0000   -0.0002    0.0005
   4898.18    0.0000    0.0000    0.0003
   4899.21    0.0000    0.0002    0.0001
   4900.24    0.0000    0.0004   -0.0002
   4901.28    0.0000    0.0005   -0.0005
   4902.31    0.0000    0.0006   -0.0007
   4903.34    0.0000    0.0006   -0.0009
   4904.37    0.0000    0.0006   -0.0010
   4905.41    0.0000    0.0005   -0.0010
   4906.44    0.0000    0.0004   -0.0010
   4907.47    0.0000    0.0002   -0.0009
   4908.50    0.0000    0.0000   -0.0008
   4909.54    0.0000   -0.0002   -0.0006
   4910.57    0.0000   -0.0004   -0.0004
   4911.60    0.0000   -0.0005   -0.0002
   4912.63    0.0000   -0.0007   -0.0000
   4913.67    0.0000   -0.0008    0.0002
   4914.70    0.0000   -0.0008    0.0003
   4915.73    0.0000   -0.0008    0.0005
   4916.76    0.0000   -0.0008    0.0006
   4917.80    0.0000   -0.0008    0.0007
   4918.83    0.0000   -0.0007    0.0008
   4919.86    0.0000   -0.0006    0.0008
   4920.89    0.0000   -0.0005    0.0008
   4921.93    0.0000   -0.0003    0.0008
   4922.96    0.0000   -0.0002    0.0007
   4923.99    0.0000   -0.0000    0.0006
   4925.02    0.0000    0.0001    0.0005
   4926.06    0.0000    0.0003    0.0004
   4927.09    0.0000    0.0004    0.0002
   4928.12    0.0000    0.0005    0.0001
   4929.15    0.0000    0.0006   -0.0001
   4930.19    0.0000    0.0007   -0.0002
   4931.22    0.0000    0.0007   -0.0003
   4932.25    0.0000    0.0008   -0.0005
   4933.28    0.0000    0.0008   -0.0006
   4934.32    0.0000    0.0008   -0.0007
   4935.35    0.0000    0.0008   -0.0008
   4936.38    0.0000    0.0007   -0.0009
   4937.41    0.0000    0.0006   -0.0009
   4938.45    0.0000    0.0006   -0.0010
   4939.48    0.0000    0.0005   -0.0010
   4940.51    0.0000    0.0004   -0.0010
   4941.54    0.0000    0.0003   -0.0009
   4942.58    0.0000    0.0002   -0.0009
   4943.61    0.0000    0.0000   -0.0008
   4944.64    0.0000   -0.0001   -0.0008
   4945.67    0.0000   -0.0002   -0.0007
   4946.71    0.0000   -0.0003   -0.0006
   4947.74    0.0000   -0.0004   -0.0005
   4948.77    0.0000   -0.0005   -0.0005
   4949.80    0.0000   -0.0006   -0.0004
   4950.84    0.0000   -0.0007   -0.0002
   4951.87    0.0000   -0.0007   -0.0001
   4952.90    0.0000   -0.0007   -0.0001
   4953.93    0.0000   -0.0004   -0.0001
   4954.97    0.0000   -0.0001   -0.0000
   4956.00    0.0000    0.0003    0.0000
   4957.03    0.0000    0.0006    0.0001
   4958.06    0.0000    0.0009    0.0001
   4959.10    0.0000    0.0010    0.0001
   4960.13    0.0000    0.0009    0.0002
   4961.16    0.0000    0.0007    0.0002
   4962.19    0.0000    0.0003    0.0002
   4963.23    0.0000   -0.0001    0.0001
   4964.26    0.0000   -0.0005    0.0000
   4965.29    0.0000   -0.0009   -0.0001
   4966.32    0.0000   -0.0010   -0.0004
   4967.36    0.0000   -0.0008   -0.0005
   4968.39    0.0000   -0.0003   -0.0005
   4969.42    0.0000    0.0003   -0.0003
   4970.45    0.0000    0.0008   -0.0001
   4971.49    0.0000    0.0010    0.0001
   4972.52    0.0000    0.0010    0.0003
   4973.55    0.0000    0.0007    0.0004
   4974.58    0.0000    0.0002    0.0003
   4975.62    0.0000   -0.0003    0.0002
   4976.65    0.0000   -0.0007    0.0000
   4977.68    0.0000   -0.0010   -0.0002
   4978.71    0.0000   -0.0010   -0.0003
   4979.75    0.0000   -0.0009   -0.0004
   4980.78    0.0000   -0.0005   -0.0005
   4981.81    0.0000   -0.0001   -0.0004
   4982.84    0.0000    0.0002   -0.0003
   4983.88    0.0000    0.0005   -0.0002
   4984.91    0.0000    0.0007   -0.0000
   4985.94    0.0000    0.0007    0.0001
   4986.97    0.0000    0.0006    0.0002
   4988.01    0.0000    0.0004    0.0003
   4989.04    0.0000    0.0002    0.0003
   4990.07    0.0000    0.0000    0.0003
   4991.10    0.0000   -0.0001    0.0003
   4992.14    0.0000   -0.0002    0.0002
   4993.17    0.0000   -0.0002    0.0002
   4994.20    0.0000   -0.0001    0.0001
   4995.23    0.0000   -0.0000    0.0001
   4996.27    0.0000    0.0001    0.0000
   4997.30    0.0000    0.0001   -0.0000
   4998.33    0.0000    0.0002   -0.0001
   4999.36    0.0000    0.0001   -0.0002
   5000.40    0.0000    0.0000   -0.0003
   5001.43    0.0000   -0.0000   -0.0004
   5002.46    0.0000   -0.0001   -0.0005
   5003.49    0.0000   -0.0000   -0.0005
   5004.53    0.0000    0.0000   -0.0006
   5005.56    0.0000    0.0001   -0.0006
   5006.59    0.0000    0.0002   -0.0006
   5007.62    0.0000    0.0002   -0.0005
   5008.66    0.0000    0.0002   -0.0004
   5009.69    0.0000    0.0002   -0.0003
   5010.72    0.0000    0.0001   -0.0002
   5011.75    0.0000    0.0001   -0.0001
   5012.79    0.0000   -0.0000    0.0000
   5013.82    0.0000   -0.0001    0.0001
   5014.85    0.0000   -0.0001    0.0002
   5015.88    0.0000   -0.0001    0.0002
   5016.92    0.0000   -0.0001    0.0003
   5017.95    0.0000   -0.0001    0.0003
   5018.98    0.0000   -0.0001    0.0003
   5020.01    0.0000   -0.0002    0.0003
   5021.05    0.0000   -0.0002    0.0002
   5022.08    0.0000   -0.0003    0.0001
   5023.11    0.0000   -0.0003    0.0000
   5024.14    0.0000   -0.0004   -0.0001
   5025.18    0.0000   -0.0004   -0.0001
   5026.21    0.0000   -0.0004   -0.0002
   5027.24    0.0000   -0.0003   -0.0002
   5028.27    0.0000   -0.0002   -0.0001
   5029.31    0.0000   -0.0002   -0.0000
   5030.34    0.0000   -0.0002    0.0001
   5031.37    0.0000   -0.0002    0.0002
   5032.40    0.0000   -0.0002    0.0003
   5033.44    0.0000   -0.0002    0.0003
   5034.47    0.0000   -0.0003    0.0003
   5035.50    0.0000   -0.0003    0.0002
   5036.53    0.0000   -0.0003    0.0001
   5037.57    0.0000   -0.0002    0.0001
   5038.60    0.0000   -0.0001    0.0000
   5039.63    0.0000    0.0000    0.0000
   5040.66    0.0000    0.0002    0.0001
   5041.70    0.0000    0.0003    0.0002
   5042.73    0.0000    0.0003    0.0003
   5043.76    0.0000    0.0003    0.0004
   5044.79    0.0000    0.0002    0.0005
   5045.83    0.0000    0.0001    0.0005
   5046.86    0.0000    0.0000    0.0004
   5047.89    0.0000   -0.0001    0.0003
   5048.92    0.0000   -0.0001    0.0001
   5049.96    0.0000   -0.0001    0.0000
   5050.99    0.0000   -0.0001   -0.0001
   5052.02    0.0000   -0.0001   -0.0002
   5053.05    0.0000   -0.0002   -0.0002
   5054.09    0.0000   -0.0002   -0.0003
   5055.12    0.0000   -0.0002   -0.0003
   5056.15    0.0000   -0.0002   -0.0004
   5057.18    0.0000   -0.0002   -0.0003
   5058.22    0.0000   -0.0001   -0.0003
   5059.25    0.0000   -0.0000   -0.0002
   5060.28    0.0000    0.0000   -0.0001
   5061.31    0.0000    0.0001   -0.0000
   5062.35    0.0000    0.0001   -0.0000
   5063.38    0.0000    0.0001   -0.0000
   5064.41    0.0000    0.0000   -0.0001
   5065.44    0.0000   -0.0000   -0.0002
   5066.48    0.0000   -0.0001   -0.0003
   5067.51    0.0000   -0.0001   -0.0004
   5068.54    0.0000   -0.0002   -0.0005
   5069.57    0.0000   -0.0001   -0.0005
   5070.61    0.0000   -0.0001   -0.0006
   5071.64    0.0000    0.0000   -0.0006
   5072.67    0.0000    0.0002   -0.0005
   5073.70    0.0000    0.0004   -0.0003
   5074.74    0.0000    0.0006   -0.0002
   5075.77    0.0000    0.0007    0.0001
   5076.80    0.0000    0.0008    0.0003
   5077.83    0.0000    0.0008    0.0004
   5078.87    0.0000    0.0007    0.0006
   5079.90    0.0000    0.0006    0.0007
   5080.93    0.0000    0.0005    0.0007
   5081.96    0.0000    0.0003    0.0007
   5083.00    0.0000    0.0002    0.0006
   5084.03    0.0000    0.0000    0.0004
   5085.06    0.0000   -0.0001    0.0003
   5086.09    0.0000   -0.0002    0.0001
   5087.13    0.0000   -0.0002   -0.0001
   5088.16    0.0000   -0.0002   -0.0002
   5089.19    0.0000   -0.0002   -0.0003
   5090.22    0.0000   -0.0002   -0.0004
   5091.26    0.0000   -0.0002   -0.0004
   5092.29    0.0000   -0.0001   -0.0003
   5093.32    0.0000   -0.0001   -0.0002
   5094.35    0.0000   -0.0001   -0.0001
   5095.39    0.0000   -0.0001   -0.0000
   5096.42    0.0000   -0.0002    0.0000
   5097.45    0.0000   -0.0002    0.0001
   5098.48    0.0000   -0.0003    0.0001
   5099.52    0.0000   -0.0003    0.0001
   5100.55    0.0000   -0.0004   -0.0000
   5101.58    0.0000   -0.0004   -0.0001
   5102.61    0.0000   -0.0004   -0.0002
   5103.65    0.0000   -0.0005   -0.0003
   5104.68    0.0000   -0.0005   -0.0004
   5105.71    0.0000   -0.0004   -0.0004
   5106.74    0.0000   -0.0004   -0.0004
   5107.78    0.0000   -0.0003   -0.0003
   5108.81    0.0000   -0.0002   -0.0002
   5109.84    0.0000   -0.0001   -0.0001
   5110.87    0.0000    0.0000    0.0000
   5111.91    0.0000    0.0001    0.0001
   5112.94    0.0000    0.0002    0.0002
   5113.97    0.0000    0.0002    0.0002
   5115.00    0.0000    0.0003    0.0002
   5116.04    0.0000    0.0003    0.0002
   5117.07    0.0000    0.0003    0.0001
   5118.10    0.0000    0.0003    0.0001
   5119.13    0.0000    0.0002   -0.0000
   5120.17    0.0000    0.0001   -0.0000
   5121.20    0.0000    0.0000   -0.0001
   5122.23    0.0000   -0.0001   -0.0001
   5123.26    0.0000   -0.0003   -0.0001
   5124.30    0.0000   -0.0004   -0.0001
   5125.33    0.0000   -0.0005   -0.0001
   5126.36    0.0000   -0.0006   -0.0000
   5127.39    0.0000   -0.0006    0.0000
   5128.43    0.0000   -0.0005    0.0001
   5129.46    0.0000   -0.0004    0.0001
   5130.49    0.0000   -0.0002    0.0000
   5131.52    0.0000    0.0000   -0.0001
   5132.56    0.0000    0.0002   -0.0002
   5133.59    0.0000    0.0003   -0.0003
   5134.62    0.0000    0.0003   -0.0004
   5135.65    0.0000    0.0001   -0.0005
   5136.69    0.0000   -0.0000   -0.0003
   5137.72    0.0000   -0.0002   -0.0001
   5138.75    0.0000   -0.0003    0.0001
   5139.78    0.0000   -0.0003    0.0004
   5140.82    0.0000   -0.0002    0.0005
   5141.85    0.0000   -0.0002    0.0004
   5142.88    0.0000   -0.0002    0.0001
   5143.91    0.0000   -0.0002   -0.0003
   5144.95    0.0000   -0.0001   -0.0005
   5145.98    0.0000   -0.0001   -0.0005
   5147.01    0.0000   -0.0001   -0.0005
   5148.04    0.0000   -0.0001   -0.0005
   5149.08    0.0000   -0.0001   -0.0005
   5150.11    0.0000   -0.0001   -0.0005
   5151.14    0.0000   -0.0000   -0.0005
   5152.17    0.0000   -0.0000   -0.0004
   5153.21    0.0000    0.0000   -0.0004
   5154.24    0.0000    0.0000   -0.0004
   5155.27    0.0000    0.0001   -0.0004
   5156.30    0.0000    0.0001   -0.0004
   5157.34    0.0000    0.0001   -0.0003
   5158.37    0.0000    0.0001   -0.0003
   5159.40    0.0000    0.0001   -0.0003
   5160.43    0.0000    0.0001   -0.0003
   5161.47    0.0000    0.0001   -0.0003
   5162.50    0.0000    0.0001   -0.0004
   5163.53    0.0000    0.0001   -0.0004
   5164.56    0.0000    0.0001   -0.0004
   5165.60    0.0000    0.0001   -0.0004
   5166.63    0.0000    0.0001   -0.0004
   5167.66    0.0000    0.0001   -0.0005
   5168.69    0.0000    0.0001   -0.0005
   5169.73    0.0000    0.0001   -0.0005
   5170.76    0.0000    0.0001   -0.0005
   5171.79    0.0000    0.0001   -0.0005
   5172.82    0.0000    0.0001   -0.0005
   5173.86    0.0000    0.0001   -0.0005
   5174.89    0.0000    0.0001   -0.0005
   5175.92    0.0000    0.0001   -0.0005
   5176.95    0.0000    0.0001   -0.0004
   5177.99    0.0000    0.0001   -0.0004
   5179.02    0.0000    0.0001   -0.0004
   5180.05    0.0000    0.0001   -0.0003
   5181.08    0.0000    0.0001   -0.0003
   5182.12    0.0000    0.0001   -0.0003
   5183.15    0.0000    0.0000   -0.0003
   5184.18    0.0000   -0.0000   -0.0003
   5185.21    0.0000   -0.0000   -0.0003
   5186.25    0.0000   -0.0001   -0.0003
   5187.28    0.0000   -0.0001   -0.0004
   5188.31    0.0000   -0.0001   -0.0004
   5189.34    0.0000   -0.0002   -0.0004
   5190.38    0.0000   -0.0002   -0.0004
   5191.41    0.0000   -0.0002   -0.0005
   5192.44    0.0000   -0.0002   -0.0005
   5193.47    0.0000   -0.0002   -0.0005
   5194.51    0.0000   -0.0002   -0.0005
   5195.54    0.0000   -0.0002   -0.0005
   5196.57    0.0000   -0.0002   -0.0005
   5197.60    0.0000   -0.0002   -0.0004
   5198.64    0.0000   -0.0002   -0.0004
   5199.67    0.0000   -0.0002   -0.0004
   5200.70    0.0000   -0.0002   -0.0003
   5201.73    0.0000   -0.0003   -0.0003
   5202.77    0.0000   -0.0003   -0.0003
   5203.80    0.0000   -0.0003   -0.0003
   5204.83    0.0000   -0.0003   -0.0003
   5205.86    0.0000   -0.0001   -0.0002
   5206.90    0.0000    0.0001   -0.0000
   5207.93    0.0000    0.0003    0.0002
   5208.96    0.0000    0.0005    0.0004
   5209.99    0.0000    0.0005    0.0005
   5211.03    0.0000    0.0005    0.0006
   5212.06    0.0000    0.0003    0.0005
   5213.09    0.0000   -0.0000    0.0004
   5214.12    0.0000   -0.0004    0.0001
   5215.16    0.0000   -0.0006   -0.0002
   5216.19    0.0000   -0.0008   -0.0005
   5217.22    0.0000   -0.0008   -0.0007
