     #Time      Norm      Real      Imag
   5154.24    0.0000    0.0001    0.0002
   5155.27    0.0000    0.0003    0.0005
   5156.30    0.0000    0.0005    0.0008
   5157.34    0.0000    0.0006    0.0011
   5158.37    0.0000    0.0008    0.0014
   5159.40    0.0000    0.0009    0.0016
   5160.43    0.0000    0.0010    0.0017
   5161.47    0.0000    0.0011    0.0018
   5162.50    0.0000    0.0012    0.0019
   5163.53    0.0000    0.0012    0.0019
   5164.56    0.0000    0.0012    0.0018
   5165.60    0.0000    0.0012    0.0017
   5166.63    0.0000    0.0012    0.0016
   5167.66    0.0000    0.0011    0.0015
   5168.69    0.0000    0.0011    0.0013
   5169.73    0.0000    0.0010    0.0012
   5170.76    0.0000    0.0009    0.0010
   5171.79    0.0000    0.0009    0.0009
   5172.82    0.0000    0.0008    0.0007
   5173.86    0.0000    0.0007    0.0006
   5174.89    0.0000    0.0006    0.0005
   5175.92    0.0000    0.0006    0.0005
   5176.95    0.0000    0.0005    0.0004
   5177.99    0.0000    0.0005    0.0005
   5179.02    0.0000    0.0004    0.0005
   5180.05    0.0000    0.0004    0.0005
   5181.08    0.0000    0.0003    0.0006
   5182.12    0.0000    0.0002    0.0006
   5183.15    0.0000    0.0001    0.0006
   5184.18    0.0000   -0.0001    0.0006
   5185.21    0.0000   -0.0003    0.0006
   5186.25    0.0000   -0.0005    0.0005
   5187.28    0.0000   -0.0007    0.0004
   5188.31    0.0000   -0.0009    0.0003
   5189.34    0.0000   -0.0011    0.0003
   5190.38    0.0000   -0.0012    0.0003
   5191.41    0.0000   -0.0013    0.0003
   5192.44    0.0000   -0.0013    0.0003
   5193.47    0.0000   -0.0013    0.0004
   5194.51    0.0000   -0.0013    0.0005
   5195.54    0.0000   -0.0012    0.0006
   5196.57    0.0000   -0.0012    0.0007
   5197.60    0.0000   -0.0011    0.0008
   5198.64    0.0000   -0.0011    0.0009
   5199.67    0.0000   -0.0012    0.0010
   5200.70    0.0000   -0.0012    0.0011
   5201.73    0.0000   -0.0013    0.0011
   5202.77    0.0000   -0.0014    0.0012
   5203.80    0.0000   -0.0014    0.0012
   5204.83    0.0000   -0.0014    0.0012
   5205.86    0.0000   -0.0014    0.0012
   5206.90    0.0000   -0.0014    0.0013
   5207.93    0.0000   -0.0013    0.0013
   5208.96    0.0000   -0.0012    0.0014
   5209.99    0.0000   -0.0011    0.0015
   5211.03    0.0000   -0.0009    0.0016
   5212.06    0.0000   -0.0007    0.0018
   5213.09    0.0000   -0.0005    0.0019
   5214.12    0.0000   -0.0003    0.0021
   5215.16    0.0000   -0.0000    0.0022
   5216.19    0.0000    0.0002    0.0024
   5217.22    0.0000    0.0004    0.0025
   5218.25    0.0000    0.0006    0.0026
   5219.29    0.0000    0.0009    0.0027
   5220.32    0.0000    0.0010    0.0028
   5221.35    0.0000    0.0012    0.0029
   5222.38    0.0000    0.0014    0.0029
   5223.42    0.0000    0.0015    0.0029
   5224.45    0.0000    0.0018    0.0029
   5225.48    0.0000    0.0023    0.0029
   5226.51    0.0000    0.0027    0.0028
   5227.55    0.0000    0.0033    0.0027
   5228.58    0.0000    0.0040    0.0026
   5229.61    0.0000    0.0047    0.0026
   5230.64    0.0000    0.0056    0.0026
   5231.68    0.0001    0.0065    0.0027
   5232.71    0.0001    0.0075    0.0029
   5233.74    0.0001    0.0085    0.0030
   5234.77    0.0001    0.0096    0.0028
   5235.81    0.0001    0.0105    0.0023
   5236.84    0.0001    0.0115    0.0014
   5237.87    0.0002    0.0125    0.0003
   5238.90    0.0002    0.0134   -0.0011
   5239.94    0.0002    0.0142   -0.0024
   5240.97    0.0002    0.0151   -0.0037
   5242.00    0.0003    0.0158   -0.0047
   5243.03    0.0003    0.0165   -0.0056
   5244.07    0.0003    0.0172   -0.0063
   5245.10    0.0004    0.0177   -0.0070
   5246.13    0.0004    0.0181   -0.0078
   5247.16    0.0004    0.0183   -0.0087
   5248.20    0.0004    0.0183   -0.0097
   5249.23    0.0004    0.0181   -0.0109
   5250.26    0.0005    0.0178   -0.0121
   5251.29    0.0005    0.0173   -0.0132
   5252.33    0.0005    0.0167   -0.0141
   5253.36    0.0005    0.0161   -0.0147
   5254.39    0.0005    0.0154   -0.0150
   5255.42    0.0004    0.0146   -0.0150
