     #Time      Norm      Real      Imag
   4397.42    0.0000    0.0001    0.0000
   4398.45    0.0000    0.0003   -0.0000
   4399.48    0.0000    0.0005   -0.0001
   4400.51    0.0000    0.0007   -0.0002
   4401.55    0.0000    0.0006   -0.0003
   4402.58    0.0000    0.0005   -0.0004
   4403.61    0.0000    0.0003   -0.0005
   4404.64    0.0000    0.0000   -0.0005
   4405.68    0.0000   -0.0003   -0.0004
   4406.71    0.0000   -0.0005   -0.0002
   4407.74    0.0000   -0.0007   -0.0000
   4408.77    0.0000   -0.0008    0.0002
   4409.81    0.0000   -0.0008    0.0005
   4410.84    0.0000   -0.0007    0.0007
   4411.87    0.0000   -0.0005    0.0008
   4412.90    0.0000   -0.0003    0.0009
   4413.94    0.0000   -0.0001    0.0009
   4414.97    0.0000    0.0001    0.0008
   4416.00    0.0000    0.0003    0.0006
   4417.03    0.0000    0.0003    0.0005
   4418.07    0.0000    0.0003    0.0003
   4419.10    0.0000    0.0002    0.0002
   4420.13    0.0000    0.0000    0.0001
   4421.16    0.0000   -0.0001    0.0001
   4422.20    0.0000   -0.0003    0.0001
   4423.23    0.0000   -0.0004    0.0001
   4424.26    0.0000   -0.0004    0.0002
   4425.29    0.0000   -0.0004    0.0002
   4426.33    0.0000   -0.0004    0.0002
   4427.36    0.0000   -0.0003    0.0002
   4428.39    0.0000   -0.0002    0.0002
   4429.42    0.0000   -0.0002    0.0002
   4430.46    0.0000   -0.0003    0.0001
   4431.49    0.0000   -0.0004    0.0001
   4432.52    0.0000   -0.0005    0.0001
   4433.55    0.0000   -0.0005    0.0002
   4434.59    0.0000   -0.0004    0.0003
   4435.62    0.0000   -0.0003    0.0004
   4436.65    0.0000   -0.0002    0.0005
   4437.68    0.0000   -0.0001    0.0005
   4438.72    0.0000   -0.0001    0.0004
   4439.75    0.0000   -0.0001    0.0003
   4440.78    0.0000   -0.0002    0.0003
   4441.81    0.0000   -0.0003    0.0002
   4442.85    0.0000   -0.0003    0.0003
   4443.88    0.0000   -0.0003    0.0003
   4444.91    0.0000   -0.0002    0.0004
   4445.94    0.0000   -0.0002    0.0005
   4446.98    0.0000   -0.0001    0.0005
   4448.01    0.0000   -0.0000    0.0005
   4449.04    0.0000   -0.0000    0.0006
   4450.07    0.0000   -0.0000    0.0005
   4451.11    0.0000   -0.0001    0.0005
   4452.14    0.0000   -0.0001    0.0005
   4453.17    0.0000   -0.0001    0.0004
   4454.20    0.0000   -0.0001    0.0004
   4455.24    0.0000   -0.0002    0.0004
   4456.27    0.0000   -0.0001    0.0003
   4457.30    0.0000   -0.0001    0.0003
   4458.33    0.0000   -0.0001    0.0004
   4459.37    0.0000   -0.0000    0.0004
   4460.40    0.0000   -0.0000    0.0004
   4461.43    0.0000   -0.0000    0.0004
   4462.46    0.0000   -0.0000    0.0004
   4463.50    0.0000   -0.0001    0.0004
   4464.53    0.0000   -0.0001    0.0004
   4465.56    0.0000   -0.0002    0.0004
   4466.59    0.0000   -0.0003    0.0004
   4467.63    0.0000   -0.0004    0.0004
   4468.66    0.0000   -0.0005    0.0004
   4469.69    0.0000   -0.0006    0.0004
   4470.72    0.0000   -0.0006    0.0004
   4471.76    0.0000   -0.0007    0.0004
   4472.79    0.0000   -0.0008    0.0005
   4473.82    0.0000   -0.0008    0.0006
   4474.85    0.0000   -0.0009    0.0007
   4475.89    0.0000   -0.0009    0.0008
   4476.92    0.0000   -0.0009    0.0009
   4477.95    0.0000   -0.0009    0.0010
   4478.98    0.0000   -0.0009    0.0010
   4480.02    0.0000   -0.0009    0.0011
   4481.05    0.0000   -0.0008    0.0012
   4482.08    0.0000   -0.0007    0.0012
   4483.11    0.0000   -0.0006    0.0012
   4484.15    0.0000   -0.0005    0.0012
   4485.18    0.0000   -0.0003    0.0011
   4486.21    0.0000   -0.0002    0.0010
   4487.24    0.0000   -0.0000    0.0010
   4488.28    0.0000    0.0001    0.0009
   4489.31    0.0000    0.0003    0.0008
   4490.34    0.0000    0.0003    0.0007
   4491.37    0.0000    0.0004    0.0005
   4492.41    0.0000    0.0004    0.0004
   4493.44    0.0000    0.0004    0.0003
   4494.47    0.0000    0.0004    0.0002
   4495.50    0.0000    0.0003    0.0001
   4496.54    0.0000    0.0003    0.0000
   4497.57    0.0000    0.0002   -0.0001
   4498.60    0.0000    0.0002   -0.0002
   4499.63    0.0000    0.0001   -0.0002
   4500.67    0.0000    0.0001   -0.0003
   4501.70    0.0000    0.0001   -0.0004
   4502.73    0.0000    0.0001   -0.0004
   4503.76    0.0000    0.0001   -0.0005
   4504.80    0.0000    0.0001   -0.0005
   4505.83    0.0000    0.0001   -0.0004
   4506.86    0.0000    0.0001   -0.0004
   4507.89    0.0000    0.0001   -0.0003
   4508.93    0.0000    0.0002   -0.0003
   4509.96    0.0000    0.0002   -0.0002
   4510.99    0.0000    0.0002   -0.0002
   4512.02    0.0000    0.0003   -0.0003
   4513.06    0.0000    0.0004   -0.0003
   4514.09    0.0000    0.0006   -0.0005
   4515.12    0.0000    0.0007   -0.0006
   4516.15    0.0000    0.0009   -0.0008
   4517.19    0.0000    0.0010   -0.0010
   4518.22    0.0000    0.0011   -0.0012
   4519.25    0.0000    0.0011   -0.0013
   4520.28    0.0000    0.0011   -0.0014
   4521.32    0.0000    0.0010   -0.0014
   4522.35    0.0000    0.0008   -0.0013
   4523.38    0.0000    0.0006   -0.0012
   4524.41    0.0000    0.0004   -0.0011
   4525.45    0.0000    0.0002   -0.0009
   4526.48    0.0000    0.0000   -0.0008
   4527.51    0.0000   -0.0001   -0.0007
   4528.54    0.0000   -0.0002   -0.0007
   4529.58    0.0000   -0.0003   -0.0007
   4530.61    0.0000   -0.0003   -0.0007
   4531.64    0.0000   -0.0004   -0.0006
   4532.67    0.0000   -0.0004   -0.0006
   4533.71    0.0000   -0.0004   -0.0005
   4534.74    0.0000   -0.0005   -0.0003
   4535.77    0.0000   -0.0005   -0.0001
   4536.80    0.0000   -0.0006    0.0002
   4537.84    0.0000   -0.0006    0.0004
   4538.87    0.0000   -0.0005    0.0006
   4539.90    0.0000   -0.0004    0.0007
   4540.93    0.0000   -0.0003    0.0007
   4541.97    0.0000   -0.0001    0.0006
   4543.00    0.0000    0.0001    0.0004
   4544.03    0.0000    0.0002    0.0002
   4545.06    0.0000    0.0003    0.0000
   4546.10    0.0000    0.0003   -0.0001
   4547.13    0.0000    0.0002   -0.0001
   4548.16    0.0000    0.0000    0.0000
   4549.19    0.0000   -0.0002    0.0002
   4550.23    0.0000   -0.0004    0.0003
   4551.26    0.0000   -0.0005    0.0005
   4552.29    0.0000   -0.0007    0.0006
   4553.32    0.0000   -0.0007    0.0007
   4554.36    0.0000   -0.0007    0.0007
   4555.39    0.0000   -0.0007    0.0007
   4556.42    0.0000   -0.0007    0.0008
   4557.45    0.0000   -0.0006    0.0008
   4558.49    0.0000   -0.0006    0.0009
   4559.52    0.0000   -0.0006    0.0011
   4560.55    0.0000   -0.0006    0.0012
   4561.58    0.0000   -0.0006    0.0013
   4562.62    0.0000   -0.0006    0.0014
   4563.65    0.0000   -0.0006    0.0014
   4564.68    0.0000   -0.0005    0.0013
   4565.71    0.0000   -0.0005    0.0011
   4566.75    0.0000   -0.0004    0.0010
   4567.78    0.0000   -0.0003    0.0008
   4568.81    0.0000   -0.0003    0.0006
   4569.84    0.0000   -0.0002    0.0004
   4570.88    0.0000   -0.0002    0.0003
   4571.91    0.0000   -0.0001    0.0001
   4572.94    0.0000   -0.0001   -0.0001
   4573.97    0.0000   -0.0001   -0.0003
   4575.01    0.0000   -0.0002   -0.0004
   4576.04    0.0000   -0.0002   -0.0005
   4577.07    0.0000   -0.0003   -0.0005
   4578.10    0.0000   -0.0004   -0.0005
   4579.14    0.0000   -0.0004   -0.0004
   4580.17    0.0000   -0.0005   -0.0003
   4581.20    0.0000   -0.0005   -0.0003
   4582.23    0.0000   -0.0005   -0.0003
   4583.27    0.0000   -0.0005   -0.0003
   4584.30    0.0000   -0.0005   -0.0003
   4585.33    0.0000   -0.0005   -0.0003
   4586.36    0.0000   -0.0005   -0.0002
   4587.40    0.0000   -0.0005   -0.0002
   4588.43    0.0000   -0.0005   -0.0002
   4589.46    0.0000   -0.0005   -0.0002
   4590.49    0.0000   -0.0004   -0.0001
   4591.53    0.0000   -0.0004   -0.0001
   4592.56    0.0000   -0.0003   -0.0001
   4593.59    0.0000   -0.0002   -0.0001
   4594.62    0.0000   -0.0002   -0.0001
   4595.66    0.0000   -0.0001   -0.0000
   4596.69    0.0000    0.0000   -0.0000
   4597.72    0.0000    0.0001    0.0000
   4598.75    0.0000    0.0002    0.0000
   4599.79    0.0000    0.0003    0.0000
   4600.82    0.0000    0.0005   -0.0000
   4601.85    0.0000    0.0006   -0.0001
   4602.88    0.0000    0.0007   -0.0002
   4603.92    0.0000    0.0008   -0.0003
   4604.95    0.0000    0.0009   -0.0005
   4605.98    0.0000    0.0010   -0.0006
   4607.01    0.0000    0.0011   -0.0007
   4608.05    0.0000    0.0011   -0.0008
   4609.08    0.0000    0.0012   -0.0009
   4610.11    0.0000    0.0012   -0.0010
   4611.14    0.0000    0.0012   -0.0010
   4612.18    0.0000    0.0012   -0.0010
   4613.21    0.0000    0.0012   -0.0010
   4614.24    0.0000    0.0012   -0.0010
   4615.27    0.0000    0.0012   -0.0010
   4616.31    0.0000    0.0011   -0.0009
   4617.34    0.0000    0.0011   -0.0009
   4618.37    0.0000    0.0011   -0.0008
   4619.40    0.0000    0.0011   -0.0008
   4620.44    0.0000    0.0010   -0.0007
   4621.47    0.0000    0.0010   -0.0007
   4622.50    0.0000    0.0010   -0.0006
   4623.53    0.0000    0.0010   -0.0006
   4624.57    0.0000    0.0010   -0.0006
   4625.60    0.0000    0.0010   -0.0006
   4626.63    0.0000    0.0009   -0.0006
   4627.66    0.0000    0.0009   -0.0006
   4628.70    0.0000    0.0009   -0.0006
   4629.73    0.0000    0.0008   -0.0006
   4630.76    0.0000    0.0008   -0.0005
   4631.79    0.0000    0.0007   -0.0005
   4632.83    0.0000    0.0007   -0.0005
   4633.86    0.0000    0.0007   -0.0004
   4634.89    0.0000    0.0006   -0.0004
   4635.92    0.0000    0.0006   -0.0004
   4636.96    0.0000    0.0006   -0.0004
   4637.99    0.0000    0.0006   -0.0003
   4639.02    0.0000    0.0006   -0.0003
   4640.05    0.0000    0.0006   -0.0003
   4641.09    0.0000    0.0007   -0.0003
   4642.12    0.0000    0.0007   -0.0003
   4643.15    0.0000    0.0008   -0.0003
   4644.18    0.0000    0.0008   -0.0003
   4645.22    0.0000    0.0008   -0.0004
   4646.25    0.0000    0.0009   -0.0004
   4647.28    0.0000    0.0009   -0.0004
   4648.31    0.0000    0.0009   -0.0004
   4649.35    0.0000    0.0009   -0.0004
   4650.38    0.0000    0.0009   -0.0003
   4651.41    0.0000    0.0008   -0.0003
   4652.44    0.0000    0.0008   -0.0003
   4653.48    0.0000    0.0007   -0.0002
   4654.51    0.0000    0.0007   -0.0002
   4655.54    0.0000    0.0006   -0.0002
   4656.57    0.0000    0.0006   -0.0002
   4657.61    0.0000    0.0006   -0.0002
   4658.64    0.0000    0.0006   -0.0002
   4659.67    0.0000    0.0005   -0.0002
   4660.70    0.0000    0.0005   -0.0002
   4661.74    0.0000    0.0005   -0.0003
   4662.77    0.0000    0.0005   -0.0003
   4663.80    0.0000    0.0005   -0.0003
   4664.83    0.0000    0.0005   -0.0003
   4665.87    0.0000    0.0005   -0.0003
   4666.90    0.0000    0.0005   -0.0003
   4667.93    0.0000    0.0005   -0.0003
   4668.96    0.0000    0.0004   -0.0003
   4670.00    0.0000    0.0004   -0.0003
   4671.03    0.0000    0.0003   -0.0002
   4672.06    0.0000    0.0002   -0.0002
   4673.09    0.0000    0.0001   -0.0002
   4674.13    0.0000    0.0000   -0.0002
   4675.16    0.0000   -0.0000   -0.0002
   4676.19    0.0000   -0.0001   -0.0002
   4677.22    0.0000   -0.0002   -0.0002
   4678.26    0.0000   -0.0002   -0.0002
   4679.29    0.0000   -0.0003   -0.0002
   4680.32    0.0000   -0.0003   -0.0001
   4681.35    0.0000   -0.0004   -0.0001
   4682.39    0.0000   -0.0004    0.0000
   4683.42    0.0000   -0.0003    0.0001
   4684.45    0.0000   -0.0003    0.0002
   4685.48    0.0000   -0.0003    0.0002
   4686.52    0.0000   -0.0002    0.0003
   4687.55    0.0000   -0.0001    0.0003
   4688.58    0.0000   -0.0001    0.0004
   4689.61    0.0000   -0.0000    0.0004
   4690.65    0.0000    0.0001    0.0005
   4691.68    0.0000    0.0001    0.0005
   4692.71    0.0000    0.0002    0.0005
   4693.74    0.0000    0.0002    0.0005
   4694.78    0.0000    0.0002    0.0005
   4695.81    0.0000    0.0002    0.0005
   4696.84    0.0000    0.0002    0.0004
   4697.87    0.0000    0.0002    0.0003
   4698.91    0.0000    0.0001    0.0003
   4699.94    0.0000    0.0001    0.0002
   4700.97    0.0000    0.0000    0.0002
   4702.00    0.0000    0.0000    0.0001
   4703.04    0.0000   -0.0000    0.0001
   4704.07    0.0000    0.0000    0.0001
   4705.10    0.0000    0.0000    0.0001
   4706.13    0.0000    0.0001    0.0001
   4707.17    0.0000    0.0001    0.0001
   4708.20    0.0000    0.0001    0.0001
   4709.23    0.0000    0.0001    0.0001
   4710.26    0.0000    0.0002    0.0001
   4711.30    0.0000    0.0002    0.0000
   4712.33    0.0000    0.0001    0.0000
   4713.36    0.0000    0.0001    0.0001
   4714.39    0.0000    0.0001    0.0001
   4715.43    0.0000    0.0000    0.0002
   4716.46    0.0000   -0.0000    0.0003
   4717.49    0.0000   -0.0000    0.0003
   4718.52    0.0000   -0.0001    0.0004
   4719.56    0.0000   -0.0001    0.0004
   4720.59    0.0000   -0.0001    0.0003
   4721.62    0.0000   -0.0001    0.0002
   4722.65    0.0000   -0.0001    0.0001
   4723.69    0.0000   -0.0001   -0.0000
   4724.72    0.0000    0.0000   -0.0001
   4725.75    0.0000    0.0002   -0.0002
   4726.78    0.0000    0.0003   -0.0002
   4727.82    0.0000    0.0004   -0.0002
   4728.85    0.0000    0.0005   -0.0001
   4729.88    0.0000    0.0006   -0.0001
   4730.91    0.0000    0.0005   -0.0001
   4731.95    0.0000    0.0005   -0.0001
   4732.98    0.0000    0.0003   -0.0002
   4734.01    0.0000    0.0002   -0.0003
   4735.04    0.0000    0.0001   -0.0004
   4736.08    0.0000   -0.0000   -0.0003
   4737.11    0.0000   -0.0001   -0.0003
   4738.14    0.0000   -0.0000   -0.0001
   4739.17    0.0000    0.0001    0.0002
   4740.21    0.0000    0.0002    0.0004
   4741.24    0.0000    0.0003    0.0007
   4742.27    0.0000    0.0004    0.0008
   4743.30    0.0000    0.0003    0.0007
   4744.34    0.0000    0.0002    0.0006
   4745.37    0.0000    0.0001    0.0003
   4746.40    0.0000    0.0001    0.0001
   4747.43    0.0000    0.0003   -0.0001
   4748.47    0.0000    0.0005   -0.0001
   4749.50    0.0000    0.0008   -0.0000
   4750.53    0.0000    0.0010    0.0001
   4751.56    0.0000    0.0010    0.0001
   4752.60    0.0000    0.0009    0.0001
   4753.63    0.0000    0.0007   -0.0001
   4754.66    0.0000    0.0005   -0.0001
   4755.69    0.0000    0.0005   -0.0001
   4756.73    0.0000    0.0005   -0.0000
   4757.76    0.0000    0.0006    0.0000
   4758.79    0.0000    0.0006    0.0001
   4759.82    0.0000    0.0006    0.0001
   4760.86    0.0000    0.0005    0.0002
   4761.89    0.0000    0.0005    0.0002
   4762.92    0.0000    0.0004    0.0002
   4763.95    0.0000    0.0004    0.0002
   4764.99    0.0000    0.0004    0.0002
   4766.02    0.0000    0.0004    0.0002
   4767.05    0.0000    0.0004    0.0002
   4768.08    0.0000    0.0004    0.0003
   4769.12    0.0000    0.0005    0.0003
   4770.15    0.0000    0.0005    0.0004
   4771.18    0.0000    0.0005    0.0004
   4772.21    0.0000    0.0005    0.0005
   4773.25    0.0000    0.0005    0.0005
   4774.28    0.0000    0.0005    0.0005
   4775.31    0.0000    0.0004    0.0004
   4776.34    0.0000    0.0003    0.0004
   4777.38    0.0000    0.0003    0.0003
   4778.41    0.0000    0.0002    0.0002
   4779.44    0.0000    0.0003    0.0002
   4780.47    0.0000    0.0003    0.0001
   4781.51    0.0000    0.0004    0.0001
   4782.54    0.0000    0.0005    0.0000
   4783.57    0.0000    0.0006   -0.0000
   4784.60    0.0000    0.0007   -0.0001
   4785.64    0.0000    0.0008   -0.0001
   4786.67    0.0000    0.0008   -0.0002
   4787.70    0.0000    0.0009   -0.0002
   4788.73    0.0000    0.0008   -0.0002
   4789.77    0.0000    0.0008   -0.0002
   4790.80    0.0000    0.0007   -0.0001
   4791.83    0.0000    0.0007   -0.0001
   4792.86    0.0000    0.0006   -0.0001
   4793.90    0.0000    0.0005   -0.0001
   4794.93    0.0000    0.0005   -0.0001
   4795.96    0.0000    0.0004   -0.0001
   4796.99    0.0000    0.0004   -0.0001
   4798.03    0.0000    0.0003   -0.0001
   4799.06    0.0000    0.0003   -0.0001
   4800.09    0.0000    0.0002   -0.0001
   4801.12    0.0000    0.0001   -0.0001
   4802.16    0.0000    0.0001   -0.0000
   4803.19    0.0000    0.0001    0.0000
   4804.22    0.0000   -0.0000    0.0000
   4805.25    0.0000   -0.0001    0.0001
   4806.29    0.0000   -0.0001    0.0001
   4807.32    0.0000   -0.0002    0.0002
   4808.35    0.0000   -0.0002    0.0002
   4809.38    0.0000   -0.0002    0.0003
   4810.42    0.0000   -0.0002    0.0003
   4811.45    0.0000   -0.0002    0.0003
   4812.48    0.0000   -0.0002    0.0002
   4813.51    0.0000   -0.0002    0.0002
   4814.55    0.0000   -0.0002    0.0001
   4815.58    0.0000   -0.0002    0.0001
   4816.61    0.0000   -0.0003    0.0001
   4817.64    0.0000   -0.0004    0.0001
   4818.68    0.0000   -0.0005    0.0001
   4819.71    0.0000   -0.0006    0.0001
   4820.74    0.0000   -0.0006    0.0001
   4821.77    0.0000   -0.0006    0.0000
   4822.81    0.0000   -0.0006   -0.0000
   4823.84    0.0000   -0.0005   -0.0001
   4824.87    0.0000   -0.0004   -0.0001
   4825.90    0.0000   -0.0004   -0.0002
   4826.94    0.0000   -0.0003   -0.0003
   4827.97    0.0000   -0.0003   -0.0003
   4829.00    0.0000   -0.0002   -0.0003
   4830.03    0.0000   -0.0001   -0.0003
   4831.07    0.0000    0.0001   -0.0002
   4832.10    0.0000    0.0002   -0.0002
   4833.13    0.0000    0.0002   -0.0003
   4834.16    0.0000    0.0001   -0.0003
   4835.20    0.0000   -0.0001   -0.0004
   4836.23    0.0000   -0.0003   -0.0004
   4837.26    0.0000   -0.0004   -0.0005
   4838.29    0.0000   -0.0004   -0.0005
   4839.33    0.0000   -0.0003   -0.0005
   4840.36    0.0000   -0.0002   -0.0005
   4841.39    0.0000    0.0000   -0.0005
   4842.42    0.0000    0.0002   -0.0006
   4843.46    0.0000    0.0004   -0.0006
   4844.49    0.0000    0.0006   -0.0005
   4845.52    0.0000    0.0005   -0.0003
   4846.55    0.0000    0.0003   -0.0001
   4847.59    0.0000    0.0001    0.0002
   4848.62    0.0000    0.0000    0.0004
   4849.65    0.0000    0.0002    0.0004
   4850.68    0.0000    0.0003    0.0002
   4851.72    0.0000    0.0005   -0.0000
   4852.75    0.0000    0.0005   -0.0002
   4853.78    0.0000    0.0003   -0.0003
   4854.81    0.0000    0.0001   -0.0002
   4855.85    0.0000   -0.0000   -0.0000
   4856.88    0.0000   -0.0000    0.0001
   4857.91    0.0000    0.0001    0.0002
   4858.94    0.0000    0.0003    0.0001
   4859.98    0.0000    0.0004   -0.0000
   4861.01    0.0000    0.0004   -0.0002
   4862.04    0.0000    0.0003   -0.0002
   4863.07    0.0000    0.0002   -0.0002
   4864.11    0.0000    0.0002   -0.0002
   4865.14    0.0000    0.0003   -0.0002
   4866.17    0.0000    0.0004   -0.0003
   4867.20    0.0000    0.0006   -0.0005
   4868.24    0.0000    0.0007   -0.0006
   4869.27    0.0000    0.0007   -0.0008
   4870.30    0.0000    0.0006   -0.0008
   4871.33    0.0000    0.0003   -0.0009
   4872.37    0.0000   -0.0000   -0.0009
   4873.40    0.0000   -0.0003   -0.0009
   4874.43    0.0000   -0.0006   -0.0009
   4875.46    0.0000   -0.0007   -0.0009
   4876.50    0.0000   -0.0007   -0.0009
   4877.53    0.0000   -0.0005   -0.0008
   4878.56    0.0000   -0.0003   -0.0006
   4879.59    0.0000   -0.0000   -0.0005
   4880.63    0.0000    0.0002   -0.0004
   4881.66    0.0000    0.0004   -0.0004
   4882.69    0.0000    0.0005   -0.0004
   4883.72    0.0000    0.0005   -0.0005
   4884.76    0.0000    0.0003   -0.0005
   4885.79    0.0000    0.0002   -0.0004
   4886.82    0.0000    0.0001   -0.0003
   4887.85    0.0000    0.0001   -0.0002
   4888.89    0.0000    0.0001   -0.0001
   4889.92    0.0000    0.0003    0.0000
   4890.95    0.0000    0.0004    0.0000
   4891.98    0.0000    0.0005    0.0000
   4893.02    0.0000    0.0006   -0.0001
   4894.05    0.0000    0.0006   -0.0002
   4895.08    0.0000    0.0006   -0.0003
   4896.11    0.0000    0.0005   -0.0003
   4897.15    0.0000    0.0004   -0.0003
   4898.18    0.0000    0.0002   -0.0003
   4899.21    0.0000    0.0002   -0.0001
   4900.24    0.0000    0.0001    0.0000
   4901.28    0.0000    0.0001    0.0002
   4902.31    0.0000    0.0002    0.0004
   4903.34    0.0000    0.0003    0.0005
   4904.37    0.0000    0.0004    0.0005
   4905.41    0.0000    0.0005    0.0004
   4906.44    0.0000    0.0006    0.0003
   4907.47    0.0000    0.0006    0.0002
   4908.50    0.0000    0.0006    0.0001
   4909.54    0.0000    0.0006   -0.0000
   4910.57    0.0000    0.0005   -0.0001
   4911.60    0.0000    0.0005   -0.0001
   4912.63    0.0000    0.0005   -0.0001
   4913.67    0.0000    0.0004   -0.0001
   4914.70    0.0000    0.0004    0.0000
   4915.73    0.0000    0.0004    0.0001
   4916.76    0.0000    0.0004    0.0002
   4917.80    0.0000    0.0004    0.0002
   4918.83    0.0000    0.0004    0.0003
   4919.86    0.0000    0.0003    0.0003
   4920.89    0.0000    0.0004    0.0003
   4921.93    0.0000    0.0004    0.0003
   4922.96    0.0000    0.0005    0.0003
   4923.99    0.0000    0.0005    0.0003
   4925.02    0.0000    0.0006    0.0002
   4926.06    0.0000    0.0007    0.0001
   4927.09    0.0000    0.0007    0.0001
   4928.12    0.0000    0.0007   -0.0000
   4929.15    0.0000    0.0007   -0.0001
   4930.19    0.0000    0.0006   -0.0001
   4931.22    0.0000    0.0006   -0.0002
   4932.25    0.0000    0.0005   -0.0001
   4933.28    0.0000    0.0004   -0.0001
   4934.32    0.0000    0.0004   -0.0000
   4935.35    0.0000    0.0004    0.0001
   4936.38    0.0000    0.0004    0.0001
   4937.41    0.0000    0.0004    0.0002
   4938.45    0.0000    0.0005    0.0002
   4939.48    0.0000    0.0005    0.0001
   4940.51    0.0000    0.0006    0.0001
   4941.54    0.0000    0.0006    0.0000
   4942.58    0.0000    0.0006   -0.0000
   4943.61    0.0000    0.0006   -0.0001
   4944.64    0.0000    0.0006   -0.0001
   4945.67    0.0000    0.0006   -0.0001
   4946.71    0.0000    0.0006   -0.0001
   4947.74    0.0000    0.0006   -0.0001
   4948.77    0.0000    0.0006   -0.0001
   4949.80    0.0000    0.0006   -0.0001
   4950.84    0.0000    0.0006   -0.0001
   4951.87    0.0000    0.0006   -0.0001
   4952.90    0.0000    0.0005   -0.0001
   4953.93    0.0000    0.0005   -0.0001
   4954.97    0.0000    0.0005   -0.0001
   4956.00    0.0000    0.0005   -0.0000
   4957.03    0.0000    0.0005   -0.0000
   4958.06    0.0000    0.0005    0.0000
   4959.10    0.0000    0.0004    0.0000
   4960.13    0.0000    0.0004    0.0001
   4961.16    0.0000    0.0004    0.0001
   4962.19    0.0000    0.0004    0.0001
   4963.23    0.0000    0.0004    0.0001
   4964.26    0.0000    0.0004    0.0001
   4965.29    0.0000    0.0005    0.0001
   4966.32    0.0000    0.0005    0.0001
   4967.36    0.0000    0.0005    0.0001
   4968.39    0.0000    0.0005    0.0001
   4969.42    0.0000    0.0005    0.0001
   4970.45    0.0000    0.0005    0.0001
   4971.49    0.0000    0.0005    0.0001
   4972.52    0.0000    0.0005    0.0001
   4973.55    0.0000    0.0006    0.0001
   4974.58    0.0000    0.0006    0.0001
   4975.62    0.0000    0.0006    0.0001
   4976.65    0.0000    0.0006    0.0001
   4977.68    0.0000    0.0006    0.0001
   4978.71    0.0000    0.0006    0.0001
   4979.75    0.0000    0.0006    0.0001
   4980.78    0.0000    0.0006    0.0000
   4981.81    0.0000    0.0006    0.0000
   4982.84    0.0000    0.0006    0.0000
   4983.88    0.0000    0.0006    0.0000
   4984.91    0.0000    0.0006    0.0000
   4985.94    0.0000    0.0006    0.0000
   4986.97    0.0000    0.0006    0.0000
   4988.01    0.0000    0.0006    0.0000
   4989.04    0.0000    0.0006    0.0000
   4990.07    0.0000    0.0006    0.0000
   4991.10    0.0000    0.0006    0.0000
   4992.14    0.0000    0.0006    0.0000
   4993.17    0.0000    0.0006    0.0000
   4994.20    0.0000    0.0006    0.0000
   4995.23    0.0000    0.0006   -0.0000
   4996.27    0.0000    0.0006   -0.0000
   4997.30    0.0000    0.0005   -0.0000
   4998.33    0.0000    0.0005   -0.0000
   4999.36    0.0000    0.0005    0.0000
   5000.40    0.0000    0.0005    0.0000
   5001.43    0.0000    0.0005    0.0000
   5002.46    0.0000    0.0005    0.0000
   5003.49    0.0000    0.0005    0.0000
   5004.53    0.0000    0.0005    0.0000
   5005.56    0.0000    0.0005    0.0000
   5006.59    0.0000    0.0005   -0.0000
   5007.62    0.0000    0.0005   -0.0000
   5008.66    0.0000    0.0005   -0.0000
   5009.69    0.0000    0.0005   -0.0000
   5010.72    0.0000    0.0005   -0.0000
   5011.75    0.0000    0.0005   -0.0000
   5012.79    0.0000    0.0005   -0.0000
   5013.82    0.0000    0.0005   -0.0000
   5014.85    0.0000    0.0005   -0.0000
   5015.88    0.0000    0.0005   -0.0000
   5016.92    0.0000    0.0005   -0.0000
   5017.95    0.0000    0.0005   -0.0000
   5018.98    0.0000    0.0005   -0.0000
   5020.01    0.0000    0.0005   -0.0000
   5021.05    0.0000    0.0005   -0.0000
   5022.08    0.0000    0.0005   -0.0000
   5023.11    0.0000    0.0005   -0.0000
   5024.14    0.0000    0.0005   -0.0000
   5025.18    0.0000    0.0005   -0.0000
   5026.21    0.0000    0.0005   -0.0000
   5027.24    0.0000    0.0006   -0.0000
   5028.27    0.0000    0.0006   -0.0000
   5029.31    0.0000    0.0006   -0.0000
   5030.34    0.0000    0.0006   -0.0000
   5031.37    0.0000    0.0006   -0.0000
   5032.40    0.0000    0.0006   -0.0000
   5033.44    0.0000    0.0006   -0.0000
   5034.47    0.0000    0.0006   -0.0000
   5035.50    0.0000    0.0006   -0.0000
   5036.53    0.0000    0.0006   -0.0000
   5037.57    0.0000    0.0006   -0.0000
   5038.60    0.0000    0.0006   -0.0001
   5039.63    0.0000    0.0006   -0.0001
   5040.66    0.0000    0.0006   -0.0001
   5041.70    0.0000    0.0006   -0.0001
   5042.73    0.0000    0.0006   -0.0001
   5043.76    0.0000    0.0006   -0.0001
   5044.79    0.0000    0.0006   -0.0001
   5045.83    0.0000    0.0006   -0.0001
   5046.86    0.0000    0.0006   -0.0001
   5047.89    0.0000    0.0006   -0.0001
   5048.92    0.0000    0.0006   -0.0000
   5049.96    0.0000    0.0006   -0.0000
   5050.99    0.0000    0.0006   -0.0000
   5052.02    0.0000    0.0006   -0.0000
   5053.05    0.0000    0.0006   -0.0000
   5054.09    0.0000    0.0006   -0.0000
   5055.12    0.0000    0.0006   -0.0000
   5056.15    0.0000    0.0006   -0.0000
   5057.18    0.0000    0.0006   -0.0000
   5058.22    0.0000    0.0006   -0.0000
   5059.25    0.0000    0.0006   -0.0000
   5060.28    0.0000    0.0006   -0.0000
   5061.31    0.0000    0.0006   -0.0000
   5062.35    0.0000    0.0005   -0.0000
   5063.38    0.0000    0.0005   -0.0000
   5064.41    0.0000    0.0005   -0.0000
   5065.44    0.0000    0.0005   -0.0000
   5066.48    0.0000    0.0005   -0.0000
   5067.51    0.0000    0.0005   -0.0000
   5068.54    0.0000    0.0005   -0.0000
   5069.57    0.0000    0.0005   -0.0000
   5070.61    0.0000    0.0005   -0.0000
   5071.64    0.0000    0.0005   -0.0000
   5072.67    0.0000    0.0005   -0.0000
   5073.70    0.0000    0.0005   -0.0000
   5074.74    0.0000    0.0005   -0.0000
   5075.77    0.0000    0.0005   -0.0000
   5076.80    0.0000    0.0005   -0.0000
   5077.83    0.0000    0.0005   -0.0000
   5078.87    0.0000    0.0005   -0.0000
   5079.90    0.0000    0.0005   -0.0000
   5080.93    0.0000    0.0005   -0.0001
   5081.96    0.0000    0.0005   -0.0001
   5083.00    0.0000    0.0005   -0.0001
   5084.03    0.0000    0.0005   -0.0001
   5085.06    0.0000    0.0006   -0.0001
   5086.09    0.0000    0.0006   -0.0001
   5087.13    0.0000    0.0006   -0.0001
   5088.16    0.0000    0.0006   -0.0001
   5089.19    0.0000    0.0006   -0.0001
   5090.22    0.0000    0.0006   -0.0001
   5091.26    0.0000    0.0006   -0.0001
   5092.29    0.0000    0.0006   -0.0001
   5093.32    0.0000    0.0006   -0.0001
   5094.35    0.0000    0.0006   -0.0001
   5095.39    0.0000    0.0006   -0.0001
   5096.42    0.0000    0.0006   -0.0001
   5097.45    0.0000    0.0006   -0.0001
   5098.48    0.0000    0.0006   -0.0001
   5099.52    0.0000    0.0006   -0.0001
   5100.55    0.0000    0.0006   -0.0001
   5101.58    0.0000    0.0006   -0.0001
   5102.61    0.0000    0.0006   -0.0001
   5103.65    0.0000    0.0006   -0.0001
   5104.68    0.0000    0.0005   -0.0001
   5105.71    0.0000    0.0005   -0.0001
   5106.74    0.0000    0.0005   -0.0001
   5107.78    0.0000    0.0005   -0.0001
   5108.81    0.0000    0.0005   -0.0001
   5109.84    0.0000    0.0005   -0.0001
   5110.87    0.0000    0.0005   -0.0001
   5111.91    0.0000    0.0005   -0.0001
   5112.94    0.0000    0.0006   -0.0001
   5113.97    0.0000    0.0006   -0.0001
   5115.00    0.0000    0.0006   -0.0001
   5116.04    0.0000    0.0006   -0.0001
   5117.07    0.0000    0.0006   -0.0001
   5118.10    0.0000    0.0006   -0.0001
   5119.13    0.0000    0.0006   -0.0001
   5120.17    0.0000    0.0006   -0.0001
   5121.20    0.0000    0.0006   -0.0001
   5122.23    0.0000    0.0006   -0.0001
   5123.26    0.0000    0.0006   -0.0001
   5124.30    0.0000    0.0006   -0.0001
   5125.33    0.0000    0.0005   -0.0001
   5126.36    0.0000    0.0005   -0.0001
   5127.39    0.0000    0.0005   -0.0001
   5128.43    0.0000    0.0005   -0.0001
   5129.46    0.0000    0.0005   -0.0001
   5130.49    0.0000    0.0005   -0.0001
   5131.52    0.0000    0.0006   -0.0001
   5132.56    0.0000    0.0006   -0.0001
   5133.59    0.0000    0.0006   -0.0001
   5134.62    0.0000    0.0006   -0.0001
   5135.65    0.0000    0.0006   -0.0001
   5136.69    0.0000    0.0006   -0.0001
   5137.72    0.0000    0.0006   -0.0001
   5138.75    0.0000    0.0006   -0.0001
   5139.78    0.0000    0.0006   -0.0001
   5140.82    0.0000    0.0006   -0.0001
   5141.85    0.0000    0.0006   -0.0001
   5142.88    0.0000    0.0006   -0.0001
   5143.91    0.0000    0.0006   -0.0001
   5144.95    0.0000    0.0006   -0.0001
   5145.98    0.0000    0.0006   -0.0000
   5147.01    0.0000    0.0006   -0.0000
   5148.04    0.0000    0.0006   -0.0000
   5149.08    0.0000    0.0006   -0.0000
   5150.11    0.0000    0.0006   -0.0000
   5151.14    0.0000    0.0006   -0.0000
   5152.17    0.0000    0.0006   -0.0000
   5153.21    0.0000    0.0006   -0.0000
   5154.24    0.0000    0.0006   -0.0000
   5155.27    0.0000    0.0006   -0.0000
   5156.30    0.0000    0.0006   -0.0000
   5157.34    0.0000    0.0006   -0.0000
   5158.37    0.0000    0.0006   -0.0000
   5159.40    0.0000    0.0006    0.0000
   5160.43    0.0000    0.0006    0.0000
   5161.47    0.0000    0.0006    0.0000
   5162.50    0.0000    0.0006    0.0000
   5163.53    0.0000    0.0006    0.0000
   5164.56    0.0000    0.0005    0.0000
   5165.60    0.0000    0.0005    0.0000
   5166.63    0.0000    0.0005    0.0000
   5167.66    0.0000    0.0005    0.0001
   5168.69    0.0000    0.0005    0.0001
   5169.73    0.0000    0.0005    0.0001
   5170.76    0.0000    0.0005    0.0001
   5171.79    0.0000    0.0005    0.0001
   5172.82    0.0000    0.0005    0.0001
   5173.86    0.0000    0.0005    0.0001
   5174.89    0.0000    0.0005    0.0001
   5175.92    0.0000    0.0005    0.0001
   5176.95    0.0000    0.0005    0.0001
   5177.99    0.0000    0.0005    0.0001
   5179.02    0.0000    0.0005    0.0001
   5180.05    0.0000    0.0005    0.0002
   5181.08    0.0000    0.0005    0.0002
   5182.12    0.0000    0.0005    0.0002
   5183.15    0.0000    0.0005    0.0002
   5184.18    0.0000    0.0005    0.0002
   5185.21    0.0000    0.0005    0.0002
   5186.25    0.0000    0.0005    0.0002
   5187.28    0.0000    0.0005    0.0002
   5188.31    0.0000    0.0005    0.0002
   5189.34    0.0000    0.0005    0.0002
   5190.38    0.0000    0.0004    0.0003
   5191.41    0.0000    0.0004    0.0003
   5192.44    0.0000    0.0004    0.0003
   5193.47    0.0000    0.0004    0.0003
   5194.51    0.0000    0.0004    0.0003
   5195.54    0.0000    0.0004    0.0003
   5196.57    0.0000    0.0004    0.0003
   5197.60    0.0000    0.0004    0.0003
   5198.64    0.0000    0.0003    0.0004
   5199.67    0.0000    0.0003    0.0004
   5200.70    0.0000    0.0003    0.0004
   5201.73    0.0000    0.0003    0.0004
   5202.77    0.0000    0.0003    0.0004
   5203.80    0.0000    0.0003    0.0004
   5204.83    0.0000    0.0002    0.0004
   5205.86    0.0000    0.0002    0.0004
   5206.90    0.0000    0.0002    0.0004
   5207.93    0.0000    0.0002    0.0004
   5208.96    0.0000    0.0001    0.0004
   5209.99    0.0000    0.0001    0.0005
   5211.03    0.0000    0.0001    0.0005
   5212.06    0.0000    0.0001    0.0005
   5213.09    0.0000    0.0000    0.0005
   5214.12    0.0000    0.0000    0.0005
   5215.16    0.0000   -0.0000    0.0005
   5216.19    0.0000   -0.0000    0.0005
   5217.22    0.0000   -0.0001    0.0005
   5218.25    0.0000   -0.0001    0.0005
   5219.29    0.0000   -0.0001    0.0005
   5220.32    0.0000   -0.0001    0.0005
   5221.35    0.0000   -0.0002    0.0004
