     #Time      Norm      Real      Imag
   4154.78    0.0000   -0.0000    0.0000
   4155.81    0.0000   -0.0000    0.0000
   4156.84    0.0000   -0.0001    0.0000
   4157.88    0.0000   -0.0001    0.0000
   4158.91    0.0000   -0.0001    0.0000
   4159.94    0.0000   -0.0001    0.0000
   4160.97    0.0000   -0.0002    0.0000
   4162.01    0.0000   -0.0002    0.0000
   4163.04    0.0000   -0.0002    0.0000
   4164.07    0.0000   -0.0002    0.0000
   4165.10    0.0000   -0.0001    0.0000
   4166.14    0.0000   -0.0001    0.0000
   4167.17    0.0000   -0.0001    0.0000
   4168.20    0.0000   -0.0001    0.0000
   4169.23    0.0000   -0.0000   -0.0000
   4170.27    0.0000   -0.0000   -0.0000
   4171.30    0.0000   -0.0000   -0.0000
   4172.33    0.0000    0.0000   -0.0000
   4173.36    0.0000   -0.0000   -0.0000
   4174.40    0.0000   -0.0000   -0.0000
   4175.43    0.0000   -0.0000   -0.0000
   4176.46    0.0000   -0.0001    0.0000
   4177.49    0.0000   -0.0001    0.0000
   4178.53    0.0000   -0.0001    0.0000
   4179.56    0.0000   -0.0001    0.0000
   4180.59    0.0000   -0.0001   -0.0000
   4181.62    0.0000   -0.0001   -0.0000
   4182.66    0.0000   -0.0001   -0.0000
   4183.69    0.0000   -0.0001   -0.0000
   4184.72    0.0000   -0.0001   -0.0000
   4185.75    0.0000   -0.0000   -0.0000
   4186.79    0.0000   -0.0000   -0.0000
   4187.82    0.0000   -0.0000   -0.0000
   4188.85    0.0000   -0.0000   -0.0000
   4189.88    0.0000   -0.0000   -0.0000
   4190.92    0.0000   -0.0000   -0.0000
   4191.95    0.0000   -0.0000   -0.0000
   4192.98    0.0000   -0.0001   -0.0000
   4194.01    0.0000   -0.0001   -0.0000
   4195.05    0.0000   -0.0001   -0.0000
   4196.08    0.0000   -0.0001   -0.0001
   4197.11    0.0000   -0.0001   -0.0001
   4198.14    0.0000   -0.0001   -0.0001
   4199.18    0.0000   -0.0001   -0.0001
   4200.21    0.0000   -0.0001   -0.0001
   4201.24    0.0000   -0.0001   -0.0001
   4202.27    0.0000   -0.0001   -0.0001
   4203.31    0.0000   -0.0000   -0.0001
   4204.34    0.0000   -0.0000   -0.0001
   4205.37    0.0000   -0.0000   -0.0002
   4206.40    0.0000   -0.0000   -0.0002
   4207.44    0.0000   -0.0000   -0.0002
   4208.47    0.0000   -0.0000   -0.0002
   4209.50    0.0000    0.0000   -0.0002
   4210.53    0.0000    0.0000   -0.0002
   4211.57    0.0000    0.0000   -0.0002
   4212.60    0.0000    0.0000   -0.0002
   4213.63    0.0000    0.0001   -0.0002
   4214.66    0.0000    0.0001   -0.0002
   4215.70    0.0000    0.0001   -0.0002
   4216.73    0.0000    0.0001   -0.0002
   4217.76    0.0000    0.0001   -0.0002
   4218.79    0.0000    0.0001   -0.0002
   4219.83    0.0000    0.0001   -0.0002
   4220.86    0.0000    0.0001   -0.0002
   4221.89    0.0000    0.0001   -0.0002
   4222.92    0.0000    0.0001   -0.0002
   4223.96    0.0000    0.0001   -0.0002
   4224.99    0.0000    0.0001   -0.0001
   4226.02    0.0000    0.0001   -0.0001
   4227.05    0.0000    0.0001   -0.0001
   4228.09    0.0000    0.0001   -0.0001
   4229.12    0.0000    0.0001   -0.0001
   4230.15    0.0000    0.0001   -0.0001
   4231.18    0.0000    0.0001   -0.0001
   4232.22    0.0000    0.0001   -0.0001
   4233.25    0.0000    0.0001   -0.0001
   4234.28    0.0000    0.0001   -0.0001
   4235.31    0.0000    0.0001   -0.0000
   4236.35    0.0000    0.0001   -0.0000
   4237.38    0.0000    0.0000   -0.0000
   4238.41    0.0000    0.0000   -0.0000
   4239.44    0.0000    0.0000   -0.0000
   4240.48    0.0000    0.0000   -0.0000
   4241.51    0.0000    0.0000   -0.0000
   4242.54    0.0000   -0.0000   -0.0000
   4243.57    0.0000   -0.0000   -0.0000
   4244.61    0.0000   -0.0000   -0.0000
   4245.64    0.0000   -0.0000   -0.0000
   4246.67    0.0000   -0.0000   -0.0000
   4247.70    0.0000   -0.0000   -0.0000
   4248.74    0.0000   -0.0001   -0.0000
   4249.77    0.0000   -0.0001   -0.0000
   4250.80    0.0000   -0.0001   -0.0000
   4251.83    0.0000   -0.0001   -0.0000
   4252.87    0.0000   -0.0001   -0.0000
   4253.90    0.0000   -0.0001   -0.0000
   4254.93    0.0000   -0.0001   -0.0001
   4255.96    0.0000   -0.0001   -0.0001
   4257.00    0.0000   -0.0001   -0.0001
   4258.03    0.0000   -0.0001   -0.0001
   4259.06    0.0000   -0.0000   -0.0001
   4260.09    0.0000    0.0000   -0.0001
   4261.13    0.0000    0.0001   -0.0001
   4262.16    0.0000    0.0001   -0.0002
   4263.19    0.0000    0.0001   -0.0002
   4264.22    0.0000    0.0001   -0.0002
   4265.26    0.0000    0.0001   -0.0002
   4266.29    0.0000    0.0001   -0.0002
   4267.32    0.0000    0.0000   -0.0002
   4268.35    0.0000   -0.0000   -0.0001
   4269.39    0.0000   -0.0001   -0.0001
   4270.42    0.0000   -0.0001   -0.0001
   4271.45    0.0000   -0.0001   -0.0001
   4272.48    0.0000   -0.0001   -0.0000
   4273.52    0.0000   -0.0000   -0.0001
   4274.55    0.0000    0.0000   -0.0001
   4275.58    0.0000    0.0000   -0.0001
   4276.61    0.0000    0.0001   -0.0001
   4277.65    0.0000    0.0001   -0.0002
   4278.68    0.0000    0.0001   -0.0002
   4279.71    0.0000    0.0001   -0.0002
   4280.74    0.0000    0.0001   -0.0002
   4281.78    0.0000    0.0001   -0.0002
   4282.81    0.0000    0.0000   -0.0002
   4283.84    0.0000   -0.0000   -0.0001
   4284.87    0.0000   -0.0000   -0.0001
   4285.91    0.0000   -0.0001   -0.0001
   4286.94    0.0000   -0.0001   -0.0001
   4287.97    0.0000   -0.0001   -0.0000
   4289.00    0.0000   -0.0000   -0.0000
   4290.04    0.0000   -0.0000   -0.0001
   4291.07    0.0000    0.0000   -0.0001
   4292.10    0.0000    0.0000   -0.0001
   4293.13    0.0000    0.0001   -0.0001
   4294.17    0.0000    0.0001   -0.0002
   4295.20    0.0000    0.0001   -0.0002
   4296.23    0.0000    0.0001   -0.0002
   4297.26    0.0000    0.0001   -0.0002
   4298.30    0.0000    0.0001   -0.0002
   4299.33    0.0000    0.0001   -0.0002
   4300.36    0.0000    0.0000   -0.0002
   4301.39    0.0000    0.0000   -0.0001
   4302.43    0.0000   -0.0000   -0.0001
   4303.46    0.0000   -0.0000   -0.0001
   4304.49    0.0000   -0.0001   -0.0001
   4305.52    0.0000   -0.0001   -0.0000
   4306.56    0.0000   -0.0001   -0.0000
   4307.59    0.0000   -0.0000   -0.0000
   4308.62    0.0000   -0.0000   -0.0001
   4309.65    0.0000    0.0000   -0.0001
   4310.69    0.0000    0.0000   -0.0001
   4311.72    0.0000    0.0001   -0.0001
   4312.75    0.0000    0.0001   -0.0002
   4313.78    0.0000    0.0001   -0.0002
   4314.82    0.0000    0.0001   -0.0002
   4315.85    0.0000    0.0001   -0.0002
   4316.88    0.0000    0.0001   -0.0002
   4317.91    0.0000    0.0001   -0.0002
   4318.95    0.0000    0.0001   -0.0002
   4319.98    0.0000    0.0001   -0.0002
   4321.01    0.0000    0.0001   -0.0001
   4322.04    0.0000    0.0000   -0.0001
   4323.08    0.0000   -0.0000   -0.0001
   4324.11    0.0000   -0.0000   -0.0001
   4325.14    0.0000   -0.0000   -0.0000
   4326.17    0.0000   -0.0000   -0.0000
   4327.21    0.0000   -0.0000   -0.0000
   4328.24    0.0000   -0.0000   -0.0000
   4329.27    0.0000   -0.0000   -0.0000
   4330.30    0.0000   -0.0000   -0.0001
   4331.34    0.0000    0.0000   -0.0001
   4332.37    0.0000    0.0000   -0.0001
   4333.40    0.0000    0.0001   -0.0001
   4334.43    0.0000    0.0001   -0.0002
   4335.47    0.0000    0.0001   -0.0002
   4336.50    0.0000    0.0001   -0.0002
   4337.53    0.0000    0.0001   -0.0002
   4338.56    0.0000    0.0001   -0.0002
   4339.60    0.0000    0.0001   -0.0002
   4340.63    0.0000    0.0001   -0.0002
   4341.66    0.0000    0.0001   -0.0002
   4342.69    0.0000    0.0001   -0.0002
   4343.73    0.0000    0.0001   -0.0001
   4344.76    0.0000    0.0000   -0.0001
   4345.79    0.0000    0.0000   -0.0001
   4346.82    0.0000   -0.0000   -0.0001
   4347.86    0.0000   -0.0000   -0.0000
   4348.89    0.0000   -0.0001   -0.0000
   4349.92    0.0000   -0.0001   -0.0000
   4350.95    0.0000   -0.0001    0.0000
   4351.99    0.0000   -0.0002    0.0000
   4353.02    0.0000   -0.0002   -0.0000
   4354.05    0.0000   -0.0002   -0.0000
   4355.08    0.0000   -0.0002   -0.0001
   4356.12    0.0000   -0.0002   -0.0001
   4357.15    0.0000   -0.0002   -0.0001
   4358.18    0.0000   -0.0002   -0.0002
   4359.21    0.0000   -0.0002   -0.0002
   4360.25    0.0000   -0.0002   -0.0002
   4361.28    0.0000   -0.0002   -0.0003
   4362.31    0.0000   -0.0002   -0.0003
   4363.34    0.0000   -0.0001   -0.0003
   4364.38    0.0000   -0.0001   -0.0003
   4365.41    0.0000   -0.0001   -0.0003
   4366.44    0.0000   -0.0001   -0.0002
   4367.47    0.0000   -0.0000   -0.0002
   4368.51    0.0000   -0.0000   -0.0001
   4369.54    0.0000   -0.0000   -0.0001
   4370.57    0.0000   -0.0000   -0.0000
   4371.60    0.0000   -0.0000    0.0000
   4372.64    0.0000   -0.0000    0.0001
   4373.67    0.0000   -0.0000    0.0001
   4374.70    0.0000   -0.0000    0.0001
   4375.73    0.0000   -0.0000    0.0001
   4376.77    0.0000   -0.0001   -0.0000
   4377.80    0.0000   -0.0001   -0.0001
   4378.83    0.0000   -0.0001   -0.0002
   4379.86    0.0000   -0.0002   -0.0002
   4380.90    0.0000   -0.0003   -0.0002
   4381.93    0.0000   -0.0003   -0.0002
   4382.96    0.0000   -0.0003   -0.0002
   4383.99    0.0000   -0.0003   -0.0001
   4385.03    0.0000   -0.0003   -0.0001
   4386.06    0.0000   -0.0003   -0.0001
   4387.09    0.0000   -0.0002   -0.0001
   4388.12    0.0000   -0.0002   -0.0001
   4389.16    0.0000   -0.0002   -0.0001
   4390.19    0.0000   -0.0001   -0.0001
   4391.22    0.0000   -0.0001   -0.0001
   4392.25    0.0000   -0.0001   -0.0001
   4393.29    0.0000   -0.0001    0.0000
   4394.32    0.0000   -0.0001    0.0001
   4395.35    0.0000   -0.0001    0.0003
   4396.38    0.0000   -0.0000    0.0004
   4397.42    0.0000    0.0000    0.0004
   4398.45    0.0000    0.0001    0.0005
   4399.48    0.0000    0.0001    0.0005
   4400.51    0.0000    0.0002    0.0005
   4401.55    0.0000    0.0003    0.0004
   4402.58    0.0000    0.0003    0.0003
   4403.61    0.0000    0.0004    0.0003
   4404.64    0.0000    0.0004    0.0002
   4405.68    0.0000    0.0004    0.0001
   4406.71    0.0000    0.0004    0.0001
   4407.74    0.0000    0.0003    0.0001
   4408.77    0.0000    0.0003    0.0001
   4409.81    0.0000    0.0003    0.0002
   4410.84    0.0000    0.0002    0.0003
   4411.87    0.0000    0.0002    0.0003
   4412.90    0.0000    0.0002    0.0004
   4413.94    0.0000    0.0003    0.0004
   4414.97    0.0000    0.0003    0.0005
   4416.00    0.0000    0.0004    0.0005
   4417.03    0.0000    0.0004    0.0004
   4418.07    0.0000    0.0005    0.0004
   4419.10    0.0000    0.0006    0.0003
   4420.13    0.0000    0.0006    0.0002
   4421.16    0.0000    0.0006    0.0002
   4422.20    0.0000    0.0006    0.0001
   4423.23    0.0000    0.0006    0.0001
   4424.26    0.0000    0.0005    0.0001
   4425.29    0.0000    0.0005    0.0000
   4426.33    0.0000    0.0004    0.0000
   4427.36    0.0000    0.0004    0.0001
   4428.39    0.0000    0.0003    0.0001
   4429.42    0.0000    0.0003    0.0001
   4430.46    0.0000    0.0002    0.0001
   4431.49    0.0000    0.0002    0.0001
   4432.52    0.0000    0.0002    0.0001
   4433.55    0.0000    0.0002    0.0001
   4434.59    0.0000    0.0002    0.0001
   4435.62    0.0000    0.0002    0.0001
   4436.65    0.0000    0.0003    0.0000
   4437.68    0.0000    0.0003    0.0000
   4438.72    0.0000    0.0004   -0.0000
   4439.75    0.0000    0.0004   -0.0001
   4440.78    0.0000    0.0004   -0.0001
   4441.81    0.0000    0.0003   -0.0001
   4442.85    0.0000    0.0003   -0.0001
   4443.88    0.0000    0.0002   -0.0000
   4444.91    0.0000    0.0002   -0.0000
   4445.94    0.0000    0.0002    0.0000
   4446.98    0.0000    0.0002    0.0001
   4448.01    0.0000    0.0002    0.0001
   4449.04    0.0000    0.0003    0.0001
   4450.07    0.0000    0.0003    0.0001
   4451.11    0.0000    0.0004    0.0001
   4452.14    0.0000    0.0004    0.0000
   4453.17    0.0000    0.0005    0.0000
   4454.20    0.0000    0.0006   -0.0001
   4455.24    0.0000    0.0006   -0.0001
   4456.27    0.0000    0.0007   -0.0002
   4457.30    0.0000    0.0007   -0.0002
   4458.33    0.0000    0.0007   -0.0003
   4459.37    0.0000    0.0007   -0.0003
   4460.40    0.0000    0.0006   -0.0003
   4461.43    0.0000    0.0006   -0.0003
   4462.46    0.0000    0.0005   -0.0003
   4463.50    0.0000    0.0005   -0.0003
   4464.53    0.0000    0.0004   -0.0002
   4465.56    0.0000    0.0003   -0.0002
   4466.59    0.0000    0.0003   -0.0001
   4467.63    0.0000    0.0003   -0.0001
   4468.66    0.0000    0.0002   -0.0000
   4469.69    0.0000    0.0002    0.0000
   4470.72    0.0000    0.0003    0.0001
   4471.76    0.0000    0.0003    0.0001
   4472.79    0.0000    0.0004    0.0001
   4473.82    0.0000    0.0004    0.0001
   4474.85    0.0000    0.0005    0.0001
   4475.89    0.0000    0.0005    0.0001
   4476.92    0.0000    0.0006    0.0000
   4477.95    0.0000    0.0006    0.0000
   4478.98    0.0000    0.0007   -0.0000
   4480.02    0.0000    0.0007   -0.0001
   4481.05    0.0000    0.0006   -0.0002
   4482.08    0.0000    0.0006   -0.0002
   4483.11    0.0000    0.0005   -0.0003
   4484.15    0.0000    0.0005   -0.0003
   4485.18    0.0000    0.0004   -0.0003
   4486.21    0.0000    0.0003   -0.0003
   4487.24    0.0000    0.0002   -0.0003
   4488.28    0.0000    0.0001   -0.0002
   4489.31    0.0000    0.0000   -0.0002
   4490.34    0.0000   -0.0000   -0.0001
   4491.37    0.0000   -0.0001   -0.0000
   4492.41    0.0000   -0.0002    0.0001
   4493.44    0.0000   -0.0002    0.0002
   4494.47    0.0000   -0.0003    0.0002
   4495.50    0.0000   -0.0003    0.0002
   4496.54    0.0000   -0.0002    0.0001
   4497.57    0.0000   -0.0001   -0.0001
   4498.60    0.0000    0.0000   -0.0004
   4499.63    0.0000    0.0001   -0.0005
   4500.67    0.0000    0.0001   -0.0006
   4501.70    0.0000    0.0001   -0.0005
   4502.73    0.0000   -0.0000   -0.0004
   4503.76    0.0000   -0.0001   -0.0002
   4504.80    0.0000   -0.0002    0.0000
   4505.83    0.0000   -0.0002    0.0002
   4506.86    0.0000   -0.0002    0.0003
   4507.89    0.0000   -0.0001    0.0003
   4508.93    0.0000    0.0001    0.0003
   4509.96    0.0000    0.0003    0.0001
   4510.99    0.0000    0.0004   -0.0000
   4512.02    0.0000    0.0005   -0.0002
   4513.06    0.0000    0.0005   -0.0004
   4514.09    0.0000    0.0004   -0.0005
   4515.12    0.0000    0.0002   -0.0005
   4516.15    0.0000   -0.0001   -0.0004
   4517.19    0.0000   -0.0003   -0.0003
   4518.22    0.0000   -0.0005   -0.0001
   4519.25    0.0000   -0.0006    0.0001
   4520.28    0.0000   -0.0006    0.0002
   4521.32    0.0000   -0.0005    0.0003
   4522.35    0.0000   -0.0002    0.0003
   4523.38    0.0000    0.0001    0.0003
   4524.41    0.0000    0.0004    0.0002
   4525.45    0.0000    0.0007    0.0001
   4526.48    0.0000    0.0008   -0.0001
   4527.51    0.0000    0.0008   -0.0002
   4528.54    0.0000    0.0007   -0.0003
   4529.58    0.0000    0.0004   -0.0004
   4530.61    0.0000    0.0001   -0.0004
   4531.64    0.0000   -0.0003   -0.0003
   4532.67    0.0000   -0.0006   -0.0002
   4533.71    0.0000   -0.0007   -0.0001
   4534.74    0.0000   -0.0008    0.0000
   4535.77    0.0000   -0.0007    0.0001
   4536.80    0.0000   -0.0004    0.0003
   4537.84    0.0000   -0.0001    0.0004
   4538.87    0.0000    0.0003    0.0005
   4539.90    0.0000    0.0006    0.0005
   4540.93    0.0000    0.0008    0.0006
   4541.97    0.0000    0.0009    0.0005
   4543.00    0.0000    0.0008    0.0005
   4544.03    0.0000    0.0007    0.0003
   4545.06    0.0000    0.0004    0.0001
   4546.10    0.0000    0.0001   -0.0001
   4547.13    0.0000   -0.0001   -0.0003
   4548.16    0.0000   -0.0004   -0.0005
   4549.19    0.0000   -0.0006   -0.0006
   4550.23    0.0000   -0.0007   -0.0007
   4551.26    0.0000   -0.0007   -0.0006
   4552.29    0.0000   -0.0006   -0.0004
   4553.32    0.0000   -0.0005   -0.0001
   4554.36    0.0000   -0.0004    0.0001
   4555.39    0.0000   -0.0002    0.0003
   4556.42    0.0000   -0.0001    0.0004
   4557.45    0.0000    0.0000    0.0003
   4558.49    0.0000    0.0001    0.0001
   4559.52    0.0000    0.0001   -0.0001
   4560.55    0.0000    0.0001   -0.0003
   4561.58    0.0000    0.0001   -0.0004
   4562.62    0.0000    0.0002   -0.0002
   4563.65    0.0000    0.0003    0.0000
   4564.68    0.0000    0.0003    0.0003
   4565.71    0.0000    0.0003    0.0005
   4566.75    0.0000    0.0002    0.0005
   4567.78    0.0000   -0.0000    0.0003
   4568.81    0.0000   -0.0003    0.0000
   4569.84    0.0000   -0.0007   -0.0003
   4570.88    0.0000   -0.0009   -0.0005
   4571.91    0.0000   -0.0011   -0.0006
   4572.94    0.0000   -0.0010   -0.0003
   4573.97    0.0000   -0.0008   -0.0000
   4575.01    0.0000   -0.0004    0.0003
   4576.04    0.0000    0.0000    0.0005
   4577.07    0.0000    0.0004    0.0005
   4578.10    0.0000    0.0006    0.0002
   4579.14    0.0000    0.0008   -0.0002
   4580.17    0.0000    0.0008   -0.0005
   4581.20    0.0000    0.0009   -0.0006
   4582.23    0.0000    0.0009   -0.0004
   4583.27    0.0000    0.0009   -0.0002
   4584.30    0.0000    0.0008   -0.0000
   4585.33    0.0000    0.0006    0.0001
   4586.36    0.0000    0.0003    0.0002
   4587.40    0.0000   -0.0001    0.0002
   4588.43    0.0000   -0.0005    0.0002
   4589.46    0.0000   -0.0009    0.0000
   4590.49    0.0000   -0.0013   -0.0001
   4591.53    0.0000   -0.0014   -0.0001
   4592.56    0.0000   -0.0014   -0.0001
   4593.59    0.0000   -0.0012    0.0000
   4594.62    0.0000   -0.0008    0.0001
   4595.66    0.0000   -0.0005    0.0001
   4596.69    0.0000   -0.0001    0.0000
   4597.72    0.0000    0.0001   -0.0002
   4598.75    0.0000    0.0003   -0.0005
   4599.79    0.0000    0.0005   -0.0007
   4600.82    0.0000    0.0007   -0.0007
   4601.85    0.0000    0.0008   -0.0006
   4602.88    0.0000    0.0009   -0.0005
   4603.92    0.0000    0.0010   -0.0003
   4604.95    0.0000    0.0009   -0.0001
   4605.98    0.0000    0.0008    0.0000
   4607.01    0.0000    0.0006    0.0002
   4608.05    0.0000    0.0003    0.0003
   4609.08    0.0000   -0.0000    0.0004
   4610.11    0.0000   -0.0003    0.0005
   4611.14    0.0000   -0.0005    0.0005
   4612.18    0.0000   -0.0006    0.0005
   4613.21    0.0000   -0.0006    0.0005
   4614.24    0.0000   -0.0004    0.0005
   4615.27    0.0000   -0.0001    0.0005
   4616.31    0.0000    0.0002    0.0004
   4617.34    0.0000    0.0005    0.0002
   4618.37    0.0000    0.0008    0.0001
   4619.40    0.0000    0.0009   -0.0002
   4620.44    0.0000    0.0009   -0.0004
   4621.47    0.0000    0.0009   -0.0006
   4622.50    0.0000    0.0008   -0.0007
   4623.53    0.0000    0.0007   -0.0007
   4624.57    0.0000    0.0006   -0.0006
   4625.60    0.0000    0.0005   -0.0005
   4626.63    0.0000    0.0004   -0.0003
   4627.66    0.0000    0.0003   -0.0001
   4628.70    0.0000    0.0001    0.0000
   4629.73    0.0000   -0.0002    0.0001
   4630.76    0.0000   -0.0005    0.0002
   4631.79    0.0000   -0.0007    0.0003
   4632.83    0.0000   -0.0008    0.0004
   4633.86    0.0000   -0.0009    0.0003
   4634.89    0.0000   -0.0009    0.0003
   4635.92    0.0000   -0.0008    0.0001
   4636.96    0.0000   -0.0007   -0.0000
   4637.99    0.0000   -0.0006   -0.0002
   4639.02    0.0000   -0.0004   -0.0004
   4640.05    0.0000   -0.0003   -0.0005
   4641.09    0.0000   -0.0002   -0.0006
   4642.12    0.0000   -0.0001   -0.0007
   4643.15    0.0000    0.0000   -0.0007
   4644.18    0.0000    0.0000   -0.0007
   4645.22    0.0000    0.0000   -0.0006
   4646.25    0.0000   -0.0000   -0.0005
   4647.28    0.0000   -0.0001   -0.0004
   4648.31    0.0000   -0.0002   -0.0002
   4649.35    0.0000   -0.0002   -0.0001
   4650.38    0.0000   -0.0003    0.0001
   4651.41    0.0000   -0.0003    0.0001
   4652.44    0.0000   -0.0003    0.0001
   4653.48    0.0000   -0.0002    0.0001
   4654.51    0.0000   -0.0001   -0.0000
   4655.54    0.0000    0.0000   -0.0002
   4656.57    0.0000    0.0002   -0.0004
   4657.61    0.0000    0.0004   -0.0006
   4658.64    0.0000    0.0005   -0.0008
   4659.67    0.0000    0.0006   -0.0010
   4660.70    0.0000    0.0007   -0.0011
   4661.74    0.0000    0.0008   -0.0012
   4662.77    0.0000    0.0008   -0.0012
   4663.80    0.0000    0.0007   -0.0012
   4664.83    0.0000    0.0006   -0.0011
   4665.87    0.0000    0.0004   -0.0010
   4666.90    0.0000    0.0002   -0.0008
   4667.93    0.0000   -0.0000   -0.0007
   4668.96    0.0000   -0.0002   -0.0006
   4670.00    0.0000   -0.0005   -0.0005
   4671.03    0.0000   -0.0007   -0.0004
   4672.06    0.0000   -0.0009   -0.0003
   4673.09    0.0000   -0.0010   -0.0003
   4674.13    0.0000   -0.0010   -0.0004
   4675.16    0.0000   -0.0011   -0.0004
   4676.19    0.0000   -0.0010   -0.0005
   4677.22    0.0000   -0.0009   -0.0006
   4678.26    0.0000   -0.0007   -0.0007
   4679.29    0.0000   -0.0005   -0.0007
   4680.32    0.0000   -0.0002   -0.0007
   4681.35    0.0000   -0.0000   -0.0007
   4682.39    0.0000    0.0002   -0.0006
   4683.42    0.0000    0.0004   -0.0005
   4684.45    0.0000    0.0006   -0.0004
   4685.48    0.0000    0.0007   -0.0003
   4686.52    0.0000    0.0007   -0.0002
   4687.55    0.0000    0.0007   -0.0001
   4688.58    0.0000    0.0006   -0.0001
   4689.61    0.0000    0.0004   -0.0001
   4690.65    0.0000    0.0003   -0.0001
   4691.68    0.0000    0.0001   -0.0002
   4692.71    0.0000   -0.0001   -0.0003
   4693.74    0.0000   -0.0003   -0.0005
   4694.78    0.0000   -0.0005   -0.0006
   4695.81    0.0000   -0.0006   -0.0006
   4696.84    0.0000   -0.0007   -0.0007
   4697.87    0.0000   -0.0007   -0.0007
   4698.91    0.0000   -0.0007   -0.0007
   4699.94    0.0000   -0.0007   -0.0006
   4700.97    0.0000   -0.0006   -0.0004
   4702.00    0.0000   -0.0005   -0.0003
   4703.04    0.0000   -0.0004   -0.0001
   4704.07    0.0000   -0.0002   -0.0000
   4705.10    0.0000   -0.0001    0.0001
   4706.13    0.0000    0.0001    0.0002
   4707.17    0.0000    0.0003    0.0003
   4708.20    0.0000    0.0005    0.0004
   4709.23    0.0000    0.0007    0.0005
   4710.26    0.0000    0.0008    0.0005
   4711.30    0.0000    0.0009    0.0006
   4712.33    0.0000    0.0009    0.0006
   4713.36    0.0000    0.0009    0.0005
   4714.39    0.0000    0.0009    0.0004
   4715.43    0.0000    0.0008    0.0003
   4716.46    0.0000    0.0007    0.0001
   4717.49    0.0000    0.0005    0.0000
   4718.52    0.0000    0.0004   -0.0001
   4719.56    0.0000    0.0002   -0.0002
   4720.59    0.0000    0.0001   -0.0002
   4721.62    0.0000   -0.0001   -0.0001
   4722.65    0.0000   -0.0003   -0.0001
   4723.69    0.0000   -0.0004   -0.0000
   4724.72    0.0000   -0.0006   -0.0000
   4725.75    0.0000   -0.0007   -0.0000
   4726.78    0.0000   -0.0008   -0.0001
   4727.82    0.0000   -0.0009   -0.0001
   4728.85    0.0000   -0.0008   -0.0001
   4729.88    0.0000   -0.0007   -0.0001
   4730.91    0.0000   -0.0006   -0.0000
   4731.95    0.0000   -0.0004    0.0001
   4732.98    0.0000   -0.0001    0.0002
   4734.01    0.0000    0.0002    0.0003
   4735.04    0.0000    0.0005    0.0005
   4736.08    0.0000    0.0007    0.0006
   4737.11    0.0000    0.0009    0.0007
   4738.14    0.0000    0.0011    0.0007
   4739.17    0.0000    0.0011    0.0007
   4740.21    0.0000    0.0010    0.0006
   4741.24    0.0000    0.0009    0.0004
   4742.27    0.0000    0.0007    0.0003
   4743.30    0.0000    0.0007    0.0003
   4744.34    0.0000    0.0007    0.0003
   4745.37    0.0000    0.0009    0.0003
   4746.40    0.0000    0.0010    0.0004
   4747.43    0.0000    0.0011    0.0003
   4748.47    0.0000    0.0010    0.0002
   4749.50    0.0000    0.0009    0.0000
   4750.53    0.0000    0.0007   -0.0002
   4751.56    0.0000    0.0006   -0.0004
   4752.60    0.0000    0.0004   -0.0005
   4753.63    0.0000    0.0003   -0.0007
   4754.66    0.0000    0.0002   -0.0007
   4755.69    0.0000    0.0000   -0.0007
   4756.73    0.0000   -0.0002   -0.0007
   4757.76    0.0000   -0.0004   -0.0006
   4758.79    0.0000   -0.0006   -0.0004
   4759.82    0.0000   -0.0008   -0.0003
   4760.86    0.0000   -0.0009   -0.0002
   4761.89    0.0000   -0.0009   -0.0002
   4762.92    0.0000   -0.0008   -0.0002
   4763.95    0.0000   -0.0006   -0.0002
   4764.99    0.0000   -0.0004   -0.0001
   4766.02    0.0000   -0.0002   -0.0001
   4767.05    0.0000   -0.0001    0.0001
   4768.08    0.0000   -0.0000    0.0003
   4769.12    0.0000    0.0000    0.0004
   4770.15    0.0000    0.0001    0.0006
   4771.18    0.0000    0.0001    0.0007
   4772.21    0.0000    0.0002    0.0007
   4773.25    0.0000    0.0002    0.0006
   4774.28    0.0000    0.0003    0.0004
   4775.31    0.0000    0.0004    0.0003
   4776.34    0.0000    0.0004    0.0001
   4777.38    0.0000    0.0005    0.0000
   4778.41    0.0000    0.0006   -0.0001
   4779.44    0.0000    0.0006   -0.0001
   4780.47    0.0000    0.0005   -0.0001
   4781.51    0.0000    0.0004   -0.0001
   4782.54    0.0000    0.0004   -0.0001
   4783.57    0.0000    0.0003   -0.0001
   4784.60    0.0000    0.0003   -0.0001
   4785.64    0.0000    0.0003   -0.0001
   4786.67    0.0000    0.0002   -0.0001
   4787.70    0.0000    0.0002   -0.0002
   4788.73    0.0000    0.0001   -0.0002
   4789.77    0.0000   -0.0000   -0.0003
   4790.80    0.0000   -0.0002   -0.0003
   4791.83    0.0000   -0.0003   -0.0002
   4792.86    0.0000   -0.0004   -0.0001
   4793.90    0.0000   -0.0004   -0.0000
   4794.93    0.0000   -0.0004    0.0000
   4795.96    0.0000   -0.0004    0.0001
   4796.99    0.0000   -0.0004    0.0000
   4798.03    0.0000   -0.0004    0.0000
   4799.06    0.0000   -0.0005    0.0000
   4800.09    0.0000   -0.0006    0.0001
   4801.12    0.0000   -0.0007    0.0001
   4802.16    0.0000   -0.0007    0.0002
   4803.19    0.0000   -0.0006    0.0002
   4804.22    0.0000   -0.0005    0.0002
   4805.25    0.0000   -0.0003    0.0002
   4806.29    0.0000   -0.0002    0.0001
   4807.32    0.0000   -0.0002    0.0001
   4808.35    0.0000   -0.0002    0.0001
   4809.38    0.0000   -0.0002    0.0001
   4810.42    0.0000   -0.0002    0.0002
   4811.45    0.0000   -0.0001    0.0002
   4812.48    0.0000   -0.0000    0.0003
   4813.51    0.0000    0.0001    0.0003
   4814.55    0.0000    0.0003    0.0003
   4815.58    0.0000    0.0004    0.0003
   4816.61    0.0000    0.0004    0.0003
   4817.64    0.0000    0.0005    0.0004
   4818.68    0.0000    0.0005    0.0004
   4819.71    0.0000    0.0005    0.0004
   4820.74    0.0000    0.0006    0.0003
   4821.77    0.0000    0.0006    0.0003
   4822.81    0.0000    0.0007    0.0003
   4823.84    0.0000    0.0007    0.0003
   4824.87    0.0000    0.0007    0.0003
   4825.90    0.0000    0.0007    0.0003
   4826.94    0.0000    0.0007    0.0003
   4827.97    0.0000    0.0006    0.0004
   4829.00    0.0000    0.0007    0.0003
   4830.03    0.0000    0.0007    0.0003
   4831.07    0.0000    0.0007    0.0002
   4832.10    0.0000    0.0007    0.0000
   4833.13    0.0000    0.0007   -0.0001
   4834.16    0.0000    0.0006   -0.0001
   4835.20    0.0000    0.0006   -0.0001
   4836.23    0.0000    0.0006   -0.0001
   4837.26    0.0000    0.0005   -0.0001
   4838.29    0.0000    0.0006   -0.0001
   4839.33    0.0000    0.0006   -0.0002
   4840.36    0.0000    0.0006   -0.0003
   4841.39    0.0000    0.0005   -0.0004
   4842.42    0.0000    0.0005   -0.0005
   4843.46    0.0000    0.0004   -0.0005
   4844.49    0.0000    0.0003   -0.0005
   4845.52    0.0000    0.0002   -0.0006
   4846.55    0.0000    0.0002   -0.0006
   4847.59    0.0000    0.0002   -0.0007
   4848.62    0.0000    0.0002   -0.0008
   4849.65    0.0000    0.0002   -0.0008
   4850.68    0.0000    0.0001   -0.0009
   4851.72    0.0000    0.0001   -0.0009
   4852.75    0.0000    0.0001   -0.0008
   4853.78    0.0000    0.0001   -0.0008
   4854.81    0.0000    0.0002   -0.0007
   4855.85    0.0000    0.0002   -0.0006
   4856.88    0.0000    0.0002   -0.0006
   4857.91    0.0000    0.0001   -0.0006
   4858.94    0.0000    0.0000   -0.0006
   4859.98    0.0000   -0.0001   -0.0005
   4861.01    0.0000   -0.0001   -0.0005
   4862.04    0.0000   -0.0001   -0.0005
   4863.07    0.0000   -0.0000   -0.0005
   4864.11    0.0000    0.0000   -0.0005
   4865.14    0.0000    0.0001   -0.0004
   4866.17    0.0000    0.0000   -0.0004
   4867.20    0.0000   -0.0000   -0.0003
   4868.24    0.0000   -0.0001   -0.0002
   4869.27    0.0000   -0.0001   -0.0001
   4870.30    0.0000    0.0000   -0.0001
   4871.33    0.0000    0.0001   -0.0000
   4872.37    0.0000    0.0002    0.0000
   4873.40    0.0000    0.0002    0.0001
   4874.43    0.0000    0.0002    0.0002
   4875.46    0.0000    0.0001    0.0003
   4876.50    0.0000   -0.0000    0.0005
   4877.53    0.0000   -0.0002    0.0005
   4878.56    0.0000   -0.0003    0.0005
   4879.59    0.0000   -0.0003    0.0004
   4880.63    0.0000   -0.0003    0.0003
   4881.66    0.0000   -0.0002    0.0002
   4882.69    0.0000   -0.0001    0.0002
   4883.72    0.0000    0.0000    0.0002
   4884.76    0.0000    0.0001    0.0002
   4885.79    0.0000    0.0002    0.0002
   4886.82    0.0000    0.0002    0.0002
   4887.85    0.0000    0.0002    0.0004
   4888.89    0.0000    0.0002    0.0005
   4889.92    0.0000    0.0002    0.0005
   4890.95    0.0000    0.0001    0.0005
   4891.98    0.0000    0.0001    0.0005
   4893.02    0.0000    0.0001    0.0004
   4894.05    0.0000    0.0002    0.0002
   4895.08    0.0000    0.0002    0.0000
   4896.11    0.0000    0.0002   -0.0002
   4897.15    0.0000    0.0002   -0.0004
   4898.18    0.0000    0.0001   -0.0006
   4899.21    0.0000    0.0001   -0.0007
   4900.24    0.0000    0.0002   -0.0008
   4901.28    0.0000    0.0003   -0.0007
   4902.31    0.0000    0.0004   -0.0006
   4903.34    0.0000    0.0005   -0.0005
   4904.37    0.0000    0.0006   -0.0004
   4905.41    0.0000    0.0007   -0.0002
   4906.44    0.0000    0.0006   -0.0001
   4907.47    0.0000    0.0005   -0.0000
   4908.50    0.0000    0.0003    0.0001
   4909.54    0.0000    0.0001    0.0001
   4910.57    0.0000   -0.0002    0.0001
   4911.60    0.0000   -0.0003    0.0001
   4912.63    0.0000   -0.0004    0.0001
   4913.67    0.0000   -0.0003    0.0002
   4914.70    0.0000   -0.0002    0.0002
   4915.73    0.0000    0.0000    0.0003
   4916.76    0.0000    0.0001    0.0004
   4917.80    0.0000    0.0001    0.0004
   4918.83    0.0000    0.0001    0.0006
   4919.86    0.0000    0.0001    0.0007
   4920.89    0.0000    0.0000    0.0008
   4921.93    0.0000   -0.0000    0.0010
   4922.96    0.0000   -0.0001    0.0010
   4923.99    0.0000   -0.0002    0.0011
   4925.02    0.0000   -0.0002    0.0010
   4926.06    0.0000   -0.0003    0.0010
   4927.09    0.0000   -0.0004    0.0008
   4928.12    0.0000   -0.0004    0.0004
   4929.15    0.0000   -0.0003   -0.0000
   4930.19    0.0000   -0.0001   -0.0005
   4931.22    0.0000    0.0001   -0.0008
   4932.25    0.0000    0.0003   -0.0008
   4933.28    0.0000    0.0005   -0.0007
   4934.32    0.0000    0.0005   -0.0004
   4935.35    0.0000    0.0004    0.0000
   4936.38    0.0000    0.0002    0.0005
   4937.41    0.0000   -0.0000    0.0008
   4938.45    0.0000   -0.0002    0.0009
   4939.48    0.0000   -0.0003    0.0008
   4940.51    0.0000   -0.0004    0.0005
   4941.54    0.0000   -0.0003    0.0001
   4942.58    0.0000   -0.0002   -0.0003
   4943.61    0.0000   -0.0001   -0.0005
   4944.64    0.0000    0.0000   -0.0006
   4945.67    0.0000    0.0000   -0.0004
   4946.71    0.0000   -0.0000   -0.0001
   4947.74    0.0000   -0.0001    0.0002
   4948.77    0.0000   -0.0002    0.0004
   4949.80    0.0000   -0.0003    0.0004
   4950.84    0.0000   -0.0004    0.0003
   4951.87    0.0000   -0.0004    0.0001
   4952.90    0.0000   -0.0003   -0.0003
   4953.93    0.0000   -0.0002   -0.0005
   4954.97    0.0000   -0.0000   -0.0007
   4956.00    0.0000    0.0001   -0.0008
   4957.03    0.0000    0.0002   -0.0006
   4958.06    0.0000    0.0002   -0.0004
   4959.10    0.0000    0.0002   -0.0000
   4960.13    0.0000    0.0001    0.0003
   4961.16    0.0000    0.0000    0.0006
   4962.19    0.0000   -0.0001    0.0008
   4963.23    0.0000   -0.0002    0.0008
   4964.26    0.0000   -0.0003    0.0007
   4965.29    0.0000   -0.0003    0.0005
   4966.32    0.0000   -0.0003    0.0003
   4967.36    0.0000   -0.0002    0.0001
   4968.39    0.0000   -0.0001   -0.0001
   4969.42    0.0000   -0.0001   -0.0003
   4970.45    0.0000    0.0000   -0.0004
   4971.49    0.0000    0.0001   -0.0005
   4972.52    0.0000    0.0001   -0.0005
   4973.55    0.0000    0.0002   -0.0005
   4974.58    0.0000    0.0002   -0.0005
   4975.62    0.0000    0.0002   -0.0003
   4976.65    0.0000    0.0002   -0.0002
   4977.68    0.0000    0.0002    0.0001
   4978.71    0.0000    0.0002    0.0004
   4979.75    0.0000    0.0001    0.0006
   4980.78    0.0000    0.0000    0.0008
   4981.81    0.0000   -0.0000    0.0009
   4982.84    0.0000   -0.0002    0.0009
   4983.88    0.0000   -0.0003    0.0007
   4984.91    0.0000   -0.0004    0.0005
   4985.94    0.0000   -0.0004    0.0001
   4986.97    0.0000   -0.0004   -0.0003
   4988.01    0.0000   -0.0003   -0.0006
   4989.04    0.0000   -0.0001   -0.0009
   4990.07    0.0000    0.0001   -0.0010
   4991.10    0.0000    0.0003   -0.0010
   4992.14    0.0000    0.0005   -0.0009
   4993.17    0.0000    0.0006   -0.0006
   4994.20    0.0000    0.0007   -0.0002
   4995.23    0.0000    0.0006    0.0002
   4996.27    0.0000    0.0005    0.0006
   4997.30    0.0000    0.0002    0.0010
   4998.33    0.0000   -0.0001    0.0011
   4999.36    0.0000   -0.0003    0.0008
   5000.40    0.0000   -0.0003    0.0003
   5001.43    0.0000   -0.0002   -0.0001
   5002.46    0.0000    0.0000   -0.0004
   5003.49    0.0000    0.0002   -0.0004
   5004.53    0.0000    0.0003   -0.0001
   5005.56    0.0000    0.0002    0.0004
   5006.59    0.0000   -0.0001    0.0008
   5007.62    0.0000   -0.0003    0.0010
   5008.66    0.0000   -0.0006    0.0009
   5009.69    0.0000   -0.0007    0.0006
   5010.72    0.0000   -0.0007    0.0001
   5011.75    0.0000   -0.0006   -0.0005
   5012.79    0.0000   -0.0004   -0.0010
   5013.82    0.0000   -0.0001   -0.0012
   5014.85    0.0000    0.0002   -0.0011
   5015.88    0.0000    0.0003   -0.0007
   5016.92    0.0000    0.0004   -0.0003
   5017.95    0.0000    0.0004    0.0002
   5018.98    0.0000    0.0002    0.0005
   5020.01    0.0000    0.0001    0.0006
   5021.05    0.0000    0.0000    0.0004
   5022.08    0.0000    0.0000    0.0002
   5023.11    0.0000    0.0001   -0.0002
   5024.14    0.0000    0.0001   -0.0004
   5025.18    0.0000    0.0002   -0.0006
   5026.21    0.0000    0.0003   -0.0006
   5027.24    0.0000    0.0004   -0.0004
   5028.27    0.0000    0.0004   -0.0001
   5029.31    0.0000    0.0003    0.0002
   5030.34    0.0000    0.0002    0.0006
   5031.37    0.0000    0.0000    0.0008
   5032.40    0.0000   -0.0001    0.0009
   5033.44    0.0000   -0.0002    0.0009
   5034.47    0.0000   -0.0002    0.0007
   5035.50    0.0000   -0.0002    0.0005
   5036.53    0.0000   -0.0002    0.0003
   5037.57    0.0000   -0.0002    0.0001
   5038.60    0.0000   -0.0002   -0.0001
   5039.63    0.0000   -0.0003   -0.0002
   5040.66    0.0000   -0.0003   -0.0002
   5041.70    0.0000   -0.0004   -0.0003
   5042.73    0.0000   -0.0004   -0.0003
   5043.76    0.0000   -0.0004   -0.0003
   5044.79    0.0000   -0.0003   -0.0003
   5045.83    0.0000   -0.0002   -0.0003
   5046.86    0.0000   -0.0000   -0.0003
   5047.89    0.0000    0.0002   -0.0003
   5048.92    0.0000    0.0003   -0.0003
   5049.96    0.0000    0.0005   -0.0003
   5050.99    0.0000    0.0005   -0.0003
   5052.02    0.0000    0.0005   -0.0003
   5053.05    0.0000    0.0005   -0.0003
   5054.09    0.0000    0.0005   -0.0002
   5055.12    0.0000    0.0004   -0.0001
   5056.15    0.0000    0.0003   -0.0000
   5057.18    0.0000    0.0002    0.0002
   5058.22    0.0000    0.0001    0.0004
   5059.25    0.0000    0.0000    0.0005
   5060.28    0.0000   -0.0001    0.0007
   5061.31    0.0000   -0.0001    0.0008
   5062.35    0.0000   -0.0002    0.0008
   5063.38    0.0000   -0.0003    0.0007
   5064.41    0.0000   -0.0004    0.0006
   5065.44    0.0000   -0.0004    0.0004
   5066.48    0.0000   -0.0004    0.0002
   5067.51    0.0000   -0.0004   -0.0001
   5068.54    0.0000   -0.0003   -0.0003
   5069.57    0.0000   -0.0002   -0.0005
   5070.61    0.0000   -0.0000   -0.0006
   5071.64    0.0000    0.0001   -0.0006
   5072.67    0.0000    0.0002   -0.0006
   5073.70    0.0000    0.0002   -0.0005
   5074.74    0.0000    0.0002   -0.0003
   5075.77    0.0000    0.0001   -0.0002
   5076.80    0.0000   -0.0000   -0.0001
   5077.83    0.0000   -0.0001   -0.0000
   5078.87    0.0000   -0.0002   -0.0000
   5079.90    0.0000   -0.0002   -0.0000
   5080.93    0.0000   -0.0002   -0.0001
   5081.96    0.0000   -0.0001   -0.0001
   5083.00    0.0000    0.0000   -0.0002
   5084.03    0.0000    0.0001   -0.0002
   5085.06    0.0000    0.0002   -0.0002
   5086.09    0.0000    0.0003   -0.0001
   5087.13    0.0000    0.0004   -0.0000
   5088.16    0.0000    0.0004    0.0001
   5089.19    0.0000    0.0004    0.0002
   5090.22    0.0000    0.0003    0.0003
   5091.26    0.0000    0.0002    0.0003
   5092.29    0.0000    0.0001    0.0004
   5093.32    0.0000    0.0000    0.0002
   5094.35    0.0000   -0.0001    0.0000
   5095.39    0.0000   -0.0003   -0.0002
   5096.42    0.0000   -0.0004   -0.0003
   5097.45    0.0000   -0.0005   -0.0002
   5098.48    0.0000   -0.0004   -0.0001
   5099.52    0.0000   -0.0001   -0.0000
   5100.55    0.0000    0.0002    0.0000
   5101.58    0.0000    0.0004    0.0000
   5102.61    0.0000    0.0007   -0.0000
   5103.65    0.0000    0.0008   -0.0001
   5104.68    0.0000    0.0008   -0.0002
   5105.71    0.0000    0.0007   -0.0002
   5106.74    0.0000    0.0005   -0.0001
   5107.78    0.0000    0.0004    0.0000
   5108.81    0.0000    0.0003    0.0003
   5109.84    0.0000    0.0002    0.0005
   5110.87    0.0000    0.0001    0.0006
   5111.91    0.0000    0.0001    0.0007
   5112.94    0.0000    0.0001    0.0006
   5113.97    0.0000    0.0001    0.0005
   5115.00    0.0000    0.0000    0.0003
   5116.04    0.0000   -0.0001    0.0002
   5117.07    0.0000   -0.0002    0.0000
   5118.10    0.0000   -0.0004   -0.0001
   5119.13    0.0000   -0.0005   -0.0001
   5120.17    0.0000   -0.0006   -0.0001
   5121.20    0.0000   -0.0006   -0.0000
   5122.23    0.0000   -0.0005    0.0000
   5123.26    0.0000   -0.0004    0.0001
   5124.30    0.0000   -0.0003    0.0001
   5125.33    0.0000   -0.0002    0.0001
   5126.36    0.0000   -0.0001    0.0001
   5127.39    0.0000   -0.0001    0.0000
   5128.43    0.0000   -0.0001   -0.0000
   5129.46    0.0000   -0.0002   -0.0000
   5130.49    0.0000   -0.0002   -0.0000
   5131.52    0.0000   -0.0003    0.0000
   5132.56    0.0000   -0.0002    0.0001
   5133.59    0.0000   -0.0002    0.0001
   5134.62    0.0000   -0.0001    0.0001
   5135.65    0.0000   -0.0001    0.0000
   5136.69    0.0000   -0.0001   -0.0000
   5137.72    0.0000   -0.0001   -0.0001
   5138.75    0.0000   -0.0002   -0.0002
   5139.78    0.0000   -0.0002   -0.0002
   5140.82    0.0000   -0.0003   -0.0002
   5141.85    0.0000   -0.0003   -0.0001
   5142.88    0.0000   -0.0002    0.0001
   5143.91    0.0000   -0.0002    0.0002
   5144.95    0.0000   -0.0001    0.0003
   5145.98    0.0000   -0.0000    0.0004
   5147.01    0.0000    0.0000    0.0004
   5148.04    0.0000    0.0002    0.0003
   5149.08    0.0000    0.0003   -0.0000
   5150.11    0.0000    0.0004   -0.0003
   5151.14    0.0000    0.0004   -0.0005
   5152.17    0.0000    0.0003   -0.0005
   5153.21    0.0000    0.0002   -0.0004
   5154.24    0.0000    0.0001   -0.0001
   5155.27    0.0000   -0.0000    0.0002
   5156.30    0.0000   -0.0001    0.0005
   5157.34    0.0000   -0.0001    0.0007
   5158.37    0.0000   -0.0001    0.0007
   5159.40    0.0000   -0.0001    0.0006
   5160.43    0.0000   -0.0001    0.0004
   5161.47    0.0000   -0.0001    0.0001
   5162.50    0.0000   -0.0001   -0.0002
   5163.53    0.0000   -0.0002   -0.0004
   5164.56    0.0000   -0.0002   -0.0006
   5165.60    0.0000   -0.0002   -0.0007
   5166.63    0.0000   -0.0001   -0.0007
   5167.66    0.0000    0.0000   -0.0006
   5168.69    0.0000    0.0002   -0.0005
   5169.73    0.0000    0.0003   -0.0003
   5170.76    0.0000    0.0004   -0.0001
   5171.79    0.0000    0.0005    0.0001
   5172.82    0.0000    0.0005    0.0003
   5173.86    0.0000    0.0005    0.0005
   5174.89    0.0000    0.0003    0.0006
   5175.92    0.0000    0.0001    0.0007
   5176.95    0.0000   -0.0001    0.0007
   5177.99    0.0000   -0.0003    0.0007
   5179.02    0.0000   -0.0004    0.0005
   5180.05    0.0000   -0.0005    0.0004
   5181.08    0.0000   -0.0006    0.0001
   5182.12    0.0000   -0.0007   -0.0001
   5183.15    0.0000   -0.0007   -0.0003
   5184.18    0.0000   -0.0006   -0.0004
   5185.21    0.0000   -0.0006   -0.0005
   5186.25    0.0000   -0.0005   -0.0004
   5187.28    0.0000   -0.0004   -0.0003
   5188.31    0.0000   -0.0003   -0.0001
   5189.34    0.0000   -0.0002   -0.0000
   5190.38    0.0000   -0.0001    0.0001
   5191.41    0.0000    0.0001    0.0001
   5192.44    0.0000    0.0002    0.0001
   5193.47    0.0000    0.0003    0.0001
   5194.51    0.0000    0.0004    0.0001
   5195.54    0.0000    0.0004    0.0002
   5196.57    0.0000    0.0004    0.0002
   5197.60    0.0000    0.0003    0.0002
   5198.64    0.0000    0.0002    0.0002
   5199.67    0.0000    0.0001    0.0002
   5200.70    0.0000    0.0000    0.0001
   5201.73    0.0000   -0.0000   -0.0001
   5202.77    0.0000   -0.0000   -0.0003
   5203.80    0.0000    0.0000   -0.0005
   5204.83    0.0000    0.0001   -0.0006
   5205.86    0.0000    0.0001   -0.0006
   5206.90    0.0000    0.0001   -0.0005
   5207.93    0.0000    0.0001   -0.0003
   5208.96    0.0000    0.0001   -0.0002
   5209.99    0.0000    0.0000   -0.0000
   5211.03    0.0000    0.0000    0.0001
   5212.06    0.0000   -0.0000    0.0001
   5213.09    0.0000   -0.0000    0.0001
   5214.12    0.0000   -0.0000    0.0000
   5215.16    0.0000    0.0000   -0.0001
   5216.19    0.0000    0.0000   -0.0002
   5217.22    0.0000    0.0000   -0.0002
   5218.25    0.0000   -0.0000   -0.0003
   5219.29    0.0000   -0.0001   -0.0003
   5220.32    0.0000   -0.0001   -0.0003
   5221.35    0.0000   -0.0001   -0.0002
   5222.38    0.0000   -0.0001   -0.0002
   5223.42    0.0000   -0.0000   -0.0002
   5224.45    0.0000    0.0000   -0.0003
   5225.48    0.0000    0.0001   -0.0003
   5226.51    0.0000    0.0002   -0.0004
   5227.55    0.0000    0.0003   -0.0005
   5228.58    0.0000    0.0004   -0.0005
   5229.61    0.0000    0.0005   -0.0006
   5230.64    0.0000    0.0006   -0.0006
   5231.68    0.0000    0.0007   -0.0006
   5232.71    0.0000    0.0007   -0.0006
   5233.74    0.0000    0.0008   -0.0005
   5234.77    0.0000    0.0008   -0.0004
   5235.81    0.0000    0.0007   -0.0003
   5236.84    0.0000    0.0006   -0.0002
   5237.87    0.0000    0.0005   -0.0002
   5238.90    0.0000    0.0004   -0.0002
   5239.94    0.0000    0.0003   -0.0002
   5240.97    0.0000    0.0002   -0.0002
   5242.00    0.0000    0.0001   -0.0002
   5243.03    0.0000    0.0001   -0.0002
   5244.07    0.0000    0.0000   -0.0003
   5245.10    0.0000    0.0000   -0.0003
   5246.13    0.0000   -0.0000   -0.0003
   5247.16    0.0000   -0.0001   -0.0003
   5248.20    0.0000   -0.0002   -0.0004
   5249.23    0.0000   -0.0002   -0.0004
   5250.26    0.0000   -0.0003   -0.0005
   5251.29    0.0000   -0.0003   -0.0006
   5252.33    0.0000   -0.0003   -0.0006
   5253.36    0.0000   -0.0003   -0.0007
   5254.39    0.0000   -0.0003   -0.0007
   5255.42    0.0000   -0.0003   -0.0007
   5256.46    0.0000   -0.0003   -0.0007
   5257.49    0.0000   -0.0003   -0.0007
   5258.52    0.0000   -0.0003   -0.0007
   5259.55    0.0000   -0.0003   -0.0006
   5260.59    0.0000   -0.0004   -0.0006
   5261.62    0.0000   -0.0005   -0.0006
   5262.65    0.0000   -0.0006   -0.0006
   5263.68    0.0000   -0.0006   -0.0006
   5264.72    0.0000   -0.0007   -0.0007
   5265.75    0.0000   -0.0006   -0.0007
   5266.78    0.0000   -0.0006   -0.0007
   5267.81    0.0000   -0.0006   -0.0008
   5268.85    0.0000   -0.0005   -0.0007
   5269.88    0.0000   -0.0005   -0.0007
   5270.91    0.0000   -0.0006   -0.0006
   5271.94    0.0000   -0.0007   -0.0006
   5272.98    0.0000   -0.0008   -0.0005
   5274.01    0.0000   -0.0009   -0.0005
   5275.04    0.0000   -0.0009   -0.0006
   5276.07    0.0000   -0.0010   -0.0007
   5277.11    0.0000   -0.0010   -0.0008
   5278.14    0.0000   -0.0009   -0.0008
   5279.17    0.0000   -0.0008   -0.0009
   5280.20    0.0000   -0.0007   -0.0009
   5281.24    0.0000   -0.0007   -0.0009
   5282.27    0.0000   -0.0007   -0.0008
   5283.30    0.0000   -0.0007   -0.0007
   5284.33    0.0000   -0.0007   -0.0006
   5285.37    0.0000   -0.0008   -0.0006
   5286.40    0.0000   -0.0008   -0.0005
   5287.43    0.0000   -0.0008   -0.0006
   5288.46    0.0000   -0.0008   -0.0006
