     #Time      Norm      Real      Imag
   4015.39    0.0000   -0.0000    0.0000
   4016.42    0.0000   -0.0000    0.0000
   4017.46    0.0000   -0.0000    0.0000
   4018.49    0.0000   -0.0000    0.0000
   4019.52    0.0000   -0.0000    0.0000
   4020.55    0.0000   -0.0000    0.0000
   4021.59    0.0000   -0.0000    0.0000
   4022.62    0.0000   -0.0000    0.0000
   4023.65    0.0000   -0.0000    0.0000
   4024.68    0.0000   -0.0000    0.0000
   4025.72    0.0000   -0.0000    0.0000
   4026.75    0.0000   -0.0000    0.0000
   4027.78    0.0000   -0.0000   -0.0000
   4028.81    0.0000   -0.0000   -0.0000
   4029.85    0.0000   -0.0000   -0.0000
   4030.88    0.0000   -0.0000   -0.0000
   4031.91    0.0000   -0.0000   -0.0000
   4032.94    0.0000   -0.0000   -0.0000
   4033.98    0.0000   -0.0000   -0.0000
   4035.01    0.0000    0.0000    0.0000
   4036.04    0.0000    0.0000    0.0000
   4037.07    0.0000    0.0000    0.0000
   4038.11    0.0000    0.0000    0.0000
   4039.14    0.0000    0.0000    0.0000
   4040.17    0.0000    0.0000    0.0000
   4041.20    0.0000    0.0000    0.0000
   4042.24    0.0000   -0.0000   -0.0000
   4043.27    0.0000   -0.0000   -0.0000
   4044.30    0.0000   -0.0000   -0.0000
   4045.33    0.0000   -0.0000   -0.0000
   4046.37    0.0000   -0.0000   -0.0000
   4047.40    0.0000   -0.0000   -0.0000
   4048.43    0.0000   -0.0000   -0.0000
   4049.46    0.0000   -0.0000   -0.0000
   4050.50    0.0000    0.0000    0.0000
   4051.53    0.0000    0.0000    0.0000
   4052.56    0.0000    0.0000    0.0000
   4053.59    0.0000    0.0000    0.0000
   4054.63    0.0000    0.0000    0.0000
   4055.66    0.0000    0.0000    0.0000
   4056.69    0.0000    0.0000    0.0000
   4057.72    0.0000    0.0000    0.0000
   4058.76    0.0000   -0.0000   -0.0000
   4059.79    0.0000   -0.0000   -0.0000
   4060.82    0.0000   -0.0000   -0.0000
   4061.85    0.0000   -0.0000   -0.0000
   4062.89    0.0000   -0.0000   -0.0000
   4063.92    0.0000   -0.0000   -0.0000
   4064.95    0.0000   -0.0000   -0.0000
   4065.98    0.0000   -0.0000   -0.0000
   4067.02    0.0000    0.0000    0.0000
   4068.05    0.0000    0.0000    0.0000
   4069.08    0.0000    0.0000    0.0000
   4070.11    0.0000    0.0000    0.0000
   4071.15    0.0000    0.0000    0.0000
   4072.18    0.0000    0.0000    0.0000
   4073.21    0.0000    0.0000    0.0000
   4074.24    0.0000    0.0000    0.0000
   4075.28    0.0000    0.0000    0.0000
   4076.31    0.0000   -0.0000   -0.0000
   4077.34    0.0000   -0.0000   -0.0000
   4078.37    0.0000   -0.0000   -0.0000
   4079.41    0.0000   -0.0000   -0.0000
   4080.44    0.0000   -0.0000   -0.0000
   4081.47    0.0000   -0.0000   -0.0000
   4082.50    0.0000   -0.0000   -0.0000
   4083.54    0.0000   -0.0000   -0.0000
   4084.57    0.0000   -0.0000   -0.0000
   4085.60    0.0000    0.0000    0.0000
   4086.63    0.0000    0.0000    0.0000
   4087.67    0.0000    0.0000    0.0000
   4088.70    0.0000    0.0000    0.0000
   4089.73    0.0000    0.0000    0.0000
   4090.76    0.0000    0.0000    0.0000
   4091.80    0.0000    0.0000    0.0000
   4092.83    0.0000    0.0000    0.0000
   4093.86    0.0000    0.0000    0.0000
   4094.89    0.0000    0.0000    0.0000
   4095.93    0.0000   -0.0000   -0.0000
   4096.96    0.0000   -0.0000   -0.0000
   4097.99    0.0000   -0.0000   -0.0000
   4099.02    0.0000   -0.0000   -0.0000
   4100.06    0.0000   -0.0000   -0.0000
   4101.09    0.0000   -0.0000   -0.0000
   4102.12    0.0000   -0.0000   -0.0000
   4103.15    0.0000   -0.0000   -0.0000
   4104.19    0.0000   -0.0000   -0.0000
   4105.22    0.0000   -0.0000   -0.0000
   4106.25    0.0000    0.0000   -0.0000
   4107.28    0.0000    0.0000    0.0000
   4108.32    0.0000    0.0000    0.0000
   4109.35    0.0000    0.0000    0.0000
   4110.38    0.0000    0.0000    0.0000
   4111.41    0.0000    0.0000    0.0000
   4112.45    0.0000    0.0000    0.0000
   4113.48    0.0000    0.0000    0.0000
   4114.51    0.0000    0.0000    0.0000
   4115.54    0.0000    0.0000    0.0000
   4116.58    0.0000    0.0000    0.0000
   4117.61    0.0000    0.0000    0.0000
   4118.64    0.0000    0.0000    0.0000
   4119.67    0.0000    0.0000   -0.0000
   4120.71    0.0000   -0.0000   -0.0000
   4121.74    0.0000   -0.0000   -0.0000
   4122.77    0.0000   -0.0000   -0.0000
   4123.80    0.0000   -0.0000   -0.0000
   4124.84    0.0000   -0.0000   -0.0000
   4125.87    0.0000   -0.0000   -0.0000
   4126.90    0.0000   -0.0000   -0.0000
   4127.93    0.0000   -0.0000   -0.0000
   4128.97    0.0000   -0.0000   -0.0000
   4130.00    0.0000    0.0000   -0.0000
   4131.03    0.0000    0.0000   -0.0000
   4132.06    0.0000    0.0000    0.0000
   4133.10    0.0000    0.0000    0.0000
   4134.13    0.0000    0.0000    0.0000
   4135.16    0.0000    0.0000    0.0000
   4136.19    0.0000    0.0000    0.0000
   4137.23    0.0000    0.0000    0.0000
   4138.26    0.0000    0.0000    0.0000
   4139.29    0.0000    0.0000    0.0000
   4140.32    0.0000    0.0000    0.0000
   4141.36    0.0000    0.0000    0.0000
   4142.39    0.0000    0.0000    0.0000
   4143.42    0.0000    0.0000    0.0000
   4144.45    0.0000    0.0000    0.0000
   4145.49    0.0000    0.0000   -0.0000
   4146.52    0.0000    0.0000   -0.0000
   4147.55    0.0000    0.0000   -0.0000
   4148.58    0.0000    0.0000   -0.0000
   4149.62    0.0000    0.0000   -0.0000
   4150.65    0.0000    0.0000   -0.0000
   4151.68    0.0000    0.0000   -0.0000
   4152.71    0.0000    0.0000   -0.0000
   4153.75    0.0000    0.0000   -0.0000
   4154.78    0.0000    0.0000   -0.0000
   4155.81    0.0000    0.0000   -0.0000
   4156.84    0.0000    0.0000   -0.0000
   4157.88    0.0000    0.0000   -0.0000
   4158.91    0.0000    0.0000   -0.0000
   4159.94    0.0000    0.0000   -0.0000
   4160.97    0.0000    0.0000   -0.0000
   4162.01    0.0000    0.0000   -0.0000
   4163.04    0.0000    0.0000   -0.0000
   4164.07    0.0000    0.0000   -0.0000
   4165.10    0.0000    0.0000    0.0000
   4166.14    0.0000    0.0000    0.0000
   4167.17    0.0000    0.0000    0.0000
   4168.20    0.0000    0.0000    0.0000
   4169.23    0.0000    0.0000    0.0000
   4170.27    0.0000    0.0000    0.0000
   4171.30    0.0000   -0.0000    0.0000
   4172.33    0.0000   -0.0000   -0.0000
   4173.36    0.0000   -0.0000   -0.0000
   4174.40    0.0000    0.0000   -0.0000
   4175.43    0.0000    0.0000    0.0000
   4176.46    0.0000    0.0000    0.0000
   4177.49    0.0000    0.0000    0.0000
   4178.53    0.0000    0.0000    0.0000
   4179.56    0.0000    0.0000    0.0000
   4180.59    0.0000    0.0000    0.0000
   4181.62    0.0000    0.0000    0.0000
   4182.66    0.0000    0.0000    0.0000
   4183.69    0.0000    0.0000    0.0000
   4184.72    0.0000    0.0000    0.0000
   4185.75    0.0000    0.0000    0.0000
   4186.79    0.0000    0.0000    0.0000
   4187.82    0.0000    0.0000    0.0000
   4188.85    0.0000    0.0000    0.0000
   4189.88    0.0000    0.0000    0.0000
   4190.92    0.0000    0.0000    0.0000
   4191.95    0.0000    0.0000    0.0000
   4192.98    0.0000    0.0000    0.0000
   4194.01    0.0000    0.0000    0.0000
   4195.05    0.0000    0.0000    0.0000
   4196.08    0.0000    0.0000    0.0000
   4197.11    0.0000    0.0000    0.0000
   4198.14    0.0000    0.0000    0.0000
   4199.18    0.0000    0.0000    0.0000
   4200.21    0.0000    0.0000    0.0000
   4201.24    0.0000    0.0000    0.0000
   4202.27    0.0000    0.0000    0.0000
   4203.31    0.0000    0.0000    0.0000
   4204.34    0.0000    0.0000    0.0000
   4205.37    0.0000   -0.0000    0.0000
   4206.40    0.0000   -0.0000    0.0000
   4207.44    0.0000   -0.0000    0.0000
   4208.47    0.0000   -0.0000    0.0000
   4209.50    0.0000   -0.0000    0.0000
   4210.53    0.0000   -0.0000    0.0000
   4211.57    0.0000   -0.0000    0.0000
   4212.60    0.0000   -0.0000    0.0000
   4213.63    0.0000   -0.0000    0.0000
   4214.66    0.0000   -0.0000    0.0000
   4215.70    0.0000   -0.0000    0.0000
   4216.73    0.0000   -0.0000    0.0000
   4217.76    0.0000   -0.0000    0.0000
   4218.79    0.0000   -0.0000    0.0000
   4219.83    0.0000   -0.0000    0.0000
   4220.86    0.0000   -0.0000    0.0000
   4221.89    0.0000   -0.0000    0.0000
   4222.92    0.0000   -0.0000    0.0000
   4223.96    0.0000   -0.0000    0.0000
   4224.99    0.0000   -0.0000    0.0000
   4226.02    0.0000   -0.0000    0.0000
   4227.05    0.0000   -0.0000    0.0000
   4228.09    0.0000   -0.0000    0.0000
   4229.12    0.0000   -0.0000    0.0000
   4230.15    0.0000   -0.0000    0.0000
   4231.18    0.0000   -0.0000    0.0000
   4232.22    0.0000   -0.0000    0.0000
   4233.25    0.0000   -0.0000    0.0000
   4234.28    0.0000   -0.0000    0.0000
   4235.31    0.0000   -0.0000   -0.0000
   4236.35    0.0000   -0.0000   -0.0000
   4237.38    0.0000   -0.0000   -0.0000
   4238.41    0.0000   -0.0000   -0.0000
   4239.44    0.0000   -0.0000   -0.0000
   4240.48    0.0000   -0.0000   -0.0000
   4241.51    0.0000   -0.0000   -0.0000
   4242.54    0.0000    0.0000   -0.0000
   4243.57    0.0000    0.0000   -0.0000
   4244.61    0.0000    0.0000   -0.0000
   4245.64    0.0000    0.0000   -0.0000
   4246.67    0.0000    0.0000   -0.0000
   4247.70    0.0000    0.0000   -0.0000
   4248.74    0.0000    0.0000   -0.0000
   4249.77    0.0000    0.0000   -0.0000
   4250.80    0.0000    0.0000   -0.0000
   4251.83    0.0000    0.0000   -0.0000
   4252.87    0.0000    0.0000   -0.0000
   4253.90    0.0000    0.0000    0.0000
   4254.93    0.0000    0.0000    0.0000
   4255.96    0.0000    0.0000    0.0000
   4257.00    0.0000    0.0000   -0.0002
   4258.03    0.0000    0.0000   -0.0004
   4259.06    0.0000    0.0001   -0.0006
   4260.09    0.0000    0.0001   -0.0007
   4261.13    0.0000    0.0001   -0.0006
   4262.16    0.0000    0.0002   -0.0004
   4263.19    0.0000    0.0002   -0.0001
   4264.22    0.0000    0.0002    0.0002
   4265.26    0.0000    0.0002    0.0005
   4266.29    0.0000    0.0001    0.0007
   4267.32    0.0000    0.0001    0.0007
   4268.35    0.0000    0.0001    0.0007
   4269.39    0.0000    0.0000    0.0005
   4270.42    0.0000    0.0000    0.0002
   4271.45    0.0000   -0.0000   -0.0001
   4272.48    0.0000   -0.0000   -0.0004
   4273.52    0.0000   -0.0000   -0.0006
   4274.55    0.0000    0.0000   -0.0007
   4275.58    0.0000    0.0001   -0.0006
   4276.61    0.0000    0.0001   -0.0005
   4277.65    0.0000    0.0001   -0.0003
   4278.68    0.0000    0.0002   -0.0000
   4279.71    0.0000    0.0002    0.0002
   4280.74    0.0000    0.0002    0.0005
   4281.78    0.0000    0.0002    0.0006
   4282.81    0.0000    0.0002    0.0007
   4283.84    0.0000    0.0001    0.0007
   4284.87    0.0000    0.0001    0.0006
   4285.91    0.0000    0.0001    0.0004
   4286.94    0.0000    0.0000    0.0001
   4287.97    0.0000   -0.0000   -0.0001
   4289.00    0.0000   -0.0000   -0.0003
   4290.04    0.0000   -0.0000   -0.0005
   4291.07    0.0000   -0.0000   -0.0006
   4292.10    0.0000    0.0000   -0.0006
   4293.13    0.0000    0.0000   -0.0006
   4294.17    0.0000    0.0001   -0.0004
   4295.20    0.0000    0.0001   -0.0002
   4296.23    0.0000    0.0002    0.0000
   4297.26    0.0000    0.0002    0.0003
   4298.30    0.0000    0.0002    0.0005
   4299.33    0.0000    0.0002    0.0006
   4300.36    0.0000    0.0002    0.0007
   4301.39    0.0000    0.0002    0.0007
   4302.43    0.0000    0.0002    0.0007
   4303.46    0.0000    0.0001    0.0005
   4304.49    0.0000    0.0001    0.0003
   4305.52    0.0000    0.0000    0.0001
   4306.56    0.0000   -0.0000   -0.0001
   4307.59    0.0000   -0.0001   -0.0003
   4308.62    0.0000   -0.0001   -0.0005
   4309.65    0.0000   -0.0001   -0.0006
   4310.69    0.0000   -0.0000   -0.0006
   4311.72    0.0000   -0.0000   -0.0006
   4312.75    0.0000    0.0000   -0.0005
   4313.78    0.0000    0.0001   -0.0004
   4314.82    0.0000    0.0001   -0.0002
   4315.85    0.0000    0.0002   -0.0000
   4316.88    0.0000    0.0002    0.0002
   4317.91    0.0000    0.0003    0.0004
   4318.95    0.0000    0.0003    0.0005
   4319.98    0.0000    0.0003    0.0006
   4321.01    0.0000    0.0003    0.0007
   4322.04    0.0000    0.0002    0.0007
   4323.08    0.0000    0.0002    0.0006
   4324.11    0.0000    0.0001    0.0005
   4325.14    0.0000    0.0001    0.0004
   4326.17    0.0000    0.0000    0.0002
   4327.21    0.0000   -0.0000    0.0000
   4328.24    0.0000   -0.0001   -0.0002
   4329.27    0.0000   -0.0001   -0.0003
   4330.30    0.0000   -0.0001   -0.0005
   4331.34    0.0000   -0.0001   -0.0005
   4332.37    0.0000   -0.0001   -0.0006
   4333.40    0.0000   -0.0001   -0.0006
   4334.43    0.0000   -0.0000   -0.0005
   4335.47    0.0000    0.0000   -0.0004
   4336.50    0.0000    0.0001   -0.0003
   4337.53    0.0000    0.0001   -0.0001
   4338.56    0.0000    0.0002    0.0000
   4339.60    0.0000    0.0002    0.0002
   4340.63    0.0000    0.0003    0.0004
   4341.66    0.0000    0.0003    0.0005
   4342.69    0.0000    0.0003    0.0006
   4343.73    0.0000    0.0003    0.0007
   4344.76    0.0000    0.0003    0.0007
   4345.79    0.0000    0.0003    0.0007
   4346.82    0.0000    0.0002    0.0006
   4347.86    0.0000    0.0002    0.0005
   4348.89    0.0000    0.0001    0.0004
   4349.92    0.0000    0.0001    0.0003
   4350.95    0.0000    0.0000    0.0001
   4351.99    0.0000   -0.0000   -0.0000
   4353.02    0.0000   -0.0000   -0.0002
   4354.05    0.0000   -0.0001   -0.0003
   4355.08    0.0000   -0.0001   -0.0004
   4356.12    0.0000   -0.0001   -0.0005
   4357.15    0.0000   -0.0000   -0.0005
   4358.18    0.0000   -0.0000   -0.0005
   4359.21    0.0000    0.0000   -0.0005
   4360.25    0.0000    0.0001   -0.0004
   4361.28    0.0000    0.0001   -0.0003
   4362.31    0.0000    0.0001   -0.0002
   4363.34    0.0000    0.0002   -0.0001
   4364.38    0.0000    0.0002    0.0001
   4365.41    0.0000    0.0002    0.0002
   4366.44    0.0000    0.0002    0.0003
   4367.47    0.0000    0.0002    0.0004
   4368.51    0.0000    0.0002    0.0005
   4369.54    0.0000    0.0002    0.0006
   4370.57    0.0000    0.0002    0.0006
   4371.60    0.0000    0.0001    0.0006
   4372.64    0.0000    0.0001    0.0006
   4373.67    0.0000    0.0001    0.0005
   4374.70    0.0000    0.0001    0.0004
   4375.73    0.0000    0.0000    0.0003
   4376.77    0.0000   -0.0000    0.0001
   4377.80    0.0000   -0.0000   -0.0000
   4378.83    0.0000   -0.0001   -0.0002
   4379.86    0.0000   -0.0001   -0.0003
   4380.90    0.0000   -0.0002   -0.0005
   4381.93    0.0000   -0.0002   -0.0006
   4382.96    0.0000   -0.0002   -0.0006
   4383.99    0.0000   -0.0002   -0.0006
   4385.03    0.0000   -0.0002   -0.0006
   4386.06    0.0000   -0.0002   -0.0006
   4387.09    0.0000   -0.0001   -0.0005
   4388.12    0.0000   -0.0000   -0.0004
   4389.16    0.0000    0.0001   -0.0003
   4390.19    0.0000    0.0002   -0.0001
   4391.22    0.0000    0.0002    0.0000
   4392.25    0.0000    0.0003    0.0001
   4393.29    0.0000    0.0003    0.0003
   4394.32    0.0000    0.0004    0.0004
   4395.35    0.0000    0.0004    0.0005
   4396.38    0.0000    0.0004    0.0007
   4397.42    0.0000    0.0004    0.0007
   4398.45    0.0000    0.0003    0.0005
   4399.48    0.0000    0.0001    0.0002
   4400.51    0.0000   -0.0000   -0.0001
   4401.55    0.0000   -0.0001   -0.0004
   4402.58    0.0000   -0.0003   -0.0007
   4403.61    0.0000   -0.0003   -0.0008
   4404.64    0.0000   -0.0003   -0.0008
   4405.68    0.0000   -0.0003   -0.0006
   4406.71    0.0000   -0.0002   -0.0002
   4407.74    0.0000   -0.0001    0.0001
   4408.77    0.0000    0.0000    0.0005
   4409.81    0.0000    0.0002    0.0008
   4410.84    0.0000    0.0002    0.0009
   4411.87    0.0000    0.0003    0.0009
   4412.90    0.0000    0.0003    0.0007
   4413.94    0.0000    0.0003    0.0004
   4414.97    0.0000    0.0002    0.0001
   4416.00    0.0000    0.0001   -0.0003
   4417.03    0.0000    0.0000   -0.0006
   4418.07    0.0000   -0.0001   -0.0008
   4419.10    0.0000   -0.0002   -0.0009
   4420.13    0.0000   -0.0003   -0.0008
   4421.16    0.0000   -0.0004   -0.0006
   4422.20    0.0000   -0.0004   -0.0003
   4423.23    0.0000   -0.0003    0.0001
   4424.26    0.0000   -0.0002    0.0004
   4425.29    0.0000   -0.0000    0.0007
   4426.33    0.0000    0.0002    0.0009
   4427.36    0.0000    0.0003    0.0009
   4428.39    0.0000    0.0004    0.0008
   4429.42    0.0000    0.0005    0.0005
   4430.46    0.0000    0.0005    0.0002
   4431.49    0.0000    0.0004   -0.0002
   4432.52    0.0000    0.0002   -0.0005
   4433.55    0.0000   -0.0000   -0.0007
   4434.59    0.0000   -0.0002   -0.0008
   4435.62    0.0000   -0.0004   -0.0007
   4436.65    0.0000   -0.0005   -0.0005
   4437.68    0.0000   -0.0005   -0.0002
   4438.72    0.0000   -0.0004    0.0001
   4439.75    0.0000   -0.0003    0.0005
   4440.78    0.0000   -0.0001    0.0007
   4441.81    0.0000    0.0001    0.0009
   4442.85    0.0000    0.0003    0.0010
   4443.88    0.0000    0.0005    0.0010
   4444.91    0.0000    0.0006    0.0008
   4445.94    0.0000    0.0007    0.0006
   4446.98    0.0000    0.0007    0.0003
   4448.01    0.0000    0.0006   -0.0001
   4449.04    0.0000    0.0004   -0.0005
   4450.07    0.0000    0.0002   -0.0008
   4451.11    0.0000   -0.0000   -0.0011
   4452.14    0.0000   -0.0003   -0.0013
   4453.17    0.0000   -0.0005   -0.0013
   4454.20    0.0000   -0.0007   -0.0013
   4455.24    0.0000   -0.0008   -0.0011
   4456.27    0.0000   -0.0009   -0.0008
   4457.30    0.0000   -0.0009   -0.0005
   4458.33    0.0000   -0.0008   -0.0001
   4459.37    0.0000   -0.0006    0.0003
   4460.40    0.0000   -0.0004    0.0006
   4461.43    0.0000   -0.0002    0.0009
   4462.46    0.0000    0.0000    0.0011
   4463.50    0.0000    0.0002    0.0012
   4464.53    0.0000    0.0004    0.0011
   4465.56    0.0000    0.0006    0.0009
   4466.59    0.0000    0.0007    0.0007
   4467.63    0.0000    0.0007    0.0004
   4468.66    0.0000    0.0007   -0.0000
   4469.69    0.0000    0.0006   -0.0004
   4470.72    0.0000    0.0004   -0.0007
   4471.76    0.0000    0.0003   -0.0010
   4472.79    0.0000    0.0000   -0.0011
   4473.82    0.0000   -0.0002   -0.0012
   4474.85    0.0000   -0.0003   -0.0012
   4475.89    0.0000   -0.0005   -0.0011
   4476.92    0.0000   -0.0006   -0.0008
   4477.95    0.0000   -0.0006   -0.0006
   4478.98    0.0000   -0.0006   -0.0002
   4480.02    0.0000   -0.0006    0.0001
   4481.05    0.0000   -0.0004    0.0004
   4482.08    0.0000   -0.0003    0.0006
   4483.11    0.0000   -0.0001    0.0008
   4484.15    0.0000    0.0001    0.0009
   4485.18    0.0000    0.0002    0.0009
   4486.21    0.0000    0.0003    0.0009
   4487.24    0.0000    0.0004    0.0008
   4488.28    0.0000    0.0004    0.0006
   4489.31    0.0000    0.0003    0.0005
   4490.34    0.0000    0.0002    0.0004
   4491.37    0.0000    0.0001    0.0003
   4492.41    0.0000    0.0000    0.0002
   4493.44    0.0000   -0.0000    0.0002
   4494.47    0.0000   -0.0001    0.0002
   4495.50    0.0000   -0.0001    0.0003
   4496.54    0.0000   -0.0001    0.0004
   4497.57    0.0000    0.0000    0.0005
   4498.60    0.0000    0.0002    0.0006
   4499.63    0.0000    0.0004    0.0006
   4500.67    0.0000    0.0005    0.0007
   4501.70    0.0000    0.0006    0.0007
   4502.73    0.0000    0.0006    0.0006
   4503.76    0.0000    0.0005    0.0005
   4504.80    0.0000    0.0003    0.0003
   4505.83    0.0000    0.0001    0.0002
   4506.86    0.0000   -0.0002    0.0000
   4507.89    0.0000   -0.0004   -0.0001
   4508.93    0.0000   -0.0007   -0.0002
   4509.96    0.0000   -0.0008   -0.0002
   4510.99    0.0000   -0.0008   -0.0001
   4512.02    0.0000   -0.0008   -0.0000
   4513.06    0.0000   -0.0007    0.0002
   4514.09    0.0000   -0.0005    0.0004
   4515.12    0.0000   -0.0003    0.0006
   4516.15    0.0000   -0.0001    0.0007
   4517.19    0.0000    0.0001    0.0008
   4518.22    0.0000    0.0002    0.0008
   4519.25    0.0000    0.0002    0.0008
   4520.28    0.0000    0.0002    0.0006
   4521.32    0.0000    0.0001    0.0005
   4522.35    0.0000   -0.0000    0.0003
   4523.38    0.0000   -0.0001    0.0001
   4524.41    0.0000   -0.0002   -0.0001
   4525.45    0.0000   -0.0002   -0.0001
   4526.48    0.0000   -0.0002   -0.0002
   4527.51    0.0000   -0.0002   -0.0001
   4528.54    0.0000   -0.0002   -0.0001
   4529.58    0.0000   -0.0001    0.0000
   4530.61    0.0000   -0.0001    0.0001
   4531.64    0.0000   -0.0001    0.0002
   4532.67    0.0000   -0.0002    0.0003
   4533.71    0.0000   -0.0003    0.0003
   4534.74    0.0000   -0.0003    0.0002
   4535.77    0.0000   -0.0003    0.0002
   4536.80    0.0000   -0.0002    0.0001
   4537.84    0.0000   -0.0001   -0.0001
   4538.87    0.0000    0.0000   -0.0002
   4539.90    0.0000    0.0002   -0.0003
   4540.93    0.0000    0.0003   -0.0003
   4541.97    0.0000    0.0004   -0.0004
   4543.00    0.0000    0.0005   -0.0003
   4544.03    0.0000    0.0004   -0.0003
   4545.06    0.0000    0.0003   -0.0002
   4546.10    0.0000    0.0001   -0.0002
   4547.13    0.0000   -0.0000   -0.0002
   4548.16    0.0000   -0.0001   -0.0002
   4549.19    0.0000   -0.0001   -0.0004
   4550.23    0.0000   -0.0000   -0.0006
   4551.26    0.0000    0.0001   -0.0008
   4552.29    0.0000    0.0001   -0.0009
   4553.32    0.0000    0.0001   -0.0009
   4554.36    0.0000    0.0000   -0.0009
   4555.39    0.0000   -0.0002   -0.0007
   4556.42    0.0000   -0.0005   -0.0004
   4557.45    0.0000   -0.0008   -0.0001
   4558.49    0.0000   -0.0008    0.0001
   4559.52    0.0000   -0.0006    0.0000
   4560.55    0.0000   -0.0002   -0.0002
   4561.58    0.0000    0.0004   -0.0004
   4562.62    0.0000    0.0008   -0.0007
   4563.65    0.0000    0.0010   -0.0008
   4564.68    0.0000    0.0009   -0.0007
   4565.71    0.0000    0.0005   -0.0003
   4566.75    0.0000    0.0001    0.0002
   4567.78    0.0000   -0.0004    0.0006
   4568.81    0.0000   -0.0005    0.0010
   4569.84    0.0000   -0.0004    0.0010
   4570.88    0.0000   -0.0001    0.0008
   4571.91    0.0000    0.0003    0.0004
   4572.94    0.0000    0.0006   -0.0001
   4573.97    0.0000    0.0006   -0.0004
   4575.01    0.0000    0.0003   -0.0005
   4576.04    0.0000   -0.0002   -0.0004
   4577.07    0.0000   -0.0007   -0.0001
   4578.10    0.0000   -0.0010    0.0001
   4579.14    0.0000   -0.0010    0.0002
   4580.17    0.0000   -0.0007    0.0001
   4581.20    0.0000   -0.0003   -0.0002
   4582.23    0.0000    0.0001   -0.0004
   4583.27    0.0000    0.0003   -0.0005
   4584.30    0.0000    0.0003   -0.0004
   4585.33    0.0000    0.0003   -0.0001
   4586.36    0.0000    0.0001    0.0002
   4587.40    0.0000   -0.0000    0.0006
   4588.43    0.0000   -0.0001    0.0008
   4589.46    0.0000   -0.0000    0.0008
   4590.49    0.0000    0.0002    0.0006
   4591.53    0.0000    0.0004    0.0002
   4592.56    0.0000    0.0006   -0.0001
   4593.59    0.0000    0.0007   -0.0004
   4594.62    0.0000    0.0007   -0.0005
   4595.66    0.0000    0.0005   -0.0003
   4596.69    0.0000    0.0002   -0.0001
   4597.72    0.0000   -0.0000    0.0001
   4598.75    0.0000   -0.0002    0.0002
   4599.79    0.0000   -0.0002    0.0001
   4600.82    0.0000   -0.0002   -0.0001
   4601.85    0.0000   -0.0002   -0.0002
   4602.88    0.0000   -0.0002   -0.0003
   4603.92    0.0000   -0.0003   -0.0003
   4604.95    0.0000   -0.0004   -0.0001
   4605.98    0.0000   -0.0004    0.0002
   4607.01    0.0000   -0.0004    0.0005
   4608.05    0.0000   -0.0004    0.0007
   4609.08    0.0000   -0.0004    0.0008
   4610.11    0.0000   -0.0003    0.0007
   4611.14    0.0000   -0.0003    0.0004
   4612.18    0.0000   -0.0002    0.0001
   4613.21    0.0000   -0.0001   -0.0003
   4614.24    0.0000   -0.0000   -0.0006
   4615.27    0.0000    0.0000   -0.0008
   4616.31    0.0000    0.0000   -0.0008
   4617.34    0.0000    0.0000   -0.0006
   4618.37    0.0000   -0.0000   -0.0003
   4619.40    0.0000   -0.0000    0.0000
   4620.44    0.0000   -0.0000    0.0002
   4621.47    0.0000   -0.0000    0.0002
   4622.50    0.0000   -0.0000    0.0001
   4623.53    0.0000    0.0000   -0.0001
   4624.57    0.0000    0.0000   -0.0003
   4625.60    0.0000   -0.0000   -0.0004
   4626.63    0.0000   -0.0000   -0.0004
   4627.66    0.0000   -0.0001   -0.0001
   4628.70    0.0000   -0.0001    0.0002
   4629.73    0.0000   -0.0001    0.0005
   4630.76    0.0000   -0.0000    0.0006
   4631.79    0.0000    0.0000    0.0006
   4632.83    0.0000    0.0001    0.0005
   4633.86    0.0000    0.0002    0.0004
   4634.89    0.0000    0.0003    0.0003
   4635.92    0.0000    0.0003    0.0001
   4636.96    0.0000    0.0003   -0.0001
   4637.99    0.0000    0.0003   -0.0003
   4639.02    0.0000    0.0003   -0.0004
   4640.05    0.0000    0.0002   -0.0006
   4641.09    0.0000    0.0001   -0.0006
   4642.12    0.0000    0.0001   -0.0006
   4643.15    0.0000   -0.0000   -0.0006
   4644.18    0.0000   -0.0001   -0.0005
   4645.22    0.0000   -0.0002   -0.0004
   4646.25    0.0000   -0.0003   -0.0002
   4647.28    0.0000   -0.0003    0.0000
   4648.31    0.0000   -0.0004    0.0002
   4649.35    0.0000   -0.0004    0.0004
   4650.38    0.0000   -0.0003    0.0005
   4651.41    0.0000   -0.0003    0.0006
   4652.44    0.0000   -0.0002    0.0006
   4653.48    0.0000   -0.0002    0.0006
   4654.51    0.0000   -0.0001    0.0005
   4655.54    0.0000   -0.0001    0.0003
   4656.57    0.0000   -0.0000    0.0001
   4657.61    0.0000    0.0000   -0.0001
   4658.64    0.0000    0.0000   -0.0002
   4659.67    0.0000    0.0000   -0.0004
   4660.70    0.0000    0.0000   -0.0005
   4661.74    0.0000   -0.0000   -0.0005
   4662.77    0.0000   -0.0001   -0.0005
   4663.80    0.0000   -0.0001   -0.0004
   4664.83    0.0000   -0.0002   -0.0002
   4665.87    0.0000   -0.0002   -0.0000
   4666.90    0.0000   -0.0002    0.0002
   4667.93    0.0000   -0.0002    0.0004
   4668.96    0.0000   -0.0002    0.0005
   4670.00    0.0000   -0.0001    0.0006
   4671.03    0.0000   -0.0000    0.0006
   4672.06    0.0000    0.0001    0.0005
   4673.09    0.0000    0.0002    0.0003
   4674.13    0.0000    0.0003    0.0001
   4675.16    0.0000    0.0003   -0.0002
   4676.19    0.0000    0.0004   -0.0004
   4677.22    0.0000    0.0004   -0.0006
   4678.26    0.0000    0.0003   -0.0007
   4679.29    0.0000    0.0002   -0.0007
   4680.32    0.0000    0.0001   -0.0006
   4681.35    0.0000   -0.0001   -0.0004
   4682.39    0.0000   -0.0002   -0.0002
   4683.42    0.0000   -0.0003    0.0001
   4684.45    0.0000   -0.0004    0.0004
   4685.48    0.0000   -0.0003    0.0005
   4686.52    0.0000   -0.0003    0.0006
   4687.55    0.0000   -0.0004    0.0006
   4688.58    0.0000   -0.0004    0.0006
   4689.61    0.0000   -0.0005    0.0006
   4690.65    0.0000   -0.0005    0.0006
   4691.68    0.0000   -0.0006    0.0006
   4692.71    0.0000   -0.0006    0.0006
   4693.74    0.0000   -0.0006    0.0007
   4694.78    0.0000   -0.0007    0.0007
   4695.81    0.0000   -0.0007    0.0007
   4696.84    0.0000   -0.0007    0.0007
   4697.87    0.0000   -0.0007    0.0007
   4698.91    0.0000   -0.0007    0.0007
   4699.94    0.0000   -0.0006    0.0007
   4700.97    0.0000   -0.0006    0.0007
   4702.00    0.0000   -0.0006    0.0006
   4703.04    0.0000   -0.0006    0.0006
   4704.07    0.0000   -0.0005    0.0005
   4705.10    0.0000   -0.0004    0.0005
   4706.13    0.0000   -0.0004    0.0005
   4707.17    0.0000   -0.0003    0.0005
   4708.20    0.0000   -0.0003    0.0004
   4709.23    0.0000   -0.0002    0.0004
   4710.26    0.0000   -0.0002    0.0004
   4711.30    0.0000   -0.0002    0.0004
   4712.33    0.0000   -0.0002    0.0004
   4713.36    0.0000   -0.0002    0.0003
   4714.39    0.0000   -0.0002    0.0003
   4715.43    0.0000   -0.0002    0.0003
   4716.46    0.0000   -0.0001    0.0003
   4717.49    0.0000   -0.0001    0.0003
   4718.52    0.0000   -0.0001    0.0003
   4719.56    0.0000   -0.0001    0.0004
   4720.59    0.0000   -0.0001    0.0004
   4721.62    0.0000   -0.0001    0.0004
   4722.65    0.0000   -0.0002    0.0004
   4723.69    0.0000   -0.0002    0.0005
   4724.72    0.0000   -0.0002    0.0005
   4725.75    0.0000   -0.0003    0.0005
   4726.78    0.0000   -0.0003    0.0004
   4727.82    0.0000   -0.0002    0.0004
   4728.85    0.0000   -0.0002    0.0004
   4729.88    0.0000   -0.0002    0.0004
   4730.91    0.0000   -0.0002    0.0004
   4731.95    0.0000   -0.0001    0.0005
   4732.98    0.0000   -0.0001    0.0005
   4734.01    0.0000   -0.0001    0.0005
   4735.04    0.0000   -0.0001    0.0005
   4736.08    0.0000   -0.0001    0.0005
   4737.11    0.0000   -0.0002    0.0005
   4738.14    0.0000   -0.0002    0.0005
   4739.17    0.0000   -0.0002    0.0005
   4740.21    0.0000   -0.0002    0.0005
   4741.24    0.0000   -0.0002    0.0005
   4742.27    0.0000   -0.0002    0.0005
   4743.30    0.0000   -0.0002    0.0005
   4744.34    0.0000   -0.0003    0.0005
   4745.37    0.0000   -0.0003    0.0005
   4746.40    0.0000   -0.0004    0.0005
   4747.43    0.0000   -0.0005    0.0006
   4748.47    0.0000   -0.0005    0.0006
   4749.50    0.0000   -0.0005    0.0006
   4750.53    0.0000   -0.0005    0.0007
   4751.56    0.0000   -0.0005    0.0007
   4752.60    0.0000   -0.0005    0.0007
   4753.63    0.0000   -0.0005    0.0007
   4754.66    0.0000   -0.0004    0.0007
   4755.69    0.0000   -0.0004    0.0007
   4756.73    0.0000   -0.0003    0.0006
   4757.76    0.0000   -0.0003    0.0006
   4758.79    0.0000   -0.0003    0.0006
   4759.82    0.0000   -0.0003    0.0005
   4760.86    0.0000   -0.0004    0.0005
   4761.89    0.0000   -0.0004    0.0004
   4762.92    0.0000   -0.0005    0.0004
   4763.95    0.0000   -0.0005    0.0004
   4764.99    0.0000   -0.0005    0.0003
   4766.02    0.0000   -0.0005    0.0003
   4767.05    0.0000   -0.0005    0.0004
   4768.08    0.0000   -0.0006    0.0004
   4769.12    0.0000   -0.0006    0.0004
   4770.15    0.0000   -0.0006    0.0004
   4771.18    0.0000   -0.0007    0.0004
   4772.21    0.0000   -0.0007    0.0004
   4773.25    0.0000   -0.0007    0.0004
   4774.28    0.0000   -0.0007    0.0004
   4775.31    0.0000   -0.0007    0.0004
   4776.34    0.0000   -0.0007    0.0004
   4777.38    0.0000   -0.0007    0.0004
   4778.41    0.0000   -0.0007    0.0004
   4779.44    0.0000   -0.0007    0.0004
   4780.47    0.0000   -0.0005    0.0004
   4781.51    0.0000   -0.0002    0.0003
   4782.54    0.0000   -0.0000    0.0002
   4783.57    0.0000    0.0000    0.0001
   4784.60    0.0000   -0.0001    0.0000
   4785.64    0.0000   -0.0003    0.0000
   4786.67    0.0000   -0.0006    0.0002
   4787.70    0.0000   -0.0007    0.0003
   4788.73    0.0000   -0.0006    0.0004
   4789.77    0.0000   -0.0005    0.0005
   4790.80    0.0000   -0.0002    0.0004
   4791.83    0.0000    0.0000    0.0002
   4792.86    0.0000    0.0002    0.0000
   4793.90    0.0000    0.0003   -0.0001
   4794.93    0.0000    0.0003   -0.0002
   4795.96    0.0000    0.0002   -0.0002
   4796.99    0.0000    0.0002   -0.0000
   4798.03    0.0000    0.0003    0.0002
   4799.06    0.0000    0.0004    0.0004
   4800.09    0.0000    0.0004    0.0004
   4801.12    0.0000    0.0004    0.0003
   4802.16    0.0000    0.0003    0.0001
   4803.19    0.0000    0.0001   -0.0001
   4804.22    0.0000   -0.0001   -0.0002
   4805.25    0.0000   -0.0002   -0.0002
   4806.29    0.0000   -0.0001   -0.0000
   4807.32    0.0000    0.0000    0.0001
   4808.35    0.0000    0.0002    0.0001
   4809.38    0.0000    0.0004    0.0000
   4810.42    0.0000    0.0005   -0.0001
   4811.45    0.0000    0.0005   -0.0003
   4812.48    0.0000    0.0004   -0.0004
   4813.51    0.0000    0.0003   -0.0004
   4814.55    0.0000    0.0002   -0.0003
   4815.58    0.0000    0.0001   -0.0002
   4816.61    0.0000    0.0000    0.0000
   4817.64    0.0000    0.0000    0.0002
   4818.68    0.0000    0.0000    0.0002
   4819.71    0.0000    0.0001    0.0002
   4820.74    0.0000    0.0002    0.0001
   4821.77    0.0000    0.0003   -0.0000
   4822.81    0.0000    0.0004   -0.0001
   4823.84    0.0000    0.0005   -0.0002
   4824.87    0.0000    0.0005   -0.0002
   4825.90    0.0000    0.0006   -0.0002
   4826.94    0.0000    0.0006   -0.0002
   4827.97    0.0000    0.0006   -0.0002
   4829.00    0.0000    0.0005   -0.0002
   4830.03    0.0000    0.0005   -0.0001
   4831.07    0.0000    0.0004   -0.0001
   4832.10    0.0000    0.0004    0.0000
   4833.13    0.0000    0.0004    0.0000
   4834.16    0.0000    0.0005    0.0000
   4835.20    0.0000    0.0005   -0.0001
   4836.23    0.0000    0.0006   -0.0002
   4837.26    0.0000    0.0006   -0.0004
   4838.29    0.0000    0.0006   -0.0005
   4839.33    0.0000    0.0006   -0.0005
   4840.36    0.0000    0.0006   -0.0005
   4841.39    0.0000    0.0006   -0.0004
   4842.42    0.0000    0.0006   -0.0003
   4843.46    0.0000    0.0006   -0.0003
   4844.49    0.0000    0.0006   -0.0003
   4845.52    0.0000    0.0006   -0.0003
   4846.55    0.0000    0.0006   -0.0004
   4847.59    0.0000    0.0006   -0.0005
   4848.62    0.0000    0.0006   -0.0006
   4849.65    0.0000    0.0006   -0.0007
   4850.68    0.0000    0.0006   -0.0008
   4851.72    0.0000    0.0006   -0.0008
   4852.75    0.0000    0.0007   -0.0008
   4853.78    0.0000    0.0007   -0.0008
   4854.81    0.0000    0.0006   -0.0007
   4855.85    0.0000    0.0006   -0.0007
   4856.88    0.0000    0.0006   -0.0006
   4857.91    0.0000    0.0006   -0.0006
   4858.94    0.0000    0.0006   -0.0006
   4859.98    0.0000    0.0007   -0.0006
   4861.01    0.0000    0.0007   -0.0006
   4862.04    0.0000    0.0007   -0.0006
   4863.07    0.0000    0.0007   -0.0006
   4864.11    0.0000    0.0007   -0.0006
   4865.14    0.0000    0.0007   -0.0006
   4866.17    0.0000    0.0007   -0.0006
   4867.20    0.0000    0.0008   -0.0006
   4868.24    0.0000    0.0008   -0.0006
   4869.27    0.0000    0.0008   -0.0006
   4870.30    0.0000    0.0009   -0.0006
   4871.33    0.0000    0.0009   -0.0006
   4872.37    0.0000    0.0010   -0.0005
   4873.40    0.0000    0.0010   -0.0005
   4874.43    0.0000    0.0010   -0.0005
   4875.46    0.0000    0.0010   -0.0005
   4876.50    0.0000    0.0010   -0.0006
   4877.53    0.0000    0.0009   -0.0006
   4878.56    0.0000    0.0009   -0.0007
   4879.59    0.0000    0.0009   -0.0007
   4880.63    0.0000    0.0008   -0.0007
   4881.66    0.0000    0.0008   -0.0008
   4882.69    0.0000    0.0007   -0.0008
   4883.72    0.0000    0.0007   -0.0008
   4884.76    0.0000    0.0007   -0.0007
   4885.79    0.0000    0.0007   -0.0007
   4886.82    0.0000    0.0007   -0.0007
   4887.85    0.0000    0.0007   -0.0006
   4888.89    0.0000    0.0007   -0.0006
   4889.92    0.0000    0.0007   -0.0006
   4890.95    0.0000    0.0007   -0.0006
   4891.98    0.0000    0.0007   -0.0006
   4893.02    0.0000    0.0007   -0.0006
   4894.05    0.0000    0.0006   -0.0006
   4895.08    0.0000    0.0006   -0.0006
   4896.11    0.0000    0.0005   -0.0006
   4897.15    0.0000    0.0004   -0.0006
   4898.18    0.0000    0.0004   -0.0007
   4899.21    0.0000    0.0003   -0.0007
   4900.24    0.0000    0.0003   -0.0007
   4901.28    0.0000    0.0002   -0.0007
   4902.31    0.0000    0.0002   -0.0007
   4903.34    0.0000    0.0002   -0.0006
   4904.37    0.0000    0.0001   -0.0006
   4905.41    0.0000    0.0001   -0.0006
   4906.44    0.0000    0.0001   -0.0006
   4907.47    0.0000    0.0001   -0.0005
   4908.50    0.0000    0.0001   -0.0005
   4909.54    0.0000    0.0001   -0.0004
   4910.57    0.0000    0.0001   -0.0004
   4911.60    0.0000    0.0001   -0.0003
   4912.63    0.0000    0.0002   -0.0003
   4913.67    0.0000    0.0002   -0.0002
   4914.70    0.0000    0.0003   -0.0001
   4915.73    0.0000    0.0003   -0.0001
   4916.76    0.0000    0.0004   -0.0001
   4917.80    0.0000    0.0004   -0.0000
   4918.83    0.0000    0.0004   -0.0000
   4919.86    0.0000    0.0004   -0.0001
   4920.89    0.0000    0.0004   -0.0001
   4921.93    0.0000    0.0004   -0.0001
   4922.96    0.0000    0.0004   -0.0001
   4923.99    0.0000    0.0004   -0.0002
   4925.02    0.0000    0.0004   -0.0002
   4926.06    0.0000    0.0004   -0.0003
   4927.09    0.0000    0.0003   -0.0003
   4928.12    0.0000    0.0003   -0.0003
   4929.15    0.0000    0.0002   -0.0004
   4930.19    0.0000    0.0002   -0.0004
   4931.22    0.0000    0.0002   -0.0004
   4932.25    0.0000    0.0001   -0.0004
   4933.28    0.0000    0.0001   -0.0004
   4934.32    0.0000    0.0001   -0.0004
   4935.35    0.0000    0.0001   -0.0004
   4936.38    0.0000    0.0001   -0.0003
   4937.41    0.0000    0.0001   -0.0003
   4938.45    0.0000    0.0001   -0.0003
   4939.48    0.0000    0.0001   -0.0003
   4940.51    0.0000    0.0001   -0.0002
   4941.54    0.0000    0.0003   -0.0003
   4942.58    0.0000    0.0007   -0.0005
   4943.61    0.0000    0.0009   -0.0005
   4944.64    0.0000    0.0010   -0.0004
   4945.67    0.0000    0.0008   -0.0001
   4946.71    0.0000    0.0006    0.0002
   4947.74    0.0000    0.0003    0.0005
   4948.77    0.0000   -0.0000    0.0007
   4949.80    0.0000   -0.0002    0.0007
   4950.84    0.0000   -0.0003    0.0007
   4951.87    0.0000   -0.0002    0.0005
   4952.90    0.0000   -0.0001    0.0003
   4953.93    0.0000    0.0001    0.0001
   4954.97    0.0000    0.0002   -0.0000
   4956.00    0.0000    0.0003   -0.0001
   4957.03    0.0000    0.0004   -0.0001
   4958.06    0.0000    0.0004   -0.0001
   4959.10    0.0000    0.0003   -0.0000
   4960.13    0.0000    0.0002    0.0001
   4961.16    0.0000    0.0000    0.0001
   4962.19    0.0000   -0.0001    0.0002
   4963.23    0.0000   -0.0002    0.0003
   4964.26    0.0000   -0.0002    0.0003
   4965.29    0.0000   -0.0002    0.0003
   4966.32    0.0000   -0.0002    0.0003
   4967.36    0.0000   -0.0001    0.0002
   4968.39    0.0000   -0.0000    0.0002
   4969.42    0.0000    0.0001    0.0002
   4970.45    0.0000    0.0002    0.0003
   4971.49    0.0000    0.0003    0.0003
   4972.52    0.0000    0.0003    0.0003
   4973.55    0.0000    0.0003    0.0003
   4974.58    0.0000    0.0002    0.0003
   4975.62    0.0000    0.0001    0.0003
   4976.65    0.0000    0.0000    0.0003
   4977.68    0.0000   -0.0000    0.0003
   4978.71    0.0000   -0.0001    0.0003
   4979.75    0.0000   -0.0001    0.0002
   4980.78    0.0000   -0.0001    0.0002
   4981.81    0.0000   -0.0000    0.0001
   4982.84    0.0000    0.0000    0.0001
   4983.88    0.0000    0.0001   -0.0000
   4984.91    0.0000    0.0001   -0.0001
   4985.94    0.0000    0.0003   -0.0001
   4986.97    0.0000    0.0004   -0.0001
   4988.01    0.0000    0.0005   -0.0001
   4989.04    0.0000    0.0004   -0.0002
   4990.07    0.0000    0.0003   -0.0002
   4991.10    0.0000    0.0001   -0.0002
   4992.14    0.0000   -0.0001   -0.0001
   4993.17    0.0000   -0.0002   -0.0001
   4994.20    0.0000   -0.0002   -0.0000
   4995.23    0.0000   -0.0002    0.0000
   4996.27    0.0000   -0.0001    0.0001
   4997.30    0.0000    0.0001    0.0002
   4998.33    0.0000    0.0002    0.0002
   4999.36    0.0000    0.0003    0.0002
   5000.40    0.0000    0.0003    0.0001
   5001.43    0.0000    0.0003   -0.0000
   5002.46    0.0000    0.0001   -0.0001
   5003.49    0.0000   -0.0001   -0.0003
   5004.53    0.0000   -0.0002   -0.0004
   5005.56    0.0000   -0.0003   -0.0004
   5006.59    0.0000   -0.0003   -0.0004
   5007.62    0.0000   -0.0002   -0.0002
   5008.66    0.0000    0.0000   -0.0001
   5009.69    0.0000    0.0002    0.0001
   5010.72    0.0000    0.0004    0.0003
   5011.75    0.0000    0.0004    0.0004
   5012.79    0.0000    0.0003    0.0005
   5013.82    0.0000    0.0001    0.0004
   5014.85    0.0000   -0.0001    0.0002
   5015.88    0.0000   -0.0003    0.0001
   5016.92    0.0000   -0.0002   -0.0000
   5017.95    0.0000   -0.0001   -0.0001
   5018.98    0.0000    0.0001    0.0000
   5020.01    0.0000    0.0003    0.0002
   5021.05    0.0000    0.0005    0.0003
   5022.08    0.0000    0.0005    0.0005
   5023.11    0.0000    0.0004    0.0006
   5024.14    0.0000    0.0002    0.0006
   5025.18    0.0000   -0.0001    0.0005
   5026.21    0.0000   -0.0004    0.0004
   5027.24    0.0000   -0.0005    0.0002
   5028.27    0.0000   -0.0006    0.0000
   5029.31    0.0000   -0.0005   -0.0001
   5030.34    0.0000   -0.0003   -0.0002
   5031.37    0.0000   -0.0001   -0.0002
   5032.40    0.0000    0.0002   -0.0001
   5033.44    0.0000    0.0004   -0.0000
   5034.47    0.0000    0.0005    0.0001
   5035.50    0.0000    0.0005    0.0002
   5036.53    0.0000    0.0004    0.0003
   5037.57    0.0000    0.0002    0.0003
   5038.60    0.0000   -0.0000    0.0003
   5039.63    0.0000   -0.0002    0.0002
   5040.66    0.0000   -0.0004    0.0001
   5041.70    0.0000   -0.0004   -0.0000
   5042.73    0.0000   -0.0004   -0.0001
   5043.76    0.0000   -0.0003   -0.0002
   5044.79    0.0000   -0.0001   -0.0002
   5045.83    0.0000   -0.0000   -0.0001
   5046.86    0.0000    0.0001   -0.0000
   5047.89    0.0000    0.0002    0.0001
   5048.92    0.0000    0.0002    0.0002
   5049.96    0.0000    0.0001    0.0003
   5050.99    0.0000    0.0001    0.0002
   5052.02    0.0000    0.0000    0.0001
   5053.05    0.0000    0.0000   -0.0001
   5054.09    0.0000    0.0000   -0.0003
   5055.12    0.0000    0.0001   -0.0004
   5056.15    0.0000    0.0002   -0.0005
   5057.18    0.0000    0.0003   -0.0005
   5058.22    0.0000    0.0004   -0.0002
   5059.25    0.0000    0.0005    0.0001
   5060.28    0.0000    0.0005    0.0005
   5061.31    0.0000    0.0005    0.0008
   5062.35    0.0000    0.0005    0.0010
   5063.38    0.0000    0.0003    0.0009
   5064.41    0.0000    0.0002    0.0007
   5065.44    0.0000    0.0000    0.0004
   5066.48    0.0000   -0.0001    0.0001
   5067.51    0.0000   -0.0002   -0.0000
   5068.54    0.0000   -0.0002   -0.0001
   5069.57    0.0000   -0.0001    0.0000
   5070.61    0.0000   -0.0001    0.0002
   5071.64    0.0000    0.0000    0.0003
   5072.67    0.0000    0.0001    0.0004
   5073.70    0.0000    0.0001    0.0004
   5074.74    0.0000    0.0001    0.0002
   5075.77    0.0000    0.0000    0.0000
   5076.80    0.0000   -0.0001   -0.0002
   5077.83    0.0000   -0.0002   -0.0004
   5078.87    0.0000   -0.0004   -0.0005
   5079.90    0.0000   -0.0004   -0.0005
   5080.93    0.0000   -0.0005   -0.0004
   5081.96    0.0000   -0.0004   -0.0003
   5083.00    0.0000   -0.0003   -0.0002
   5084.03    0.0000   -0.0002   -0.0001
   5085.06    0.0000   -0.0001   -0.0001
   5086.09    0.0000   -0.0000   -0.0002
   5087.13    0.0000    0.0000   -0.0004
   5088.16    0.0000    0.0000   -0.0005
   5089.19    0.0000   -0.0001   -0.0006
   5090.22    0.0000   -0.0002   -0.0007
   5091.26    0.0000   -0.0003   -0.0006
   5092.29    0.0000   -0.0003   -0.0004
   5093.32    0.0000   -0.0004   -0.0002
   5094.35    0.0000   -0.0004   -0.0000
   5095.39    0.0000   -0.0003    0.0001
   5096.42    0.0000   -0.0000    0.0002
   5097.45    0.0000    0.0002    0.0001
   5098.48    0.0000    0.0004   -0.0001
   5099.52    0.0000    0.0004   -0.0002
   5100.55    0.0000    0.0003   -0.0004
   5101.58    0.0000    0.0000   -0.0005
   5102.61    0.0000   -0.0002   -0.0004
   5103.65    0.0000   -0.0003   -0.0002
   5104.68    0.0000   -0.0003   -0.0000
   5105.71    0.0000   -0.0002    0.0002
   5106.74    0.0000    0.0000    0.0003
   5107.78    0.0000    0.0003    0.0004
   5108.81    0.0000    0.0004    0.0003
   5109.84    0.0000    0.0004    0.0002
   5110.87    0.0000    0.0003    0.0000
   5111.91    0.0000    0.0000   -0.0001
   5112.94    0.0000   -0.0003   -0.0002
   5113.97    0.0000   -0.0005   -0.0002
   5115.00    0.0000   -0.0006   -0.0001
   5116.04    0.0000   -0.0006    0.0000
   5117.07    0.0000   -0.0004    0.0001
   5118.10    0.0000   -0.0002    0.0002
   5119.13    0.0000    0.0001    0.0002
   5120.17    0.0000    0.0003    0.0001
   5121.20    0.0000    0.0004   -0.0000
   5122.23    0.0000    0.0004   -0.0001
   5123.26    0.0000    0.0002   -0.0002
   5124.30    0.0000   -0.0000   -0.0002
   5125.33    0.0000   -0.0003   -0.0001
   5126.36    0.0000   -0.0004    0.0000
   5127.39    0.0000   -0.0005    0.0001
   5128.43    0.0000   -0.0004    0.0002
   5129.46    0.0000   -0.0002    0.0002
   5130.49    0.0000    0.0000    0.0001
   5131.52    0.0000    0.0002   -0.0000
   5132.56    0.0000    0.0003   -0.0002
   5133.59    0.0000    0.0003   -0.0003
   5134.62    0.0000    0.0002   -0.0003
   5135.65    0.0000    0.0001   -0.0003
   5136.69    0.0000   -0.0000   -0.0002
   5137.72    0.0000   -0.0001   -0.0001
   5138.75    0.0000   -0.0001    0.0000
   5139.78    0.0000   -0.0000    0.0001
   5140.82    0.0000    0.0001    0.0002
   5141.85    0.0000    0.0002    0.0002
   5142.88    0.0000    0.0003    0.0001
   5143.91    0.0000    0.0003    0.0000
   5144.95    0.0000    0.0002   -0.0001
   5145.98    0.0000    0.0001   -0.0002
   5147.01    0.0000   -0.0002   -0.0002
   5148.04    0.0000   -0.0004   -0.0002
   5149.08    0.0000   -0.0005   -0.0001
   5150.11    0.0000   -0.0005    0.0001
   5151.14    0.0000   -0.0003    0.0003
   5152.17    0.0000   -0.0001    0.0004
   5153.21    0.0000    0.0002    0.0004
   5154.24    0.0000    0.0003    0.0003
   5155.27    0.0000    0.0004    0.0002
   5156.30    0.0000    0.0004    0.0000
   5157.34    0.0000    0.0002   -0.0001
   5158.37    0.0000   -0.0000   -0.0001
   5159.40    0.0000   -0.0003    0.0000
   5160.43    0.0000   -0.0004    0.0002
   5161.47    0.0000   -0.0005    0.0004
   5162.50    0.0000   -0.0005    0.0006
   5163.53    0.0000   -0.0005    0.0007
   5164.56    0.0000   -0.0004    0.0006
   5165.60    0.0000   -0.0003    0.0004
   5166.63    0.0000   -0.0003    0.0000
   5167.66    0.0000   -0.0003   -0.0003
   5168.69    0.0000   -0.0004   -0.0006
   5169.73    0.0000   -0.0003   -0.0007
   5170.76    0.0000   -0.0003   -0.0007
   5171.79    0.0000   -0.0001   -0.0005
   5172.82    0.0000    0.0001   -0.0003
   5173.86    0.0000    0.0003   -0.0000
   5174.89    0.0000    0.0004    0.0002
   5175.92    0.0000    0.0005    0.0003
   5176.95    0.0000    0.0004    0.0003
   5177.99    0.0000    0.0002    0.0002
   5179.02    0.0000   -0.0001    0.0000
   5180.05    0.0000   -0.0004   -0.0001
   5181.08    0.0000   -0.0006   -0.0002
   5182.12    0.0000   -0.0005   -0.0002
   5183.15    0.0000   -0.0003   -0.0001
   5184.18    0.0000    0.0001    0.0000
   5185.21    0.0000    0.0005    0.0002
   5186.25    0.0000    0.0008    0.0003
   5187.28    0.0000    0.0009    0.0003
   5188.31    0.0000    0.0007    0.0003
   5189.34    0.0000    0.0004    0.0000
   5190.38    0.0000    0.0000   -0.0002
   5191.41    0.0000   -0.0003   -0.0004
   5192.44    0.0000   -0.0004   -0.0006
   5193.47    0.0000   -0.0004   -0.0005
   5194.51    0.0000   -0.0002   -0.0004
   5195.54    0.0000    0.0000   -0.0001
   5196.57    0.0000    0.0002    0.0002
   5197.60    0.0000    0.0002    0.0004
   5198.64    0.0000    0.0000    0.0004
   5199.67    0.0000   -0.0003    0.0004
   5200.70    0.0000   -0.0006    0.0003
   5201.73    0.0000   -0.0008    0.0001
   5202.77    0.0000   -0.0008    0.0001
   5203.80    0.0000   -0.0006    0.0001
   5204.83    0.0000   -0.0002    0.0002
   5205.86    0.0000    0.0002    0.0004
   5206.90    0.0000    0.0005    0.0005
   5207.93    0.0000    0.0007    0.0006
   5208.96    0.0000    0.0006    0.0005
   5209.99    0.0000    0.0004    0.0004
   5211.03    0.0000    0.0000    0.0001
   5212.06    0.0000   -0.0003   -0.0001
   5213.09    0.0000   -0.0006   -0.0003
   5214.12    0.0000   -0.0006   -0.0003
   5215.16    0.0000   -0.0005   -0.0002
   5216.19    0.0000   -0.0002   -0.0001
   5217.22    0.0000    0.0000    0.0001
   5218.25    0.0000    0.0002    0.0002
   5219.29    0.0000    0.0003    0.0002
   5220.32    0.0000    0.0002    0.0000
   5221.35    0.0000    0.0000   -0.0001
   5222.38    0.0000   -0.0001   -0.0002
   5223.42    0.0000   -0.0001   -0.0003
   5224.45    0.0000   -0.0002   -0.0003
   5225.48    0.0000   -0.0002   -0.0004
   5226.51    0.0000   -0.0002   -0.0004
   5227.55    0.0000   -0.0002   -0.0004
   5228.58    0.0000   -0.0001   -0.0003
   5229.61    0.0000   -0.0000   -0.0002
   5230.64    0.0000    0.0000   -0.0000
   5231.68    0.0000    0.0001    0.0002
   5232.71    0.0000    0.0002    0.0003
   5233.74    0.0000    0.0002    0.0005
   5234.77    0.0000    0.0002    0.0006
   5235.81    0.0000    0.0002    0.0007
   5236.84    0.0000    0.0002    0.0008
   5237.87    0.0000    0.0002    0.0008
   5238.90    0.0000    0.0001    0.0008
   5239.94    0.0000    0.0001    0.0008
   5240.97    0.0000   -0.0000    0.0008
   5242.00    0.0000   -0.0001    0.0007
   5243.03    0.0000   -0.0001    0.0006
   5244.07    0.0000   -0.0002    0.0005
   5245.10    0.0000   -0.0002    0.0003
   5246.13    0.0000   -0.0001    0.0002
   5247.16    0.0000   -0.0001    0.0000
   5248.20    0.0000   -0.0000   -0.0001
   5249.23    0.0000   -0.0000   -0.0002
   5250.26    0.0000   -0.0001   -0.0003
   5251.29    0.0000   -0.0001   -0.0003
   5252.33    0.0000   -0.0003   -0.0003
