     #Time      Norm      Real      Imag
   3699.45    0.0000   -0.0000   -0.0001
   3699.45    0.0000   -0.0001   -0.0003
   3700.48    0.0000   -0.0001   -0.0005
   3701.51    0.0000   -0.0002   -0.0007
   3702.54    0.0000   -0.0002   -0.0009
   3703.58    0.0000   -0.0003   -0.0011
   3704.61    0.0000   -0.0003   -0.0013
   3705.64    0.0000   -0.0004   -0.0015
   3706.67    0.0000   -0.0004   -0.0016
   3707.71    0.0000   -0.0004   -0.0018
   3708.74    0.0000   -0.0005   -0.0019
   3709.77    0.0000   -0.0005   -0.0020
   3710.80    0.0000   -0.0005   -0.0020
   3711.84    0.0000   -0.0005   -0.0021
   3712.87    0.0000   -0.0005   -0.0021
   3713.90    0.0000   -0.0005   -0.0021
   3714.93    0.0000   -0.0005   -0.0020
   3715.97    0.0000   -0.0005   -0.0019
   3717.00    0.0000   -0.0005   -0.0018
   3718.03    0.0000   -0.0004   -0.0017
   3719.06    0.0000   -0.0004   -0.0015
   3720.10    0.0000   -0.0004   -0.0014
   3721.13    0.0000   -0.0003   -0.0012
   3722.16    0.0000   -0.0003   -0.0009
   3723.19    0.0000   -0.0002   -0.0007
   3724.23    0.0000   -0.0001   -0.0005
   3725.26    0.0000   -0.0001   -0.0002
   3726.29    0.0000   -0.0000    0.0001
   3727.32    0.0000    0.0001    0.0003
   3728.36    0.0000    0.0001    0.0006
   3729.39    0.0000    0.0002    0.0008
   3730.42    0.0000    0.0003    0.0011
   3731.45    0.0000    0.0003    0.0013
   3732.49    0.0000    0.0004    0.0015
   3733.52    0.0000    0.0004    0.0017
   3734.55    0.0000    0.0005    0.0018
   3735.58    0.0000    0.0005    0.0019
   3736.62    0.0000    0.0005    0.0020
   3737.65    0.0000    0.0005    0.0020
   3738.68    0.0000    0.0005    0.0020
   3739.71    0.0000    0.0005    0.0020
   3740.75    0.0000    0.0005    0.0019
   3741.78    0.0000    0.0005    0.0018
   3742.81    0.0000    0.0004    0.0016
   3743.84    0.0000    0.0004    0.0014
   3744.88    0.0000    0.0003    0.0011
   3745.91    0.0000    0.0002    0.0009
   3746.94    0.0000    0.0002    0.0006
   3747.97    0.0000    0.0001    0.0003
   3749.01    0.0000    0.0000   -0.0000
   3750.04    0.0000   -0.0001   -0.0003
   3751.07    0.0000   -0.0002   -0.0006
   3752.10    0.0000   -0.0002   -0.0009
   3753.14    0.0000   -0.0003   -0.0012
   3754.17    0.0000   -0.0004   -0.0015
   3755.20    0.0000   -0.0004   -0.0017
   3756.23    0.0000   -0.0005   -0.0018
   3757.27    0.0000   -0.0005   -0.0020
   3758.30    0.0000   -0.0006   -0.0021
   3759.33    0.0000   -0.0006   -0.0021
   3760.36    0.0000   -0.0006   -0.0020
   3761.40    0.0000   -0.0005   -0.0020
   3762.43    0.0000   -0.0005   -0.0018
   3763.46    0.0000   -0.0005   -0.0016
   3764.49    0.0000   -0.0004   -0.0014
   3765.53    0.0000   -0.0003   -0.0011
   3766.56    0.0000   -0.0002   -0.0008
   3767.59    0.0000   -0.0002   -0.0005
   3768.62    0.0000   -0.0001   -0.0001
   3769.66    0.0000    0.0000    0.0003
   3770.69    0.0000    0.0001    0.0006
   3771.72    0.0000    0.0002    0.0010
   3772.75    0.0000    0.0003    0.0013
   3773.79    0.0000    0.0004    0.0015
   3774.82    0.0000    0.0004    0.0017
   3775.85    0.0000    0.0005    0.0019
   3776.88    0.0000    0.0005    0.0020
   3777.92    0.0000    0.0005    0.0020
   3778.95    0.0000    0.0005    0.0020
   3779.98    0.0000    0.0005    0.0019
   3781.01    0.0000    0.0004    0.0017
   3782.05    0.0000    0.0004    0.0015
   3783.08    0.0000    0.0003    0.0012
   3784.11    0.0000    0.0002    0.0008
   3785.14    0.0000    0.0001    0.0004
   3786.18    0.0000    0.0000    0.0000
   3787.21    0.0000   -0.0001   -0.0004
   3788.24    0.0000   -0.0002   -0.0008
   3789.27    0.0000   -0.0003   -0.0011
   3790.31    0.0000   -0.0003   -0.0015
   3791.34    0.0000   -0.0004   -0.0017
   3792.37    0.0000   -0.0004   -0.0019
   3793.40    0.0000   -0.0005   -0.0021
   3794.44    0.0000   -0.0005   -0.0021
   3795.47    0.0000   -0.0005   -0.0020
   3796.50    0.0000   -0.0004   -0.0019
   3797.53    0.0000   -0.0004   -0.0017
   3798.57    0.0000   -0.0003   -0.0014
   3799.60    0.0000   -0.0003   -0.0010
   3800.63    0.0000   -0.0002   -0.0006
   3801.66    0.0000   -0.0001   -0.0002
   3802.70    0.0000    0.0000    0.0003
   3803.73    0.0000    0.0001    0.0007
   3804.76    0.0000    0.0002    0.0011
   3805.79    0.0000    0.0003    0.0015
   3806.83    0.0000    0.0003    0.0018
   3807.86    0.0000    0.0004    0.0020
   3808.89    0.0000    0.0004    0.0021
   3809.92    0.0000    0.0004    0.0021
   3810.96    0.0000    0.0004    0.0020
   3811.99    0.0000    0.0003    0.0017
   3813.02    0.0000    0.0003    0.0014
   3814.05    0.0000    0.0002    0.0011
   3815.09    0.0000    0.0001    0.0006
   3816.12    0.0000    0.0000    0.0001
   3817.15    0.0000   -0.0000   -0.0004
   3818.18    0.0000   -0.0001   -0.0008
   3819.22    0.0000   -0.0002   -0.0013
   3820.25    0.0000   -0.0003   -0.0016
   3821.28    0.0000   -0.0003   -0.0019
   3822.31    0.0000   -0.0004   -0.0021
   3823.35    0.0000   -0.0004   -0.0021
   3824.38    0.0000   -0.0003   -0.0020
   3825.41    0.0000   -0.0003   -0.0018
   3826.44    0.0000   -0.0003   -0.0015
   3827.48    0.0000   -0.0002   -0.0011
   3828.51    0.0000   -0.0001   -0.0006
   3829.54    0.0000   -0.0000   -0.0001
   3830.57    0.0000    0.0000    0.0005
   3831.61    0.0000    0.0001    0.0010
   3832.64    0.0000    0.0002    0.0014
   3833.67    0.0000    0.0002    0.0018
   3834.70    0.0000    0.0003    0.0020
   3835.74    0.0000    0.0003    0.0021
   3836.77    0.0000    0.0003    0.0020
   3837.80    0.0000    0.0003    0.0019
   3838.83    0.0000    0.0002    0.0015
   3839.87    0.0000    0.0002    0.0011
   3840.90    0.0000    0.0001    0.0006
   3841.93    0.0000    0.0000    0.0000
   3842.96    0.0000   -0.0000   -0.0006
   3844.00    0.0000   -0.0001   -0.0011
   3845.03    0.0000   -0.0002   -0.0015
   3846.06    0.0000   -0.0002   -0.0019
   3847.09    0.0000   -0.0002   -0.0021
   3848.13    0.0000   -0.0002   -0.0021
   3849.16    0.0000   -0.0002   -0.0020
   3850.19    0.0000   -0.0002   -0.0017
   3851.22    0.0000   -0.0002   -0.0013
   3852.26    0.0000   -0.0001   -0.0008
   3853.29    0.0000   -0.0000   -0.0002
   3854.32    0.0000    0.0000    0.0004
   3855.35    0.0000    0.0001    0.0010
   3856.39    0.0000    0.0001    0.0015
   3857.42    0.0000    0.0002    0.0019
   3858.45    0.0000    0.0002    0.0021
   3859.48    0.0000    0.0002    0.0021
   3860.52    0.0000    0.0002    0.0019
   3861.55    0.0000    0.0002    0.0016
   3862.58    0.0000    0.0001    0.0011
   3863.61    0.0000    0.0001    0.0006
   3864.65    0.0000    0.0000   -0.0001
   3865.68    0.0000   -0.0000   -0.0007
   3866.71    0.0000   -0.0001   -0.0013
   3867.74    0.0000   -0.0001   -0.0017
   3868.78    0.0000   -0.0001   -0.0020
   3869.81    0.0000   -0.0001   -0.0021
   3870.84    0.0000   -0.0001   -0.0020
   3871.87    0.0000   -0.0001   -0.0017
   3872.91    0.0000   -0.0001   -0.0013
   3873.94    0.0000   -0.0000   -0.0007
   3874.97    0.0000   -0.0000   -0.0000
   3876.00    0.0000    0.0000    0.0007
   3877.04    0.0000    0.0001    0.0012
   3878.07    0.0000    0.0001    0.0017
   3879.10    0.0000    0.0001    0.0020
   3880.13    0.0000    0.0001    0.0020
   3881.17    0.0000    0.0001    0.0018
   3882.20    0.0000    0.0001    0.0014
   3883.23    0.0000    0.0001    0.0008
   3884.26    0.0000    0.0001    0.0002
   3885.30    0.0000    0.0000   -0.0005
   3886.33    0.0000   -0.0000   -0.0012
   3887.36    0.0000   -0.0000   -0.0017
   3888.39    0.0000   -0.0001   -0.0020
   3889.43    0.0000   -0.0001   -0.0020
   3890.46    0.0000   -0.0001   -0.0018
   3891.49    0.0000   -0.0001   -0.0014
   3892.52    0.0000   -0.0000   -0.0008
   3893.56    0.0000   -0.0000   -0.0001
   3894.59    0.0000    0.0000    0.0006
   3895.62    0.0000    0.0001    0.0013
   3896.65    0.0000    0.0001    0.0018
   3897.69    0.0000    0.0001    0.0020
   3898.72    0.0000    0.0001    0.0020
   3899.75    0.0000    0.0001    0.0017
   3900.78    0.0000    0.0001    0.0012
   3901.82    0.0000    0.0001    0.0005
   3902.85    0.0000    0.0000   -0.0002
   3903.88    0.0000    0.0000   -0.0009
   3904.91    0.0000   -0.0000   -0.0015
   3905.95    0.0000   -0.0001   -0.0019
   3906.98    0.0000   -0.0001   -0.0020
   3908.01    0.0000   -0.0001   -0.0019
   3909.04    0.0000   -0.0001   -0.0014
   3910.08    0.0000   -0.0000   -0.0008
   3911.11    0.0000    0.0000   -0.0000
   3912.14    0.0000    0.0001    0.0007
   3913.17    0.0000    0.0001    0.0014
   3914.21    0.0000    0.0001    0.0018
   3915.24    0.0000    0.0001    0.0020
   3916.27    0.0000    0.0001    0.0019
   3917.30    0.0000    0.0001    0.0015
   3918.34    0.0000    0.0001    0.0009
   3919.37    0.0000    0.0001    0.0001
   3920.40    0.0000    0.0000   -0.0007
   3921.43    0.0000   -0.0000   -0.0014
   3922.47    0.0000   -0.0001   -0.0018
   3923.50    0.0000   -0.0001   -0.0020
   3924.53    0.0000   -0.0001   -0.0019
   3925.56    0.0000   -0.0001   -0.0014
   3926.60    0.0000   -0.0000   -0.0008
   3927.63    0.0000    0.0000    0.0000
   3928.66    0.0000    0.0001    0.0008
   3929.69    0.0000    0.0001    0.0015
   3930.73    0.0000    0.0002    0.0019
   3931.76    0.0000    0.0002    0.0020
   3932.79    0.0000    0.0002    0.0018
   3933.82    0.0000    0.0001    0.0012
   3934.86    0.0000    0.0001    0.0005
   3935.89    0.0000    0.0000   -0.0003
   3936.92    0.0000   -0.0000   -0.0011
   3937.95    0.0000   -0.0001   -0.0017
   3938.99    0.0000   -0.0001   -0.0020
   3940.02    0.0000   -0.0001   -0.0019
   3941.05    0.0000   -0.0001   -0.0016
   3942.08    0.0000   -0.0001   -0.0009
   3943.12    0.0000   -0.0000   -0.0001
   3944.15    0.0000    0.0001    0.0007
   3945.18    0.0000    0.0001    0.0014
   3946.21    0.0000    0.0002    0.0018
   3947.25    0.0000    0.0002    0.0019
   3948.28    0.0000    0.0002    0.0016
   3949.31    0.0000    0.0001    0.0010
   3950.34    0.0000    0.0000    0.0002
   3951.38    0.0000   -0.0001   -0.0007
   3952.41    0.0000   -0.0001   -0.0014
   3953.44    0.0000   -0.0002   -0.0019
   3954.47    0.0000   -0.0002   -0.0020
   3955.51    0.0000   -0.0002   -0.0017
   3956.54    0.0000   -0.0002   -0.0011
   3957.57    0.0000   -0.0001   -0.0003
   3958.60    0.0000   -0.0000    0.0006
   3959.64    0.0000    0.0001    0.0013
   3960.67    0.0000    0.0001    0.0017
   3961.70    0.0000    0.0001    0.0018
   3962.73    0.0000    0.0001    0.0015
   3963.77    0.0000    0.0000    0.0008
   3964.80    0.0000   -0.0001   -0.0001
   3965.83    0.0000   -0.0002   -0.0009
   3966.86    0.0000   -0.0003   -0.0016
   3967.90    0.0000   -0.0004   -0.0019
   3968.93    0.0000   -0.0004   -0.0018
   3969.96    0.0000   -0.0003   -0.0013
   3970.99    0.0000   -0.0002   -0.0005
   3972.03    0.0000   -0.0001    0.0003
   3973.06    0.0000   -0.0000    0.0011
   3974.09    0.0000    0.0001    0.0016
   3975.12    0.0000    0.0001    0.0016
   3976.16    0.0000   -0.0000    0.0012
   3977.19    0.0000   -0.0001    0.0004
   3978.22    0.0000   -0.0003   -0.0005
   3979.25    0.0000   -0.0004   -0.0013
   3980.29    0.0000   -0.0005   -0.0018
   3981.32    0.0000   -0.0005   -0.0018
   3982.35    0.0000   -0.0005   -0.0014
   3983.38    0.0000   -0.0004   -0.0006
   3984.42    0.0000   -0.0002    0.0003
   3985.45    0.0000   -0.0001    0.0011
   3986.48    0.0000   -0.0001    0.0015
   3987.51    0.0000   -0.0001    0.0013
   3988.55    0.0000   -0.0002    0.0007
   3989.58    0.0000   -0.0004   -0.0002
   3990.61    0.0000   -0.0005   -0.0011
   3991.64    0.0000   -0.0007   -0.0016
   3992.68    0.0000   -0.0007   -0.0016
   3993.71    0.0000   -0.0006   -0.0011
   3994.74    0.0000   -0.0005   -0.0002
   3995.77    0.0000   -0.0003    0.0007
   3996.81    0.0000   -0.0002    0.0010
   3997.84    0.0000   -0.0002    0.0010
   3998.87    0.0000   -0.0002    0.0010
   3999.90    0.0000   -0.0002    0.0010
   4000.94    0.0000   -0.0002    0.0010
   4001.97    0.0000   -0.0002    0.0010
   4003.00    0.0000   -0.0002    0.0010
   4004.03    0.0000   -0.0002    0.0010
   4005.07    0.0000   -0.0002    0.0010
   4006.10    0.0000   -0.0002    0.0010
   4007.13    0.0000   -0.0002    0.0010
   4008.16    0.0000   -0.0002    0.0010
   4009.20    0.0000   -0.0002    0.0010
   4010.23    0.0000   -0.0002    0.0010
   4011.26    0.0000   -0.0002    0.0010
   4012.29    0.0000   -0.0002    0.0010
   4013.33    0.0000   -0.0002    0.0010
   4014.36    0.0000   -0.0002    0.0010
   4015.39    0.0000   -0.0002    0.0010
   4016.42    0.0000   -0.0002    0.0010
   4017.46    0.0000   -0.0002    0.0010
   4018.49    0.0000   -0.0002    0.0010
   4019.52    0.0000   -0.0002    0.0010
   4020.55    0.0000   -0.0002    0.0010
   4021.59    0.0000   -0.0002    0.0010
   4022.62    0.0000   -0.0002    0.0010
   4023.65    0.0000   -0.0002    0.0010
   4024.68    0.0000   -0.0002    0.0010
   4025.72    0.0000   -0.0002    0.0011
   4026.75    0.0000   -0.0002    0.0011
   4027.78    0.0000   -0.0002    0.0010
   4028.81    0.0000   -0.0002    0.0008
   4029.85    0.0000   -0.0001    0.0005
   4030.88    0.0000   -0.0000    0.0000
   4031.91    0.0000    0.0001   -0.0004
   4032.94    0.0000    0.0002   -0.0008
   4033.98    0.0000    0.0002   -0.0010
   4035.01    0.0000    0.0003   -0.0010
   4036.04    0.0000    0.0002   -0.0008
   4037.07    0.0000    0.0001   -0.0005
   4038.11    0.0000    0.0000   -0.0001
   4039.14    0.0000   -0.0001    0.0004
   4040.17    0.0000   -0.0002    0.0007
   4041.20    0.0000   -0.0002    0.0010
   4042.24    0.0000   -0.0003    0.0010
   4043.27    0.0000   -0.0002    0.0009
   4044.30    0.0000   -0.0002    0.0006
   4045.33    0.0000   -0.0001    0.0002
   4046.37    0.0000    0.0000   -0.0002
   4047.40    0.0000    0.0002   -0.0006
   4048.43    0.0000    0.0002   -0.0009
   4049.46    0.0000    0.0003   -0.0010
   4050.50    0.0000    0.0003   -0.0010
   4051.53    0.0000    0.0002   -0.0008
   4052.56    0.0000    0.0001   -0.0005
   4053.59    0.0000    0.0000   -0.0001
   4054.63    0.0000   -0.0001    0.0003
   4055.66    0.0000   -0.0002    0.0007
   4056.69    0.0000   -0.0002    0.0009
   4057.72    0.0000   -0.0003    0.0010
   4058.76    0.0000   -0.0003    0.0010
   4059.79    0.0000   -0.0002    0.0008
   4060.82    0.0000   -0.0002    0.0005
   4061.85    0.0000   -0.0001    0.0002
   4062.89    0.0000    0.0001   -0.0002
   4063.92    0.0000    0.0002   -0.0006
   4064.95    0.0000    0.0002   -0.0009
   4065.98    0.0000    0.0003   -0.0010
   4067.02    0.0000    0.0003   -0.0011
   4068.05    0.0000    0.0003   -0.0009
   4069.08    0.0000    0.0002   -0.0007
   4070.11    0.0000    0.0001   -0.0004
   4071.15    0.0000    0.0000    0.0000
   4072.18    0.0000   -0.0001    0.0004
   4073.21    0.0000   -0.0002    0.0007
   4074.24    0.0000   -0.0003    0.0009
   4075.28    0.0000   -0.0003    0.0011
   4076.31    0.0000   -0.0003    0.0011
   4077.34    0.0000   -0.0003    0.0009
   4078.37    0.0000   -0.0002    0.0007
   4079.41    0.0000   -0.0002    0.0003
   4080.44    0.0000   -0.0001   -0.0000
   4081.47    0.0000    0.0000   -0.0004
   4082.50    0.0000    0.0001   -0.0007
   4083.54    0.0000    0.0002   -0.0009
   4084.57    0.0000    0.0003   -0.0011
   4085.60    0.0000    0.0003   -0.0011
   4086.63    0.0000    0.0003   -0.0010
   4087.67    0.0000    0.0003   -0.0008
   4088.70    0.0000    0.0002   -0.0006
   4089.73    0.0000    0.0001   -0.0002
   4090.76    0.0000    0.0000    0.0001
   4091.80    0.0000   -0.0001    0.0004
   4092.83    0.0000   -0.0002    0.0007
   4093.86    0.0000   -0.0002    0.0009
   4094.89    0.0000   -0.0003    0.0011
   4095.93    0.0000   -0.0003    0.0011
   4096.96    0.0000   -0.0003    0.0010
   4097.99    0.0000   -0.0003    0.0008
   4099.02    0.0000   -0.0002    0.0006
   4100.06    0.0000   -0.0002    0.0003
   4101.09    0.0000   -0.0001   -0.0000
   4102.12    0.0000    0.0000   -0.0003
   4103.15    0.0000    0.0001   -0.0006
   4104.19    0.0000    0.0002   -0.0008
   4105.22    0.0000    0.0002   -0.0010
   4106.25    0.0000    0.0003   -0.0011
   4107.28    0.0000    0.0003   -0.0011
   4108.32    0.0000    0.0003   -0.0010
   4109.35    0.0000    0.0002   -0.0009
   4110.38    0.0000    0.0002   -0.0007
   4111.41    0.0000    0.0001   -0.0004
   4112.45    0.0000    0.0001   -0.0001
   4113.48    0.0000   -0.0000    0.0002
   4114.51    0.0000   -0.0001    0.0005
   4115.54    0.0000   -0.0002    0.0007
   4116.58    0.0000   -0.0002    0.0009
   4117.61    0.0000   -0.0003    0.0010
   4118.64    0.0000   -0.0003    0.0011
   4119.67    0.0000   -0.0003    0.0011
   4120.71    0.0000   -0.0003    0.0010
   4121.74    0.0000   -0.0003    0.0008
   4122.77    0.0000   -0.0002    0.0006
   4123.80    0.0000   -0.0002    0.0004
   4124.84    0.0000   -0.0001    0.0001
   4125.87    0.0000   -0.0000   -0.0002
   4126.90    0.0000    0.0000   -0.0005
   4127.93    0.0000    0.0001   -0.0007
   4128.97    0.0000    0.0001   -0.0009
   4130.00    0.0000    0.0002   -0.0011
   4131.03    0.0000    0.0002   -0.0011
   4132.06    0.0000    0.0002   -0.0012
   4133.10    0.0000    0.0002   -0.0011
   4134.13    0.0000    0.0002   -0.0010
   4135.16    0.0000    0.0002   -0.0008
   4136.19    0.0000    0.0001   -0.0006
   4137.23    0.0000    0.0001   -0.0003
   4138.26    0.0000    0.0000   -0.0001
   4139.29    0.0000   -0.0000    0.0002
   4140.32    0.0000   -0.0001    0.0005
   4141.36    0.0000   -0.0001    0.0007
   4142.39    0.0000   -0.0002    0.0009
   4143.42    0.0000   -0.0002    0.0010
   4144.45    0.0000   -0.0002    0.0011
   4145.49    0.0000   -0.0003    0.0010
   4146.52    0.0000   -0.0002    0.0010
   4147.55    0.0000   -0.0002    0.0008
   4148.58    0.0000   -0.0002    0.0006
   4149.62    0.0000   -0.0002    0.0003
   4150.65    0.0000   -0.0001    0.0000
   4151.68    0.0000   -0.0000   -0.0003
   4152.71    0.0000    0.0000   -0.0005
   4153.75    0.0000    0.0001   -0.0008
   4154.78    0.0000    0.0001   -0.0010
   4155.81    0.0000    0.0002   -0.0011
   4156.84    0.0000    0.0002   -0.0012
   4157.88    0.0000    0.0002   -0.0011
   4158.91    0.0000    0.0002   -0.0010
   4159.94    0.0000    0.0002   -0.0008
   4160.97    0.0000    0.0001   -0.0005
   4162.01    0.0000    0.0001   -0.0002
   4163.04    0.0000    0.0000    0.0002
   4164.07    0.0000   -0.0001    0.0005
   4165.10    0.0000   -0.0001    0.0008
   4166.14    0.0000   -0.0002    0.0010
   4167.17    0.0000   -0.0002    0.0011
   4168.20    0.0000   -0.0002    0.0011
   4169.23    0.0000   -0.0002    0.0009
   4170.27    0.0000   -0.0002    0.0007
   4171.30    0.0000   -0.0001    0.0003
   4172.33    0.0000   -0.0001   -0.0001
   4173.36    0.0000    0.0000   -0.0004
   4174.40    0.0000    0.0001   -0.0008
   4175.43    0.0000    0.0001   -0.0010
   4176.46    0.0000    0.0002   -0.0011
   4177.49    0.0000    0.0002   -0.0011
   4178.53    0.0000    0.0002   -0.0009
   4179.56    0.0000    0.0001   -0.0005
   4180.59    0.0000    0.0001   -0.0001
   4181.62    0.0000   -0.0000    0.0003
   4182.66    0.0000   -0.0001    0.0007
   4183.69    0.0000   -0.0002    0.0010
   4184.72    0.0000   -0.0002    0.0011
   4185.75    0.0000   -0.0002    0.0010
   4186.79    0.0000   -0.0002    0.0007
   4187.82    0.0000   -0.0001    0.0002
   4188.85    0.0000   -0.0000   -0.0003
   4189.88    0.0000    0.0001   -0.0005
   4190.92    0.0000    0.0002   -0.0005
   4191.95    0.0000    0.0002   -0.0004
   4192.98    0.0000    0.0003   -0.0004
   4194.01    0.0000    0.0004   -0.0003
   4195.05    0.0000    0.0004   -0.0002
   4196.08    0.0000    0.0005   -0.0001
   4197.11    0.0000    0.0005   -0.0001
   4198.14    0.0000    0.0006    0.0000
   4199.18    0.0000    0.0006    0.0001
   4200.21    0.0000    0.0006    0.0002
   4201.24    0.0000    0.0006    0.0002
   4202.27    0.0000    0.0006    0.0003
   4203.31    0.0000    0.0006    0.0004
   4204.34    0.0000    0.0006    0.0004
   4205.37    0.0000    0.0006    0.0005
   4206.40    0.0000    0.0005    0.0005
   4207.44    0.0000    0.0005    0.0006
   4208.47    0.0000    0.0004    0.0006
   4209.50    0.0000    0.0004    0.0006
   4210.53    0.0000    0.0003    0.0006
   4211.57    0.0000    0.0002    0.0006
   4212.60    0.0000    0.0002    0.0006
   4213.63    0.0000    0.0001    0.0006
   4214.66    0.0000    0.0000    0.0006
   4215.70    0.0000   -0.0000    0.0005
   4216.73    0.0000   -0.0001    0.0005
   4217.76    0.0000   -0.0002    0.0005
   4218.79    0.0000   -0.0002    0.0004
   4219.83    0.0000   -0.0003    0.0004
   4220.86    0.0000   -0.0004    0.0003
   4221.89    0.0000   -0.0004    0.0003
   4222.92    0.0000   -0.0005    0.0002
   4223.96    0.0000   -0.0005    0.0001
   4224.99    0.0000   -0.0006    0.0001
   4226.02    0.0000   -0.0006    0.0000
   4227.05    0.0000   -0.0006   -0.0001
   4228.09    0.0000   -0.0006   -0.0001
   4229.12    0.0000   -0.0006   -0.0002
   4230.15    0.0000   -0.0007   -0.0002
   4231.18    0.0000   -0.0007   -0.0003
   4232.22    0.0000   -0.0006   -0.0003
   4233.25    0.0000   -0.0006   -0.0004
   4234.28    0.0000   -0.0006   -0.0004
   4235.31    0.0000   -0.0006   -0.0005
   4236.35    0.0000   -0.0006   -0.0005
   4237.38    0.0000   -0.0005   -0.0005
   4238.41    0.0000   -0.0005   -0.0005
   4239.44    0.0000   -0.0004   -0.0006
   4240.48    0.0000   -0.0004   -0.0006
   4241.51    0.0000   -0.0003   -0.0006
   4242.54    0.0000   -0.0003   -0.0006
   4243.57    0.0000   -0.0002   -0.0006
   4244.61    0.0000   -0.0002   -0.0006
   4245.64    0.0000   -0.0001   -0.0006
   4246.67    0.0000   -0.0001   -0.0006
   4247.70    0.0000    0.0000   -0.0005
   4248.74    0.0000    0.0001   -0.0005
   4249.77    0.0000    0.0001   -0.0005
   4250.80    0.0000    0.0002   -0.0004
   4251.83    0.0000    0.0002   -0.0004
   4252.87    0.0000    0.0003   -0.0004
   4253.90    0.0000    0.0003   -0.0003
   4254.93    0.0000    0.0004   -0.0003
   4255.96    0.0000    0.0004   -0.0002
   4257.00    0.0000    0.0005   -0.0002
   4258.03    0.0000    0.0005   -0.0002
   4259.06    0.0000    0.0005   -0.0001
   4260.09    0.0000    0.0005   -0.0001
   4261.13    0.0000    0.0005   -0.0001
   4262.16    0.0000    0.0005   -0.0001
   4263.19    0.0000    0.0004   -0.0002
   4264.22    0.0000    0.0004   -0.0002
   4265.26    0.0000    0.0004   -0.0003
   4266.29    0.0000    0.0003   -0.0003
   4267.32    0.0000    0.0003   -0.0003
   4268.35    0.0000    0.0003   -0.0003
   4269.39    0.0000    0.0004   -0.0003
   4270.42    0.0000    0.0004   -0.0002
   4271.45    0.0000    0.0004   -0.0002
   4272.48    0.0000    0.0005   -0.0002
   4273.52    0.0000    0.0005   -0.0001
   4274.55    0.0000    0.0005   -0.0001
   4275.58    0.0000    0.0005   -0.0001
   4276.61    0.0000    0.0005   -0.0001
   4277.65    0.0000    0.0005   -0.0001
   4278.68    0.0000    0.0004   -0.0002
   4279.71    0.0000    0.0004   -0.0002
   4280.74    0.0000    0.0003   -0.0002
   4281.78    0.0000    0.0003   -0.0003
   4282.81    0.0000    0.0003   -0.0003
   4283.84    0.0000    0.0003   -0.0003
   4284.87    0.0000    0.0003   -0.0003
   4285.91    0.0000    0.0004   -0.0002
   4286.94    0.0000    0.0004   -0.0002
   4287.97    0.0000    0.0005   -0.0002
   4289.00    0.0000    0.0005   -0.0002
   4290.04    0.0000    0.0005   -0.0001
   4291.07    0.0000    0.0005   -0.0001
   4292.10    0.0000    0.0005   -0.0001
   4293.13    0.0000    0.0005   -0.0001
   4294.17    0.0000    0.0005   -0.0001
   4295.20    0.0000    0.0005   -0.0001
   4296.23    0.0000    0.0004   -0.0002
   4297.26    0.0000    0.0004   -0.0002
   4298.30    0.0000    0.0003   -0.0002
   4299.33    0.0000    0.0003   -0.0002
   4300.36    0.0000    0.0003   -0.0003
   4301.39    0.0000    0.0003   -0.0003
   4302.43    0.0000    0.0003   -0.0003
   4303.46    0.0000    0.0004   -0.0003
   4304.49    0.0000    0.0004   -0.0002
   4305.52    0.0000    0.0004   -0.0002
   4306.56    0.0000    0.0005   -0.0002
   4307.59    0.0000    0.0005   -0.0002
   4308.62    0.0000    0.0005   -0.0001
   4309.65    0.0000    0.0006   -0.0001
   4310.69    0.0000    0.0006   -0.0001
   4311.72    0.0000    0.0006   -0.0001
   4312.75    0.0000    0.0005   -0.0001
   4313.78    0.0000    0.0005   -0.0001
   4314.82    0.0000    0.0005   -0.0001
   4315.85    0.0000    0.0004   -0.0002
   4316.88    0.0000    0.0004   -0.0002
   4317.91    0.0000    0.0003   -0.0002
   4318.95    0.0000    0.0003   -0.0002
   4319.98    0.0000    0.0003   -0.0002
   4321.01    0.0000    0.0003   -0.0003
   4322.04    0.0000    0.0003   -0.0003
   4323.08    0.0000    0.0003   -0.0003
   4324.11    0.0000    0.0003   -0.0002
   4325.14    0.0000    0.0004   -0.0002
   4326.17    0.0000    0.0004   -0.0002
   4327.21    0.0000    0.0004   -0.0002
   4328.24    0.0000    0.0005   -0.0002
   4329.27    0.0000    0.0005   -0.0001
   4330.30    0.0000    0.0005   -0.0001
   4331.34    0.0000    0.0006   -0.0001
   4332.37    0.0000    0.0006   -0.0001
   4333.40    0.0000    0.0006   -0.0001
   4334.43    0.0000    0.0005   -0.0001
   4335.47    0.0000    0.0005   -0.0001
   4336.50    0.0000    0.0005   -0.0001
   4337.53    0.0000    0.0005   -0.0001
   4338.56    0.0000    0.0004   -0.0002
   4339.60    0.0000    0.0004   -0.0002
   4340.63    0.0000    0.0003   -0.0002
   4341.66    0.0000    0.0003   -0.0002
   4342.69    0.0000    0.0003   -0.0002
   4343.73    0.0000    0.0003   -0.0002
   4344.76    0.0000    0.0003   -0.0003
   4345.79    0.0000    0.0003   -0.0003
   4346.82    0.0000    0.0003   -0.0003
   4347.86    0.0000    0.0003   -0.0002
   4348.89    0.0000    0.0004   -0.0002
   4349.92    0.0000    0.0004   -0.0002
   4350.95    0.0000    0.0004   -0.0002
   4351.99    0.0000    0.0005   -0.0002
   4353.02    0.0000    0.0005   -0.0001
   4354.05    0.0000    0.0005   -0.0001
   4355.08    0.0000    0.0005   -0.0001
   4356.12    0.0000    0.0005   -0.0001
   4357.15    0.0000    0.0005   -0.0001
   4358.18    0.0000    0.0005   -0.0001
   4359.21    0.0000    0.0005   -0.0001
   4360.25    0.0000    0.0005   -0.0001
   4361.28    0.0000    0.0005   -0.0001
   4362.31    0.0000    0.0004   -0.0001
   4363.34    0.0000    0.0004   -0.0001
   4364.38    0.0000    0.0004   -0.0002
   4365.41    0.0000    0.0004   -0.0002
   4366.44    0.0000    0.0004   -0.0002
   4367.47    0.0000    0.0003   -0.0002
   4368.51    0.0000    0.0003   -0.0003
   4369.54    0.0000    0.0003   -0.0003
   4370.57    0.0000    0.0003   -0.0003
   4371.60    0.0000    0.0003   -0.0003
   4372.64    0.0000    0.0004   -0.0003
   4373.67    0.0000    0.0004   -0.0003
   4374.70    0.0000    0.0004   -0.0002
   4375.73    0.0000    0.0004   -0.0002
   4376.77    0.0000    0.0005   -0.0002
   4377.80    0.0000    0.0005   -0.0001
   4378.83    0.0000    0.0005   -0.0001
   4379.86    0.0000    0.0006   -0.0001
   4380.90    0.0000    0.0006   -0.0001
   4381.93    0.0000    0.0007   -0.0001
   4382.96    0.0000    0.0007   -0.0001
   4383.99    0.0000    0.0007   -0.0000
   4385.03    0.0000    0.0007   -0.0000
   4386.06    0.0000    0.0006   -0.0000
   4387.09    0.0000    0.0006   -0.0000
   4388.12    0.0000    0.0006   -0.0001
   4389.16    0.0000    0.0005   -0.0001
   4390.19    0.0000    0.0005   -0.0001
   4391.22    0.0000    0.0005   -0.0001
   4392.25    0.0000    0.0005   -0.0001
   4393.29    0.0000    0.0004   -0.0001
   4394.32    0.0000    0.0004   -0.0002
   4395.35    0.0000    0.0004   -0.0002
   4396.38    0.0000    0.0003   -0.0002
   4397.42    0.0000    0.0003   -0.0002
   4398.45    0.0000    0.0003   -0.0002
   4399.48    0.0000    0.0003   -0.0002
   4400.51    0.0000    0.0003   -0.0002
   4401.55    0.0000    0.0003   -0.0002
   4402.58    0.0000    0.0003   -0.0002
   4403.61    0.0000    0.0003   -0.0002
   4404.64    0.0000    0.0003   -0.0002
   4405.68    0.0000    0.0003   -0.0002
   4406.71    0.0000    0.0002   -0.0002
   4407.74    0.0000    0.0002   -0.0002
   4408.77    0.0000    0.0002   -0.0003
   4409.81    0.0000    0.0002   -0.0003
   4410.84    0.0000    0.0002   -0.0003
   4411.87    0.0000    0.0001   -0.0002
   4412.90    0.0000    0.0000   -0.0000
   4413.94    0.0000   -0.0001    0.0002
   4414.97    0.0000   -0.0002    0.0004
   4416.00    0.0000   -0.0002    0.0007
   4417.03    0.0000   -0.0002    0.0009
   4418.07    0.0000    0.0000    0.0010
   4419.10    0.0000    0.0002    0.0009
   4420.13    0.0000    0.0005    0.0008
   4421.16    0.0000    0.0007    0.0005
   4422.20    0.0000    0.0008    0.0001
   4423.23    0.0000    0.0009   -0.0004
   4424.26    0.0000    0.0008   -0.0008
   4425.29    0.0000    0.0006   -0.0012
   4426.33    0.0000    0.0004   -0.0014
   4427.36    0.0000    0.0001   -0.0015
   4428.39    0.0000   -0.0002   -0.0015
   4429.42    0.0000   -0.0004   -0.0012
   4430.46    0.0000   -0.0006   -0.0009
   4431.49    0.0000   -0.0006   -0.0005
   4432.52    0.0000   -0.0005   -0.0001
   4433.55    0.0000   -0.0004    0.0003
   4434.59    0.0000   -0.0002    0.0006
   4435.62    0.0000   -0.0001    0.0008
   4436.65    0.0000    0.0001    0.0010
   4437.68    0.0000    0.0003    0.0011
   4438.72    0.0000    0.0004    0.0011
   4439.75    0.0000    0.0005    0.0011
   4440.78    0.0000    0.0006    0.0010
   4441.81    0.0000    0.0006    0.0008
   4442.85    0.0000    0.0006    0.0007
   4443.88    0.0000    0.0006    0.0005
   4444.91    0.0000    0.0005    0.0002
   4445.94    0.0000    0.0003    0.0001
   4446.98    0.0000    0.0002   -0.0001
   4448.01    0.0000    0.0001   -0.0002
   4449.04    0.0000   -0.0001   -0.0003
   4450.07    0.0000   -0.0002   -0.0003
   4451.11    0.0000   -0.0003   -0.0003
   4452.14    0.0000   -0.0004   -0.0003
   4453.17    0.0000   -0.0005   -0.0003
   4454.20    0.0000   -0.0006   -0.0002
   4455.24    0.0000   -0.0006   -0.0002
   4456.27    0.0000   -0.0007   -0.0002
   4457.30    0.0000   -0.0007   -0.0002
   4458.33    0.0000   -0.0007   -0.0002
   4459.37    0.0000   -0.0007   -0.0002
   4460.40    0.0000   -0.0007   -0.0002
   4461.43    0.0000   -0.0007   -0.0002
   4462.46    0.0000   -0.0008   -0.0003
   4463.50    0.0000   -0.0008   -0.0003
   4464.53    0.0000   -0.0008   -0.0003
   4465.56    0.0000   -0.0008   -0.0003
   4466.59    0.0000   -0.0008   -0.0003
   4467.63    0.0000   -0.0008   -0.0003
   4468.66    0.0000   -0.0008   -0.0003
   4469.69    0.0000   -0.0008   -0.0002
   4470.72    0.0000   -0.0007   -0.0002
   4471.76    0.0000   -0.0007   -0.0001
   4472.79    0.0000   -0.0007   -0.0001
   4473.82    0.0000   -0.0006   -0.0000
   4474.85    0.0000   -0.0006   -0.0000
   4475.89    0.0000   -0.0006    0.0000
   4476.92    0.0000   -0.0006    0.0001
   4477.95    0.0000   -0.0005    0.0001
   4478.98    0.0000   -0.0005    0.0001
   4480.02    0.0000   -0.0005    0.0001
   4481.05    0.0000   -0.0005    0.0002
   4482.08    0.0000   -0.0005    0.0002
   4483.11    0.0000   -0.0005    0.0002
   4484.15    0.0000   -0.0004    0.0002
   4485.18    0.0000   -0.0004    0.0003
   4486.21    0.0000   -0.0004    0.0003
   4487.24    0.0000   -0.0003    0.0004
   4488.28    0.0000   -0.0002    0.0004
   4489.31    0.0000   -0.0002    0.0005
   4490.34    0.0000   -0.0001    0.0005
   4491.37    0.0000   -0.0000    0.0006
   4492.41    0.0000    0.0001    0.0006
   4493.44    0.0000    0.0001    0.0006
   4494.47    0.0000    0.0002    0.0007
   4495.50    0.0000    0.0002    0.0007
   4496.54    0.0000    0.0002    0.0006
   4497.57    0.0000    0.0002    0.0006
   4498.60    0.0000    0.0002    0.0006
   4499.63    0.0000    0.0002    0.0006
   4500.67    0.0000    0.0002    0.0006
   4501.70    0.0000    0.0001    0.0005
   4502.73    0.0000    0.0001    0.0005
   4503.76    0.0000    0.0001    0.0005
   4504.80    0.0000    0.0001    0.0005
   4505.83    0.0000    0.0001    0.0005
   4506.86    0.0000    0.0001    0.0005
   4507.89    0.0000    0.0001    0.0005
   4508.93    0.0000    0.0002    0.0005
   4509.96    0.0000    0.0002    0.0005
   4510.99    0.0000    0.0001    0.0005
   4512.02    0.0000    0.0001    0.0005
   4513.06    0.0000    0.0001    0.0005
   4514.09    0.0000    0.0001    0.0004
   4515.12    0.0000    0.0000    0.0004
   4516.15    0.0000   -0.0000    0.0004
   4517.19    0.0000   -0.0001    0.0003
   4518.22    0.0000   -0.0001    0.0002
   4519.25    0.0000   -0.0002    0.0002
   4520.28    0.0000   -0.0002    0.0001
   4521.32    0.0000   -0.0002    0.0001
   4522.35    0.0000   -0.0003    0.0000
   4523.38    0.0000   -0.0003   -0.0000
   4524.41    0.0000   -0.0004   -0.0000
   4525.45    0.0000   -0.0004   -0.0000
   4526.48    0.0000   -0.0005   -0.0000
   4527.51    0.0000   -0.0005   -0.0000
   4528.54    0.0000   -0.0006   -0.0000
   4529.58    0.0000   -0.0006   -0.0000
   4530.61    0.0000   -0.0006    0.0000
   4531.64    0.0000   -0.0007    0.0000
   4532.67    0.0000   -0.0007    0.0000
   4533.71    0.0000   -0.0007    0.0000
   4534.74    0.0000   -0.0007    0.0000
   4535.77    0.0000   -0.0007    0.0000
   4536.80    0.0000   -0.0007    0.0001
   4537.84    0.0000   -0.0007    0.0001
   4538.87    0.0000   -0.0007    0.0001
   4539.90    0.0000   -0.0007    0.0002
   4540.93    0.0000   -0.0007    0.0002
   4541.97    0.0000   -0.0007    0.0002
   4543.00    0.0000   -0.0007    0.0002
   4544.03    0.0000   -0.0007    0.0002
   4545.06    0.0000   -0.0007    0.0002
   4546.10    0.0000   -0.0007    0.0002
   4547.13    0.0000   -0.0007    0.0002
   4548.16    0.0000   -0.0007    0.0002
   4549.19    0.0000   -0.0007    0.0002
   4550.23    0.0000   -0.0006    0.0002
   4551.26    0.0000   -0.0006    0.0003
   4552.29    0.0000   -0.0006    0.0003
   4553.32    0.0000   -0.0006    0.0003
   4554.36    0.0000   -0.0006    0.0004
   4555.39    0.0000   -0.0005    0.0004
   4556.42    0.0000   -0.0005    0.0004
   4557.45    0.0000   -0.0005    0.0004
   4558.49    0.0000   -0.0005    0.0004
   4559.52    0.0000   -0.0005    0.0004
   4560.55    0.0000   -0.0004    0.0002
   4561.58    0.0000   -0.0002    0.0000
   4562.62    0.0000   -0.0002   -0.0000
   4563.65    0.0000   -0.0003    0.0001
   4564.68    0.0000   -0.0004    0.0002
   4565.71    0.0000   -0.0005    0.0003
   4566.75    0.0000   -0.0006    0.0003
   4567.78    0.0000   -0.0006    0.0003
   4568.81    0.0000   -0.0005    0.0004
   4569.84    0.0000   -0.0004    0.0005
   4570.88    0.0000   -0.0002    0.0005
   4571.91    0.0000    0.0000    0.0005
   4572.94    0.0000    0.0002    0.0004
   4573.97    0.0000    0.0004    0.0002
   4575.01    0.0000    0.0005   -0.0001
   4576.04    0.0000    0.0005   -0.0004
   4577.07    0.0000    0.0005   -0.0007
   4578.10    0.0000    0.0004   -0.0010
   4579.14    0.0000    0.0003   -0.0012
   4580.17    0.0000    0.0003   -0.0013
   4581.20    0.0000    0.0002   -0.0013
   4582.23    0.0000    0.0002   -0.0012
   4583.27    0.0000    0.0003   -0.0011
   4584.30    0.0000    0.0004   -0.0010
   4585.33    0.0000    0.0005   -0.0009
   4586.36    0.0000    0.0005   -0.0009
   4587.40    0.0000    0.0005   -0.0009
   4588.43    0.0000    0.0005   -0.0009
   4589.46    0.0000    0.0005   -0.0010
   4590.49    0.0000    0.0004   -0.0010
   4591.53    0.0000    0.0003   -0.0010
   4592.56    0.0000    0.0002   -0.0009
   4593.59    0.0000    0.0001   -0.0008
   4594.62    0.0000    0.0000   -0.0006
   4595.66    0.0000    0.0000   -0.0004
   4596.69    0.0000    0.0000   -0.0002
   4597.72    0.0000    0.0001   -0.0000
   4598.75    0.0000    0.0002    0.0001
   4599.79    0.0000    0.0003    0.0003
   4600.82    0.0000    0.0004    0.0003
   4601.85    0.0000    0.0004    0.0003
   4602.88    0.0000    0.0005    0.0003
   4603.92    0.0000    0.0005    0.0003
   4604.95    0.0000    0.0005    0.0003
   4605.98    0.0000    0.0005    0.0003
   4607.01    0.0000    0.0005    0.0003
   4608.05    0.0000    0.0004    0.0003
   4609.08    0.0000    0.0004    0.0003
   4610.11    0.0000    0.0004    0.0003
   4611.14    0.0000    0.0005    0.0003
   4612.18    0.0000    0.0005    0.0003
   4613.21    0.0000    0.0005    0.0002
   4614.24    0.0000    0.0006    0.0002
   4615.27    0.0000    0.0006    0.0001
   4616.31    0.0000    0.0006   -0.0000
   4617.34    0.0000    0.0005   -0.0002
   4618.37    0.0000    0.0005   -0.0002
   4619.40    0.0000    0.0004   -0.0003
   4620.44    0.0000    0.0004   -0.0003
   4621.47    0.0000    0.0003   -0.0003
   4622.50    0.0000    0.0003   -0.0003
   4623.53    0.0000    0.0003   -0.0002
   4624.57    0.0000    0.0003   -0.0001
   4625.60    0.0000    0.0003   -0.0000
   4626.63    0.0000    0.0004    0.0001
   4627.66    0.0000    0.0004    0.0001
   4628.70    0.0000    0.0004    0.0002
   4629.73    0.0000    0.0004    0.0002
   4630.76    0.0000    0.0003    0.0002
   4631.79    0.0000    0.0003    0.0002
   4632.83    0.0000    0.0002    0.0002
   4633.86    0.0000    0.0001    0.0002
   4634.89    0.0000    0.0000    0.0003
   4635.92    0.0000   -0.0000    0.0004
   4636.96    0.0000   -0.0001    0.0005
   4637.99    0.0000   -0.0001    0.0006
   4639.02    0.0000   -0.0001    0.0007
   4640.05    0.0000   -0.0000    0.0008
   4641.09    0.0000    0.0000    0.0008
   4642.12    0.0000    0.0000    0.0009
   4643.15    0.0000    0.0001    0.0009
   4644.18    0.0000    0.0001    0.0009
   4645.22    0.0000    0.0001    0.0009
   4646.25    0.0000    0.0001    0.0009
   4647.28    0.0000    0.0001    0.0009
   4648.31    0.0000    0.0001    0.0009
   4649.35    0.0000    0.0001    0.0009
   4650.38    0.0000    0.0001    0.0009
   4651.41    0.0000    0.0001    0.0009
   4652.44    0.0000    0.0001    0.0009
   4653.48    0.0000    0.0001    0.0008
   4654.51    0.0000    0.0001    0.0008
   4655.54    0.0000    0.0002    0.0007
   4656.57    0.0000    0.0002    0.0006
   4657.61    0.0000    0.0002    0.0006
   4658.64    0.0000    0.0002    0.0005
   4659.67    0.0000    0.0002    0.0005
   4660.70    0.0000    0.0002    0.0004
   4661.74    0.0000    0.0002    0.0004
   4662.77    0.0000    0.0002    0.0005
   4663.80    0.0000    0.0002    0.0005
   4664.83    0.0000    0.0002    0.0005
   4665.87    0.0000    0.0003    0.0005
   4666.90    0.0000    0.0003    0.0005
   4667.93    0.0000    0.0003    0.0005
   4668.96    0.0000    0.0003    0.0005
   4670.00    0.0000    0.0003    0.0005
   4671.03    0.0000    0.0003    0.0005
   4672.06    0.0000    0.0003    0.0005
   4673.09    0.0000    0.0003    0.0005
   4674.13    0.0000    0.0003    0.0005
   4675.16    0.0000    0.0003    0.0005
   4676.19    0.0000    0.0003    0.0004
   4677.22    0.0000    0.0003    0.0004
   4678.26    0.0000    0.0003    0.0004
   4679.29    0.0000    0.0003    0.0004
   4680.32    0.0000    0.0003    0.0004
   4681.35    0.0000    0.0003    0.0004
   4682.39    0.0000    0.0003    0.0004
   4683.42    0.0000    0.0003    0.0004
   4684.45    0.0000    0.0003    0.0004
   4685.48    0.0000    0.0003    0.0004
   4686.52    0.0000    0.0003    0.0004
   4687.55    0.0000    0.0003    0.0004
   4688.58    0.0000    0.0003    0.0003
   4689.61    0.0000    0.0003    0.0003
   4690.65    0.0000    0.0003    0.0003
   4691.68    0.0000    0.0003    0.0003
   4692.71    0.0000    0.0003    0.0002
   4693.74    0.0000    0.0003    0.0002
   4694.78    0.0000    0.0003    0.0002
   4695.81    0.0000    0.0003    0.0001
   4696.84    0.0000    0.0003    0.0001
   4697.87    0.0000    0.0003    0.0000
   4698.91    0.0000    0.0003    0.0001
   4699.94    0.0000    0.0000    0.0002
   4700.97    0.0000   -0.0002    0.0002
   4702.00    0.0000   -0.0004    0.0001
   4703.04    0.0000   -0.0006    0.0000
   4704.07    0.0000   -0.0006   -0.0001
   4705.10    0.0000   -0.0005   -0.0002
   4706.13    0.0000   -0.0004   -0.0002
   4707.17    0.0000   -0.0003   -0.0002
   4708.20    0.0000   -0.0002   -0.0001
   4709.23    0.0000   -0.0002    0.0001
   4710.26    0.0000   -0.0002    0.0002
   4711.30    0.0000   -0.0003    0.0004
   4712.33    0.0000   -0.0004    0.0004
   4713.36    0.0000   -0.0005    0.0004
   4714.39    0.0000   -0.0005    0.0004
   4715.43    0.0000   -0.0005    0.0003
   4716.46    0.0000   -0.0004    0.0002
   4717.49    0.0000   -0.0003    0.0001
   4718.52    0.0000   -0.0002    0.0001
   4719.56    0.0000   -0.0001    0.0002
   4720.59    0.0000   -0.0001    0.0003
   4721.62    0.0000   -0.0001    0.0005
   4722.65    0.0000   -0.0002    0.0008
   4723.69    0.0000   -0.0003    0.0009
   4724.72    0.0000   -0.0004    0.0010
   4725.75    0.0000   -0.0005    0.0010
   4726.78    0.0000   -0.0006    0.0009
   4727.82    0.0000   -0.0007    0.0007
   4728.85    0.0000   -0.0007    0.0005
   4729.88    0.0000   -0.0007    0.0002
   4730.91    0.0000   -0.0006    0.0001
   4731.95    0.0000   -0.0005    0.0001
   4732.98    0.0000   -0.0004    0.0001
   4734.01    0.0000   -0.0003    0.0003
   4735.04    0.0000   -0.0002    0.0005
   4736.08    0.0000   -0.0001    0.0006
   4737.11    0.0000   -0.0001    0.0007
   4738.14    0.0000   -0.0002    0.0007
   4739.17    0.0000   -0.0002    0.0007
   4740.21    0.0000   -0.0003    0.0006
   4741.24    0.0000   -0.0004    0.0004
   4742.27    0.0000   -0.0005    0.0003
   4743.30    0.0000   -0.0006    0.0003
   4744.34    0.0000   -0.0007    0.0003
   4745.37    0.0000   -0.0007    0.0004
   4746.40    0.0000   -0.0007    0.0004
   4747.43    0.0000   -0.0006    0.0004
   4748.47    0.0000   -0.0005    0.0004
   4749.50    0.0000   -0.0003    0.0003
   4750.53    0.0000   -0.0001    0.0002
   4751.56    0.0000    0.0002    0.0001
   4752.60    0.0000    0.0004   -0.0000
   4753.63    0.0000    0.0006   -0.0001
   4754.66    0.0000    0.0006   -0.0001
   4755.69    0.0000    0.0006   -0.0002
   4756.73    0.0000    0.0005   -0.0002
   4757.76    0.0000    0.0002   -0.0003
   4758.79    0.0000   -0.0001   -0.0003
   4759.82    0.0000   -0.0004   -0.0004
   4760.86    0.0000   -0.0006   -0.0005
   4761.89    0.0000   -0.0007   -0.0006
   4762.92    0.0000   -0.0006   -0.0006
   4763.95    0.0000   -0.0004   -0.0004
   4764.99    0.0000   -0.0002   -0.0002
   4766.02    0.0000    0.0000    0.0002
   4767.05    0.0000    0.0001    0.0005
   4768.08    0.0000   -0.0000    0.0007
   4769.12    0.0000   -0.0003    0.0007
   4770.15    0.0000   -0.0005    0.0006
   4771.18    0.0000   -0.0005    0.0005
   4772.21    0.0000   -0.0004    0.0004
   4773.25    0.0000   -0.0003    0.0004
   4774.28    0.0000   -0.0001    0.0004
   4775.31    0.0000    0.0000    0.0003
   4776.34    0.0000    0.0001    0.0003
   4777.38    0.0000    0.0002    0.0003
   4778.41    0.0000    0.0003    0.0002
   4779.44    0.0000    0.0003    0.0001
   4780.47    0.0000    0.0003    0.0000
   4781.51    0.0000    0.0003   -0.0001
   4782.54    0.0000    0.0003   -0.0002
   4783.57    0.0000    0.0002   -0.0003
   4784.60    0.0000    0.0002   -0.0004
   4785.64    0.0000    0.0002   -0.0004
   4786.67    0.0000    0.0001   -0.0005
   4787.70    0.0000    0.0001   -0.0005
   4788.73    0.0000    0.0002   -0.0005
   4789.77    0.0000    0.0001   -0.0006
   4790.80    0.0000    0.0001   -0.0006
   4791.83    0.0000    0.0000   -0.0006
   4792.86    0.0000   -0.0001   -0.0005
   4793.90    0.0000   -0.0002   -0.0004
   4794.93    0.0000   -0.0004   -0.0003
   4795.96    0.0000   -0.0005   -0.0002
   4796.99    0.0000   -0.0005   -0.0001
   4798.03    0.0000   -0.0006   -0.0001
   4799.06    0.0000   -0.0007   -0.0001
   4800.09    0.0000   -0.0008   -0.0001
   4801.12    0.0000   -0.0009   -0.0002
   4802.16    0.0000   -0.0010   -0.0002
   4803.19    0.0000   -0.0010   -0.0001
   4804.22    0.0000   -0.0010   -0.0000
   4805.25    0.0000   -0.0009    0.0001
   4806.29    0.0000   -0.0008    0.0001
   4807.32    0.0000   -0.0008    0.0002
   4808.35    0.0000   -0.0007    0.0002
   4809.38    0.0000   -0.0008    0.0002
   4810.42    0.0000   -0.0010    0.0001
   4811.45    0.0000   -0.0010   -0.0000
   4812.48    0.0000   -0.0007   -0.0001
   4813.51    0.0000   -0.0003   -0.0002
   4814.55    0.0000    0.0002   -0.0002
   4815.58    0.0000    0.0006   -0.0002
   4816.61    0.0000    0.0008   -0.0002
   4817.64    0.0000    0.0008   -0.0003
   4818.68    0.0000    0.0005   -0.0004
   4819.71    0.0000    0.0000   -0.0005
   4820.74    0.0000   -0.0005   -0.0005
   4821.77    0.0000   -0.0008   -0.0004
   4822.81    0.0000   -0.0009   -0.0002
   4823.84    0.0000   -0.0008   -0.0000
   4824.87    0.0000   -0.0005    0.0002
   4825.90    0.0000   -0.0002    0.0003
   4826.94    0.0000    0.0001    0.0004
   4827.97    0.0000    0.0004    0.0003
   4829.00    0.0000    0.0006    0.0003
   4830.03    0.0000    0.0007    0.0003
   4831.07    0.0000    0.0006    0.0004
   4832.10    0.0000    0.0003    0.0004
   4833.13    0.0000    0.0000    0.0003
   4834.16    0.0000   -0.0002    0.0000
   4835.20    0.0000   -0.0004   -0.0002
   4836.23    0.0000   -0.0004   -0.0004
   4837.26    0.0000   -0.0003   -0.0004
   4838.29    0.0000   -0.0001   -0.0003
   4839.33    0.0000    0.0002   -0.0001
   4840.36    0.0000    0.0004    0.0002
   4841.39    0.0000    0.0006    0.0004
   4842.42    0.0000    0.0008    0.0005
   4843.46    0.0000    0.0008    0.0005
   4844.49    0.0000    0.0006    0.0003
   4845.52    0.0000    0.0003    0.0000
   4846.55    0.0000   -0.0000   -0.0002
   4847.59    0.0000   -0.0004   -0.0003
   4848.62    0.0000   -0.0006   -0.0003
   4849.65    0.0000   -0.0007   -0.0002
   4850.68    0.0000   -0.0006   -0.0000
   4851.72    0.0000   -0.0004    0.0001
   4852.75    0.0000   -0.0001    0.0001
   4853.78    0.0000    0.0003    0.0001
   4854.81    0.0000    0.0007    0.0000
   4855.85    0.0000    0.0009    0.0000
   4856.88    0.0000    0.0011    0.0000
   4857.91    0.0000    0.0010    0.0001
   4858.94    0.0000    0.0007    0.0002
   4859.98    0.0000    0.0003    0.0002
   4861.01    0.0000   -0.0002    0.0002
   4862.04    0.0000   -0.0007    0.0002
   4863.07    0.0000   -0.0010    0.0002
   4864.11    0.0000   -0.0012    0.0001
   4865.14    0.0000   -0.0010    0.0000
   4866.17    0.0000   -0.0007   -0.0000
   4867.20    0.0000   -0.0002   -0.0001
   4868.24    0.0000    0.0003   -0.0001
   4869.27    0.0000    0.0007   -0.0002
   4870.30    0.0000    0.0009   -0.0001
   4871.33    0.0000    0.0009   -0.0000
   4872.37    0.0000    0.0007    0.0000
   4873.40    0.0000    0.0004    0.0001
   4874.43    0.0000    0.0000    0.0002
   4875.46    0.0000   -0.0003    0.0003
   4876.50    0.0000   -0.0006    0.0003
   4877.53    0.0000   -0.0008    0.0003
   4878.56    0.0000   -0.0008    0.0002
   4879.59    0.0000   -0.0007    0.0002
   4880.63    0.0000   -0.0005    0.0001
   4881.66    0.0000   -0.0002    0.0001
   4882.69    0.0000    0.0000    0.0000
   4883.72    0.0000    0.0002   -0.0001
   4884.76    0.0000    0.0003   -0.0001
   4885.79    0.0000    0.0004   -0.0002
   4886.82    0.0000    0.0004   -0.0002
   4887.85    0.0000    0.0003   -0.0001
   4888.89    0.0000    0.0002    0.0001
   4889.92    0.0000    0.0001    0.0003
   4890.95    0.0000   -0.0000    0.0005
   4891.98    0.0000   -0.0001    0.0007
   4893.02    0.0000   -0.0001    0.0008
   4894.05    0.0000   -0.0001    0.0007
   4895.08    0.0000   -0.0000    0.0005
   4896.11    0.0000    0.0000    0.0003
   4897.15    0.0000    0.0001    0.0004
   4898.18    0.0000    0.0001    0.0004
   4899.21    0.0000    0.0002    0.0004
   4900.24    0.0000    0.0003    0.0004
   4901.28    0.0000    0.0003    0.0004
   4902.31    0.0000    0.0004    0.0004
   4903.34    0.0000    0.0004    0.0004
   4904.37    0.0000    0.0004    0.0004
   4905.41    0.0000    0.0004    0.0005
   4906.44    0.0000    0.0003    0.0006
   4907.47    0.0000    0.0002    0.0007
   4908.50    0.0000    0.0001    0.0008
   4909.54    0.0000   -0.0001    0.0009
   4910.57    0.0000   -0.0002    0.0010
   4911.60    0.0000   -0.0004    0.0011
   4912.63    0.0000   -0.0005    0.0011
   4913.67    0.0000   -0.0006    0.0011
   4914.70    0.0000   -0.0007    0.0011
   4915.73    0.0000   -0.0008    0.0010
   4916.76    0.0000   -0.0008    0.0009
   4917.80    0.0000   -0.0008    0.0008
   4918.83    0.0000   -0.0007    0.0006
   4919.86    0.0000   -0.0007    0.0005
   4920.89    0.0000   -0.0007    0.0003
   4921.93    0.0000   -0.0006    0.0002
   4922.96    0.0000   -0.0006    0.0001
   4923.99    0.0000   -0.0005    0.0000
   4925.02    0.0000   -0.0005   -0.0000
   4926.06    0.0000   -0.0005   -0.0000
   4927.09    0.0000   -0.0005   -0.0000
   4928.12    0.0000   -0.0005    0.0000
   4929.15    0.0000   -0.0005    0.0001
   4930.19    0.0000   -0.0005    0.0001
   4931.22    0.0000   -0.0005    0.0001
   4932.25    0.0000   -0.0005    0.0001
   4933.28    0.0000   -0.0005    0.0001
   4934.32    0.0000   -0.0004    0.0000
   4935.35    0.0000   -0.0004   -0.0000
   4936.38    0.0000   -0.0003   -0.0000
   4937.41    0.0000   -0.0002   -0.0001
   4938.45    0.0000   -0.0002   -0.0001
   4939.48    0.0000   -0.0001   -0.0001
   4940.51    0.0000   -0.0001   -0.0000
   4941.54    0.0000   -0.0000    0.0000
   4942.58    0.0000   -0.0000    0.0001
   4943.61    0.0000   -0.0000    0.0002
   4944.64    0.0000   -0.0001    0.0002
   4945.67    0.0000   -0.0001    0.0003
   4946.71    0.0000   -0.0000    0.0003
   4947.74    0.0000   -0.0000    0.0004
   4948.77    0.0000    0.0000    0.0004
   4949.80    0.0000    0.0000    0.0005
   4950.84    0.0000    0.0000    0.0005
   4951.87    0.0000    0.0001    0.0006
   4952.90    0.0000    0.0001    0.0006
   4953.93    0.0000    0.0000    0.0006
   4954.97    0.0000    0.0000    0.0007
   4956.00    0.0000    0.0000    0.0007
   4957.03    0.0000    0.0000    0.0007
   4958.06    0.0000    0.0000    0.0007
   4959.10    0.0000    0.0000    0.0007
   4960.13    0.0000    0.0000    0.0007
   4961.16    0.0000    0.0001    0.0007
   4962.19    0.0000    0.0001    0.0007
   4963.23    0.0000    0.0001    0.0008
   4964.26    0.0000    0.0000    0.0008
   4965.29    0.0000    0.0000    0.0008
   4966.32    0.0000   -0.0000    0.0009
   4967.36    0.0000   -0.0001    0.0009
   4968.39    0.0000   -0.0001    0.0009
   4969.42    0.0000   -0.0001    0.0009
   4970.45    0.0000   -0.0002    0.0009
   4971.49    0.0000   -0.0002    0.0009
   4972.52    0.0000   -0.0002    0.0009
   4973.55    0.0000   -0.0002    0.0009
   4974.58    0.0000   -0.0002    0.0009
   4975.62    0.0000   -0.0003    0.0009
   4976.65    0.0000   -0.0003    0.0009
   4977.68    0.0000   -0.0003    0.0008
   4978.71    0.0000   -0.0003    0.0008
   4979.75    0.0000   -0.0004    0.0008
   4980.78    0.0000   -0.0004    0.0007
   4981.81    0.0000   -0.0004    0.0007
   4982.84    0.0000   -0.0004    0.0007
   4983.88    0.0000   -0.0004    0.0007
   4984.91    0.0000   -0.0005    0.0007
   4985.94    0.0000   -0.0005    0.0007
   4986.97    0.0000   -0.0005    0.0007
   4988.01    0.0000   -0.0006    0.0007
   4989.04    0.0000   -0.0006    0.0007
   4990.07    0.0000   -0.0007    0.0007
   4991.10    0.0000   -0.0007    0.0006
   4992.14    0.0000   -0.0007    0.0006
   4993.17    0.0000   -0.0007    0.0006
   4994.20    0.0000   -0.0008    0.0006
   4995.23    0.0000   -0.0008    0.0005
   4996.27    0.0000   -0.0008    0.0005
   4997.30    0.0000   -0.0008    0.0005
   4998.33    0.0000   -0.0008    0.0005
   4999.36    0.0000   -0.0008    0.0004
   5000.40    0.0000   -0.0008    0.0004
   5001.43    0.0000   -0.0008    0.0004
   5002.46    0.0000   -0.0008    0.0004
   5003.49    0.0000   -0.0008    0.0004
   5004.53    0.0000   -0.0009    0.0004
   5005.56    0.0000   -0.0009    0.0004
   5006.59    0.0000   -0.0009    0.0004
   5007.62    0.0000   -0.0009    0.0004
   5008.66    0.0000   -0.0009    0.0004
   5009.69    0.0000   -0.0009    0.0004
   5010.72    0.0000   -0.0009    0.0004
   5011.75    0.0000   -0.0009    0.0004
   5012.79    0.0000   -0.0010    0.0004
   5013.82    0.0000   -0.0010    0.0004
   5014.85    0.0000   -0.0010    0.0004
   5015.88    0.0000   -0.0010    0.0004
   5016.92    0.0000   -0.0010    0.0004
   5017.95    0.0000   -0.0010    0.0004
   5018.98    0.0000   -0.0010    0.0004
   5020.01    0.0000   -0.0010    0.0004
   5021.05    0.0000   -0.0011    0.0004
   5022.08    0.0000   -0.0011    0.0004
   5023.11    0.0000   -0.0011    0.0004
   5024.14    0.0000   -0.0011    0.0004
   5025.18    0.0000   -0.0011    0.0004
   5026.21    0.0000   -0.0011    0.0003
   5027.24    0.0000   -0.0011    0.0003
   5028.27    0.0000   -0.0011    0.0003
   5029.31    0.0000   -0.0011    0.0003
   5030.34    0.0000   -0.0011    0.0003
   5031.37    0.0000   -0.0011    0.0003
   5032.40    0.0000   -0.0011    0.0003
   5033.44    0.0000   -0.0011    0.0003
   5034.47    0.0000   -0.0011    0.0003
   5035.50    0.0000   -0.0011    0.0003
   5036.53    0.0000   -0.0011    0.0003
   5037.57    0.0000   -0.0011    0.0003
   5038.60    0.0000   -0.0011    0.0003
   5039.63    0.0000   -0.0011    0.0003
   5040.66    0.0000   -0.0011    0.0003
   5041.70    0.0000   -0.0011    0.0003
   5042.73    0.0000   -0.0011    0.0003
   5043.76    0.0000   -0.0011    0.0003
   5044.79    0.0000   -0.0011    0.0003
   5045.83    0.0000   -0.0011    0.0003
   5046.86    0.0000   -0.0011    0.0003
   5047.89    0.0000   -0.0011    0.0003
   5048.92    0.0000   -0.0011    0.0003
   5049.96    0.0000   -0.0011    0.0003
   5050.99    0.0000   -0.0011    0.0003
   5052.02    0.0000   -0.0011    0.0003
   5053.05    0.0000   -0.0011    0.0003
   5054.09    0.0000   -0.0011    0.0003
   5055.12    0.0000   -0.0012    0.0002
   5056.15    0.0000   -0.0012    0.0001
   5057.18    0.0000   -0.0010   -0.0001
   5058.22    0.0000   -0.0005   -0.0003
   5059.25    0.0000    0.0001   -0.0003
   5060.28    0.0000    0.0007   -0.0003
   5061.31    0.0000    0.0011   -0.0001
   5062.35    0.0000    0.0012    0.0000
   5063.38    0.0000    0.0012    0.0002
   5064.41    0.0000    0.0009    0.0004
   5065.44    0.0000    0.0004    0.0005
   5066.48    0.0000   -0.0001    0.0005
   5067.51    0.0000   -0.0006    0.0004
   5068.54    0.0000   -0.0010    0.0003
   5069.57    0.0000   -0.0012    0.0001
   5070.61    0.0000   -0.0012   -0.0001
   5071.64    0.0000   -0.0011   -0.0003
   5072.67    0.0000   -0.0008   -0.0004
   5073.70    0.0000   -0.0004   -0.0004
   5074.74    0.0000    0.0000   -0.0004
   5075.77    0.0000    0.0004   -0.0003
   5076.80    0.0000    0.0008   -0.0002
   5077.83    0.0000    0.0010   -0.0001
   5078.87    0.0000    0.0011    0.0001
   5079.90    0.0000    0.0011    0.0002
   5080.93    0.0000    0.0010    0.0003
   5081.96    0.0000    0.0007    0.0003
   5083.00    0.0000    0.0004    0.0004
   5084.03    0.0000    0.0000    0.0004
   5085.06    0.0000   -0.0003    0.0003
   5086.09    0.0000   -0.0007    0.0002
   5087.13    0.0000   -0.0009    0.0001
   5088.16    0.0000   -0.0011    0.0000
   5089.19    0.0000   -0.0011   -0.0001
   5090.22    0.0000   -0.0011   -0.0002
   5091.26    0.0000   -0.0009   -0.0002
   5092.29    0.0000   -0.0006   -0.0003
   5093.32    0.0000   -0.0003   -0.0003
   5094.35    0.0000    0.0000   -0.0004
   5095.39    0.0000    0.0004   -0.0004
   5096.42    0.0000    0.0007   -0.0003
   5097.45    0.0000    0.0009   -0.0003
   5098.48    0.0000    0.0010   -0.0002
   5099.52    0.0000    0.0011   -0.0001
   5100.55    0.0000    0.0011   -0.0000
   5101.58    0.0000    0.0010    0.0000
   5102.61    0.0000    0.0009    0.0001
   5103.65    0.0000    0.0007    0.0002
   5104.68    0.0000    0.0005    0.0002
   5105.71    0.0000    0.0003    0.0002
   5106.74    0.0000    0.0000    0.0002
   5107.78    0.0000   -0.0002    0.0001
   5108.81    0.0000   -0.0004    0.0001
   5109.84    0.0000   -0.0006    0.0000
   5110.87    0.0000   -0.0007    0.0000
   5111.91    0.0000   -0.0008   -0.0000
   5112.94    0.0000   -0.0008   -0.0000
   5113.97    0.0000   -0.0008   -0.0001
   5115.00    0.0000   -0.0007   -0.0001
   5116.04    0.0000   -0.0006   -0.0001
   5117.07    0.0000   -0.0004   -0.0001
   5118.10    0.0000   -0.0003   -0.0001
   5119.13    0.0000   -0.0001   -0.0000
   5120.17    0.0000    0.0001    0.0000
   5121.20    0.0000    0.0002    0.0001
   5122.23    0.0000    0.0004    0.0001
   5123.26    0.0000    0.0005    0.0001
   5124.30    0.0000    0.0005    0.0002
   5125.33    0.0000    0.0006    0.0001
   5126.36    0.0000    0.0006    0.0001
   5127.39    0.0000    0.0007    0.0000
   5128.43    0.0000    0.0007   -0.0000
   5129.46    0.0000    0.0007   -0.0001
   5130.49    0.0000    0.0006   -0.0002
   5131.52    0.0000    0.0006   -0.0003
   5132.56    0.0000    0.0005   -0.0003
   5133.59    0.0000    0.0005   -0.0003
   5134.62    0.0000    0.0004   -0.0003
   5135.65    0.0000    0.0003   -0.0003
   5136.69    0.0000    0.0002   -0.0002
   5137.72    0.0000    0.0001   -0.0001
   5138.75    0.0000    0.0000    0.0000
   5139.78    0.0000   -0.0001    0.0001
   5140.82    0.0000   -0.0002    0.0002
   5141.85    0.0000   -0.0004    0.0002
   5142.88    0.0000   -0.0006    0.0003
   5143.91    0.0000   -0.0007    0.0003
   5144.95    0.0000   -0.0008    0.0003
   5145.98    0.0000   -0.0009    0.0003
   5147.01    0.0000   -0.0009    0.0003
   5148.04    0.0000   -0.0009    0.0002
   5149.08    0.0000   -0.0008    0.0002
   5150.11    0.0000   -0.0006    0.0001
   5151.14    0.0000   -0.0005    0.0001
   5152.17    0.0000   -0.0003    0.0000
   5153.21    0.0000   -0.0001   -0.0000
   5154.24    0.0000    0.0001   -0.0001
   5155.27    0.0000    0.0003   -0.0001
   5156.30    0.0000    0.0005   -0.0001
   5157.34    0.0000    0.0007   -0.0000
   5158.37    0.0000    0.0009    0.0000
   5159.40    0.0000    0.0010    0.0000
   5160.43    0.0000    0.0010    0.0001
   5161.47    0.0000    0.0010    0.0001
   5162.50    0.0000    0.0010    0.0001
   5163.53    0.0000    0.0009    0.0001
   5164.56    0.0000    0.0007    0.0001
   5165.60    0.0000    0.0005    0.0001
   5166.63    0.0000    0.0002    0.0001
   5167.66    0.0000   -0.0000    0.0000
   5168.69    0.0000   -0.0003   -0.0000
   5169.73    0.0000   -0.0005   -0.0001
   5170.76    0.0000   -0.0007   -0.0002
   5171.79    0.0000   -0.0009   -0.0003
   5172.82    0.0000   -0.0009   -0.0004
   5173.86    0.0000   -0.0010   -0.0005
   5174.89    0.0000   -0.0009   -0.0006
   5175.92    0.0000   -0.0008   -0.0006
   5176.95    0.0000   -0.0006   -0.0006
   5177.99    0.0000   -0.0004   -0.0006
   5179.02    0.0000   -0.0001   -0.0006
   5180.05    0.0000    0.0003   -0.0006
   5181.08    0.0000    0.0006   -0.0005
   5182.12    0.0000    0.0009   -0.0004
   5183.15    0.0000    0.0012   -0.0003
   5184.18    0.0000    0.0013   -0.0001
   5185.21    0.0000    0.0014   -0.0000
   5186.25    0.0000    0.0013    0.0001
   5187.28    0.0000    0.0012    0.0002
   5188.31    0.0000    0.0009    0.0003
   5189.34    0.0000    0.0006    0.0004
   5190.38    0.0000    0.0003    0.0005
   5191.41    0.0000   -0.0001    0.0004
   5192.44    0.0000   -0.0004    0.0004
   5193.47    0.0000   -0.0007    0.0003
   5194.51    0.0000   -0.0010    0.0001
   5195.54    0.0000   -0.0011   -0.0001
   5196.57    0.0000   -0.0011   -0.0002
   5197.60    0.0000   -0.0010   -0.0004
   5198.64    0.0000   -0.0008   -0.0005
   5199.67    0.0000   -0.0005   -0.0006
   5200.70    0.0000   -0.0002   -0.0006
   5201.73    0.0000    0.0002   -0.0006
   5202.77    0.0000    0.0006   -0.0005
   5203.80    0.0000    0.0009   -0.0003
   5204.83    0.0000    0.0010   -0.0001
   5205.86    0.0000    0.0009    0.0001
   5206.90    0.0000    0.0007    0.0003
   5207.93    0.0000    0.0004    0.0005
   5208.96    0.0000   -0.0000    0.0006
   5209.99    0.0000   -0.0004    0.0006
   5211.03    0.0000   -0.0006    0.0005
   5212.06    0.0000   -0.0007    0.0003
   5213.09    0.0000   -0.0006    0.0001
   5214.12    0.0000   -0.0004   -0.0000
   5215.16    0.0000   -0.0001   -0.0002
   5216.19    0.0000    0.0002   -0.0002
   5217.22    0.0000    0.0003   -0.0002
   5218.25    0.0000    0.0003   -0.0001
   5219.29    0.0000    0.0002    0.0001
   5220.32    0.0000    0.0000    0.0002
   5221.35    0.0000   -0.0000    0.0002
   5222.38    0.0000   -0.0000    0.0002
   5223.42    0.0000    0.0000    0.0002
   5224.45    0.0000    0.0001    0.0002
   5225.48    0.0000    0.0002    0.0003
   5226.51    0.0000    0.0002    0.0004
   5227.55    0.0000    0.0002    0.0005
   5228.58    0.0000    0.0002    0.0006
   5229.61    0.0000    0.0001    0.0007
   5230.64    0.0000   -0.0000    0.0007
   5231.68    0.0000   -0.0002    0.0007
   5232.71    0.0000   -0.0002    0.0005
   5233.74    0.0000   -0.0003    0.0004
   5234.77    0.0000   -0.0003    0.0001
   5235.81    0.0000   -0.0003   -0.0001
   5236.84    0.0000   -0.0003   -0.0002
   5237.87    0.0000   -0.0003   -0.0002
   5238.90    0.0000   -0.0004   -0.0002
   5239.94    0.0000   -0.0005   -0.0002
   5240.97    0.0000   -0.0005   -0.0003
   5242.00    0.0000   -0.0004   -0.0005
   5243.03    0.0000   -0.0003   -0.0006
   5244.07    0.0000   -0.0002   -0.0008
   5245.10    0.0000   -0.0001   -0.0009
