     #Time      Norm      Real      Imag
   7478.40    0.0001   -0.0089    0.0039
   7479.43    0.0010   -0.0264    0.0181
   7480.46    0.0030   -0.0396    0.0374
   7481.50    0.0052   -0.0450    0.0566
   7482.53    0.0067   -0.0414    0.0708
   7483.56    0.0068   -0.0297    0.0766
   7484.59    0.0055   -0.0130    0.0729
   7485.63    0.0037    0.0047    0.0607
   7486.66    0.0023    0.0192    0.0434
   7487.69    0.0014    0.0276    0.0251
   7488.72    0.0009    0.0283    0.0099
   7489.76    0.0005    0.0215    0.0013
   7490.79    0.0001    0.0091    0.0010
   7491.82    0.0001   -0.0058    0.0087
   7492.85    0.0009   -0.0198    0.0228
   7493.89    0.0025   -0.0300    0.0402
   7494.92    0.0045   -0.0343    0.0573
   7495.95    0.0060   -0.0318    0.0708
   7496.98    0.0066   -0.0232    0.0782
   7498.02    0.0062   -0.0100    0.0782
   7499.05    0.0051    0.0051    0.0713
   7500.08    0.0038    0.0195    0.0587
   7501.11    0.0028    0.0308    0.0430
   7502.15    0.0021    0.0371    0.0271
   7503.18    0.0016    0.0377    0.0137
   7504.21    0.0011    0.0327    0.0051
   7505.24    0.0006    0.0233    0.0027
   7506.28    0.0002    0.0113    0.0067
   7507.31    0.0003   -0.0011    0.0163
   7508.34    0.0010   -0.0119    0.0299
   7509.37    0.0024   -0.0193    0.0453
   7510.41    0.0041   -0.0221    0.0601
   7511.44    0.0056   -0.0200    0.0721
   7512.47    0.0065   -0.0132    0.0796
   7513.50    0.0067   -0.0028    0.0817
   7514.54    0.0062    0.0097    0.0782
   7515.57    0.0054    0.0225    0.0698
   7516.60    0.0045    0.0341    0.0577
   7517.63    0.0038    0.0429    0.0437
   7518.67    0.0032    0.0480    0.0297
   7519.70    0.0027    0.0488    0.0175
   7520.73    0.0021    0.0454    0.0088
   7521.76    0.0015    0.0386    0.0044
   7522.80    0.0009    0.0293    0.0048
   7523.83    0.0005    0.0188    0.0100
   7524.86    0.0004    0.0085    0.0190
   7525.89    0.0009   -0.0003    0.0308
   7526.93    0.0020   -0.0065    0.0438
   7527.96    0.0033   -0.0093    0.0566
   7528.99    0.0046   -0.0086    0.0676
   7530.02    0.0058   -0.0042    0.0757
   7531.06    0.0064    0.0031    0.0800
   7532.09    0.0066    0.0127    0.0801
   7533.12    0.0063    0.0234    0.0760
   7534.15    0.0058    0.0343    0.0683
   7535.19    0.0053    0.0442    0.0578
   7536.22    0.0048    0.0522    0.0456
   7537.25    0.0044    0.0575    0.0329
   7538.28    0.0040    0.0598    0.0211
   7539.32    0.0036    0.0589    0.0110
   7540.35    0.0031    0.0551    0.0038
   7541.38    0.0024    0.0489   -0.0001
   7542.41    0.0017    0.0408   -0.0004
   7543.45    0.0010    0.0319    0.0028
   7544.48    0.0006    0.0228    0.0091
   7545.51    0.0005    0.0146    0.0178
   7546.54    0.0009    0.0079    0.0281
   7547.58    0.0015    0.0034    0.0389
   7548.61    0.0024    0.0014    0.0493
   7549.64    0.0034    0.0020    0.0584
   7550.67    0.0043    0.0053    0.0654
   7551.71    0.0050    0.0109    0.0696
   7552.74    0.0053    0.0183    0.0708
   7553.77    0.0055    0.0270    0.0688
   7554.80    0.0054    0.0361    0.0639
   7555.84    0.0052    0.0450    0.0564
   7556.87    0.0050    0.0531    0.0469
   7557.90    0.0049    0.0597    0.0362
   7558.93    0.0048    0.0644    0.0250
   7559.97    0.0047    0.0668    0.0141
   7561.00    0.0045    0.0669    0.0042
   7562.03    0.0042    0.0647   -0.0039
   7563.06    0.0037    0.0604   -0.0097
   7564.10    0.0031    0.0544   -0.0130
   7565.13    0.0024    0.0472   -0.0137
   7566.16    0.0017    0.0392   -0.0116
   7567.19    0.0010    0.0312   -0.0072
   7568.23    0.0006    0.0235   -0.0007
   7569.26    0.0003    0.0169    0.0072
   7570.29    0.0004    0.0116    0.0161
   7571.32    0.0007    0.0081    0.0252
   7572.36    0.0012    0.0064    0.0339
   7573.39    0.0018    0.0068    0.0417
   7574.42    0.0024    0.0091    0.0479
   7575.45    0.0029    0.0132    0.0522
   7576.49    0.0033    0.0187    0.0544
   7577.52    0.0036    0.0253    0.0542
   7578.55    0.0037    0.0325    0.0517
   7579.58    0.0038    0.0399    0.0471
   7580.62    0.0039    0.0470    0.0406
   7581.65    0.0039    0.0534    0.0326
   7582.68    0.0040    0.0586    0.0237
   7583.71    0.0041    0.0625    0.0142
   7584.75    0.0042    0.0647    0.0047
   7585.78    0.0043    0.0652   -0.0041
   7586.81    0.0042    0.0639   -0.0120
   7587.84    0.0041    0.0610   -0.0184
   7588.88    0.0037    0.0566   -0.0230
   7589.91    0.0033    0.0511   -0.0257
   7590.94    0.0027    0.0446   -0.0264
   7591.97    0.0020    0.0376   -0.0250
   7593.01    0.0014    0.0305   -0.0216
   7594.04    0.0008    0.0237   -0.0166
   7595.07    0.0004    0.0174   -0.0102
   7596.10    0.0002    0.0120   -0.0027
   7597.14    0.0001    0.0078    0.0053
   7598.17    0.0002    0.0049    0.0135
   7599.20    0.0005    0.0035    0.0214
   7600.23    0.0008    0.0036    0.0287
   7601.27    0.0012    0.0050    0.0349
   7602.30    0.0016    0.0078    0.0397
   7603.33    0.0020    0.0117    0.0430
   7604.36    0.0023    0.0165    0.0445
   7605.40    0.0024    0.0219    0.0443
   7606.43    0.0026    0.0276    0.0424
   7607.46    0.0026    0.0333    0.0388
   7608.49    0.0026    0.0387    0.0339
   7609.53    0.0027    0.0435    0.0278
   7610.56    0.0027    0.0476    0.0209
   7611.59    0.0027    0.0506    0.0135
   7612.62    0.0028    0.0525    0.0060
   7613.66    0.0028    0.0532   -0.0013
   7614.69    0.0028    0.0526   -0.0080
   7615.72    0.0028    0.0508   -0.0138
   7616.75    0.0026    0.0479   -0.0185
   7617.79    0.0024    0.0441   -0.0218
   7618.82    0.0021    0.0394   -0.0236
   7619.85    0.0017    0.0342   -0.0239
   7620.88    0.0013    0.0286   -0.0225
   7621.92    0.0009    0.0230   -0.0197
   7622.95    0.0005    0.0174   -0.0155
   7623.98    0.0003    0.0122   -0.0102
   7625.01    0.0001    0.0076   -0.0038
   7626.05    0.0000    0.0037    0.0031
   7627.08    0.0001    0.0007    0.0105
   7628.11    0.0003   -0.0013    0.0179
   7629.14    0.0006   -0.0024    0.0252
   7630.18    0.0010   -0.0023    0.0320
   7631.21    0.0014   -0.0013    0.0380
   7632.24    0.0019    0.0006    0.0431
   7633.27    0.0022    0.0033    0.0470
   7634.31    0.0025    0.0068    0.0498
   7635.34    0.0027    0.0107    0.0512
   7636.37    0.0029    0.0149    0.0513
   7637.40    0.0029    0.0194    0.0502
   7638.44    0.0029    0.0237    0.0479
   7639.47    0.0028    0.0279    0.0447
   7640.50    0.0121    0.1005    0.0446
   7641.53    0.0477    0.2167    0.0267
   7642.57    0.0735    0.2708   -0.0125
   7643.60    0.0663    0.2506   -0.0595
   7644.63    0.0377    0.1666   -0.0998
   7645.66    0.0171    0.0466   -0.1224
   7646.70    0.0206   -0.0750   -0.1224
   7647.73    0.0381   -0.1666   -0.1015
   7648.76    0.0473   -0.2072   -0.0664
   7649.79    0.0369   -0.1903   -0.0269
   7650.83    0.0153   -0.1233    0.0076
   7651.86    0.0014   -0.0238    0.0296
   7652.89    0.0085    0.0853    0.0351
   7653.92    0.0336    0.1816    0.0241
   7654.96    0.0612    0.2474   -0.0002
   7655.99    0.0755    0.2728   -0.0324
   7657.02    0.0699    0.2560   -0.0662
   7658.05    0.0502    0.2027   -0.0956
   7659.09    0.0290    0.1245   -0.1162
   7660.12    0.0170    0.0353   -0.1254
   7661.15    0.0176   -0.0504   -0.1226
   7662.18    0.0264   -0.1203   -0.1090
   7663.22    0.0350   -0.1655   -0.0875
   7664.25    0.0367   -0.1814   -0.0614
   7665.28    0.0310   -0.1709   -0.0428
   7666.31    0.0326   -0.1631   -0.0777
   7667.35    0.0521   -0.1660   -0.1568
   7668.38    0.0947   -0.1781   -0.2510
   7669.41    0.1470   -0.1949   -0.3301
   7670.44    0.1825   -0.2108   -0.3715
   7671.48    0.1827   -0.2208   -0.3660
   7672.51    0.1503   -0.2221   -0.3178
   7673.54    0.1044   -0.2146   -0.2416
   7674.57    0.0649   -0.2004   -0.1574
   7675.61    0.0406   -0.1830   -0.0845
   7676.64    0.0292   -0.1666   -0.0376
   7677.67    0.0245   -0.1546   -0.0240
   7678.70    0.0241   -0.1491   -0.0438
   7679.74    0.0309   -0.1508   -0.0902
   7680.77    0.0485   -0.1588   -0.1526
   7681.80    0.0772   -0.1713   -0.2188
   7682.83    0.1114   -0.1858   -0.2773
   7683.87    0.1416   -0.1995   -0.3191
   7684.90    0.1591   -0.2102   -0.3390
   7685.93    0.1594   -0.2163   -0.3355
   7686.96    0.1435   -0.2171   -0.3104
   7688.00    0.1171   -0.2125   -0.2683
   7689.03    0.0877   -0.2032   -0.2154
   7690.06    0.0614   -0.1905   -0.1583
   7691.09    0.0417   -0.1759   -0.1037
   7692.13    0.0292   -0.1611   -0.0569
   7693.16    0.0222   -0.1474   -0.0220
   7694.19    0.0185   -0.1360   -0.0012
   7695.22    0.0164   -0.1279    0.0046
   7696.26    0.0153   -0.1235   -0.0038
   7697.29    0.0157   -0.1229   -0.0243
   7698.32    0.0188   -0.1257   -0.0544
   7699.35    0.0255   -0.1315   -0.0907
   7700.39    0.0363   -0.1396   -0.1298
   7701.42    0.0507   -0.1490   -0.1687
   7702.45    0.0670   -0.1590   -0.2044
   7703.48    0.0835   -0.1686   -0.2346
   7704.52    0.0978   -0.1773   -0.2576
   7705.55    0.1082   -0.1842   -0.2724
   7706.58    0.1134   -0.1891   -0.2786
   7707.61    0.1130   -0.1916   -0.2762
   7708.65    0.1074   -0.1916   -0.2659
   7709.68    0.0976   -0.1890   -0.2487
   7710.71    0.0849   -0.1842   -0.2258
   7711.74    0.0709   -0.1773   -0.1988
   7712.78    0.0570   -0.1686   -0.1690
   7713.81    0.0442   -0.1586   -0.1380
   7714.84    0.0333   -0.1478   -0.1072
   7715.87    0.0247   -0.1366   -0.0778
   7716.91    0.0183   -0.1254   -0.0510
   7717.94    0.0139   -0.1146   -0.0276
   7718.97    0.0110   -0.1045   -0.0084
   7720.00    0.0092   -0.0956    0.0064
   7721.04    0.0080   -0.0880    0.0164
   7722.07    0.0072   -0.0819    0.0217
   7723.10    0.0065   -0.0774    0.0224
   7724.13    0.0059   -0.0746    0.0188
   7725.17    0.0055   -0.0735    0.0113
   7726.20    0.0055   -0.0739    0.0005
   7727.23    0.0059   -0.0758   -0.0130
   7728.26    0.0070   -0.0789   -0.0286
   7729.30    0.0090   -0.0832   -0.0456
   7730.33    0.0119   -0.0884   -0.0635
   7731.36    0.0155   -0.0943   -0.0815
   7732.39    0.0200   -0.1006   -0.0992
   7733.43    0.0249   -0.1071   -0.1159
   7734.46    0.0301   -0.1136   -0.1313
   7735.49    0.0354   -0.1198   -0.1449
   7736.52    0.0403   -0.1256   -0.1566
   7737.56    0.0446   -0.1307   -0.1660
   7738.59    0.0482   -0.1351   -0.1730
   7739.62    0.0507   -0.1385   -0.1776
   7740.65    0.0522   -0.1409   -0.1798
   7741.69    0.0525   -0.1422   -0.1796
   7742.72    0.0517   -0.1425   -0.1772
   7743.75    0.0499   -0.1416   -0.1728
   7744.78    0.0472   -0.1397   -0.1665
   7745.82    0.0438   -0.1367   -0.1586
   7746.85    0.0399   -0.1328   -0.1494
   7747.88    0.0358   -0.1280   -0.1392
   7748.91    0.0314   -0.1224   -0.1282
   7749.95    0.0272   -0.1163   -0.1169
   7750.98    0.0231   -0.1097   -0.1053
   7752.01    0.0194   -0.1028   -0.0939
   7753.04    0.0160   -0.0957   -0.0828
   7754.08    0.0131   -0.0887   -0.0723
   7755.11    0.0106   -0.0818   -0.0626
   7756.14    0.0085   -0.0751   -0.0538
   7757.17    0.0069   -0.0690   -0.0462
   7758.21    0.0056   -0.0633   -0.0397
   7759.24    0.0046   -0.0584   -0.0345
   7760.27    0.0039   -0.0542   -0.0305
   7761.30    0.0034   -0.0508   -0.0279
   7762.34    0.0030   -0.0484   -0.0266
   7763.37    0.0029   -0.0468   -0.0265
   7764.40    0.0029   -0.0463   -0.0275
   7765.43    0.0031   -0.0467   -0.0297
   7766.47    0.0034   -0.0480   -0.0327
   7767.50    0.0039   -0.0502   -0.0366
   7768.53    0.0045   -0.0533   -0.0412
   7769.56    0.0054   -0.0571   -0.0464
   7770.60    0.0065   -0.0616   -0.0520
   7771.63    0.0078   -0.0667   -0.0578
   7772.66    0.0093   -0.0722   -0.0637
   7773.69    0.0110   -0.0781   -0.0697
   7774.73    0.0128   -0.0843   -0.0755
   7775.76    0.0148   -0.0905   -0.0810
   7776.79    0.0168   -0.0968   -0.0862
   7777.82    0.0189   -0.1029   -0.0909
   7778.86    0.0209   -0.1087   -0.0951
   7779.89    0.0228   -0.1142   -0.0988
   7780.92    0.0246   -0.1192   -0.1018
   7781.95    0.0262   -0.1237   -0.1042
   7782.99    0.0194   -0.0001   -0.1394
   7784.02    0.0877    0.2393   -0.1745
   7785.05    0.1913    0.4075   -0.1589
   7786.08    0.2256    0.4651   -0.0965
   7787.12    0.1643    0.4053   -0.0027
   7788.15    0.0736    0.2520    0.1005
   7789.18    0.0383    0.0488    0.1895
   7790.21    0.0835   -0.1534    0.2448
   7791.25    0.1608   -0.3097    0.2547
   7792.28    0.1992   -0.3898    0.2174
   7793.31    0.1660   -0.3825    0.1402
   7794.34    0.0887   -0.2954    0.0377
   7795.38    0.0278   -0.1504   -0.0717
   7796.41    0.0292    0.0221   -0.1694
   7797.44    0.0938    0.1903   -0.2401
   7798.47    0.1812    0.3262   -0.2735
   7799.51    0.2391    0.4103   -0.2660
   7800.54    0.2361    0.4330   -0.2204
   7801.57    0.1771    0.3951   -0.1448
   7802.60    0.0961    0.3057   -0.0509
   7803.64    0.0347    0.1801    0.0477
   7804.67    0.0203    0.0363    0.1379
   7805.70    0.0550   -0.1070    0.2086
   7806.73    0.1180   -0.2337    0.2519
   7807.77    0.1791   -0.3312    0.2634
   7808.80    0.2126   -0.3918    0.2430
   7809.83    0.2079   -0.4127    0.1939
   7810.86    0.1685   -0.4007    0.0893
   7811.90    0.1555   -0.3821   -0.0972
   7812.93    0.2045   -0.3703   -0.2596
   7813.96    0.2395   -0.3717   -0.3184
   7814.99    0.2098   -0.3846   -0.2487
   7816.03    0.1693   -0.4021   -0.0871
   7817.06    0.1815   -0.4164    0.0898
   7818.09    0.2204   -0.4232    0.2033
   7819.12    0.2215   -0.4224    0.2076
   7820.16    0.1857   -0.4176    0.1068
   7821.19    0.1730   -0.4128   -0.0513
   7822.22    0.2076   -0.4105   -0.1978
   7823.25    0.2430   -0.4105   -0.2731
   7824.29    0.2306   -0.4107   -0.2489
   7825.32    0.1859   -0.4086   -0.1377
   7826.35    0.1629   -0.4033    0.0162
   7827.38    0.1806   -0.3957    0.1549
   7828.42    0.2034   -0.3883    0.2294
   7829.45    0.1944   -0.3840    0.2167
   7830.48    0.1633   -0.3842    0.1251
   7831.51    0.1510   -0.3885   -0.0102
   7832.55    0.1756   -0.3943   -0.1418
   7833.58    0.2094   -0.3979   -0.2261
   7834.61    0.2133   -0.3960   -0.2377
   7835.64    0.1808   -0.3872   -0.1758
   7836.68    0.1427   -0.3725   -0.0627
   7837.71    0.1305   -0.3554    0.0647
   7838.74    0.1438   -0.3404    0.1671
   7839.77    0.1564   -0.3320    0.2148
   7840.81    0.1491   -0.3330    0.1955
   7841.84    0.1315   -0.3434    0.1167
   7842.87    0.1300   -0.3606    0.0021
   7843.90    0.1578   -0.3799   -0.1159
   7844.94    0.1993   -0.3962   -0.2057
   7845.97    0.2240   -0.4050   -0.2449
   7847.00    0.2142   -0.4041   -0.2256
   7848.03    0.1794   -0.3941   -0.1554
   7849.07    0.1459   -0.3781   -0.0544
   7850.10    0.1331   -0.3613    0.0506
   7851.13    0.1395   -0.3489    0.1332
   7852.16    0.1495   -0.3455    0.1738
   7853.20    0.1517   -0.3533    0.1639
   7854.23    0.1500   -0.3720    0.1076
   7855.26    0.1593   -0.3986    0.0196
   7856.29    0.1893   -0.4280   -0.0786
   7857.33    0.2335   -0.4545   -0.1643
   7858.36    0.2713   -0.4730   -0.2182
   7859.39    0.2830   -0.4801   -0.2290
   7860.42    0.2637   -0.4750   -0.1952
   7861.46    0.2265   -0.4592   -0.1250
   7862.49    0.1919   -0.4368   -0.0337
   7863.52    0.1741   -0.4130    0.0595
   7864.55    0.1731   -0.3933    0.1358
   7865.59    0.1787   -0.3820    0.1808
   7866.62    0.1808   -0.3819    0.1869
   7867.65    0.1783   -0.3928    0.1547
   7868.68    0.1788   -0.4127    0.0923
   7869.72    0.1913   -0.4372    0.0133
   7870.75    0.2169   -0.4610   -0.0658
   7871.78    0.2463   -0.4791   -0.1294
   7872.81    0.2647   -0.4872   -0.1652
   7873.85    0.2611   -0.4830   -0.1668
   7874.88    0.2358   -0.4666   -0.1345
   7875.91    0.1993   -0.4401   -0.0747
   7876.94    0.1663   -0.4078    0.0010
   7877.98    0.1467   -0.3748    0.0787
   7879.01    0.1410   -0.3465    0.1444
   7880.04    0.1421   -0.3275    0.1867
   7881.07    0.1421   -0.3205    0.1985
   7882.11    0.1384   -0.3265    0.1783
   7883.14    0.1352   -0.3439    0.1301
   7884.17    0.1404   -0.3695    0.0626
   7885.20    0.1590   -0.3985   -0.0123
   7886.24    0.1881   -0.4259   -0.0821
   7887.27    0.2180   -0.4469   -0.1352
   7888.30    0.2363   -0.4579   -0.1633
   7889.33    0.2354   -0.4572   -0.1623
   7890.37    0.2158   -0.4451   -0.1331
   7891.40    0.1900   -0.4284   -0.0804
   7892.43    0.1882   -0.4337   -0.0111
   7893.46    0.2153   -0.4612    0.0505
   7894.50    0.2567   -0.5001    0.0813
   7895.53    0.2919   -0.5357    0.0703
   7896.56    0.3083   -0.5548    0.0219
   7897.59    0.3054   -0.5507   -0.0460
   7898.63    0.2876   -0.5251   -0.1090
   7899.66    0.2582   -0.4870   -0.1453
   7900.69    0.2223   -0.4494   -0.1424
   7901.72    0.1910   -0.4250   -0.1019
   7902.76    0.1790   -0.4214   -0.0378
   7903.79    0.1940   -0.4395    0.0286
   7904.82    0.2292   -0.4728    0.0756
   7905.85    0.2680   -0.5101    0.0885
   7906.89    0.2949   -0.5392    0.0640
   7907.92    0.3035   -0.5508    0.0109
   7908.95    0.2957   -0.5412   -0.0533
   7909.98    0.2750   -0.5132   -0.1077
   7911.02    0.2441   -0.4753   -0.1351
   7912.05    0.2084   -0.4386   -0.1266
   7913.08    0.1782   -0.4136   -0.0845
   7914.11    0.1663   -0.4073   -0.0210
   7915.15    0.1791   -0.4207    0.0457
   7916.18    0.2112   -0.4493    0.0965
   7917.21    0.2482   -0.4842    0.1174
   7918.24    0.2756   -0.5147    0.1032
   7919.28    0.2862   -0.5318    0.0586
   7920.31    0.2811   -0.5302   -0.0032
   7921.34    0.2642   -0.5099   -0.0644
   7922.37    0.2384   -0.4762   -0.1078
   7923.41    0.2064   -0.4378   -0.1212
   7924.44    0.1741   -0.4048   -0.1010
   7925.47    0.1514   -0.3854   -0.0529
   7926.50    0.1479   -0.3844    0.0103
   7927.54    0.1662   -0.4014    0.0716
   7928.57    0.1992   -0.4314    0.1146
   7929.60    0.2335   -0.4659    0.1283
   7930.63    0.2575   -0.4956    0.1091
   7931.67    0.2663   -0.5123    0.0623
   7932.70    0.2614   -0.5113    0.0002
   7933.73    0.2463   -0.4925   -0.0611
   7934.76    0.2231   -0.4604   -0.1056
   7935.80    0.1935   -0.4227   -0.1219
   7936.83    0.1620   -0.3884   -0.1056
   7937.86    0.1375   -0.3659   -0.0604
   7938.89    0.1297   -0.3602    0.0025
   7939.93    0.1431   -0.3722    0.0678
   7940.96    0.1731   -0.3985    0.1196
   7941.99    0.2078   -0.4320    0.1456
   7943.02    0.2347   -0.4639    0.1396
   7944.06    0.2469   -0.4860    0.1036
   7945.09    0.2444   -0.4922    0.0466
   7946.12    0.2312   -0.4805   -0.0170
   7947.15    0.2105   -0.4532   -0.0715
   7948.19    0.1841   -0.4165   -0.1034
   7949.22    0.1543   -0.3787   -0.1046
   7950.25    0.1270   -0.3484   -0.0748
   7951.28    0.1110   -0.3326   -0.0207
   7952.32    0.1139   -0.3345    0.0446
   7953.35    0.1359   -0.3532    0.1056
   7954.38    0.1691   -0.3837    0.1478
   7955.41    0.2008   -0.4182    0.1610
   7956.45    0.2207   -0.4477    0.1424
   7957.48    0.2251   -0.4646    0.0964
   7958.51    0.2166   -0.4641    0.0344
   7959.54    0.1994   -0.4457   -0.0285
   7960.58    0.1764   -0.4130   -0.0766
   7961.61    0.1490   -0.3733   -0.0980
   7962.64    0.1201   -0.3355   -0.0870
   7963.67    0.0970   -0.3080   -0.0456
   7964.71    0.0885   -0.2971    0.0164
   7965.74    0.1000   -0.3047    0.0843
   7966.77    0.1281   -0.3285    0.1419
   7967.80    0.1619   -0.3623    0.1750
   7968.84    0.1884   -0.3972    0.1752
   7969.87    0.2001   -0.4241    0.1423
   7970.90    0.1970   -0.4359    0.0838
   7971.93    0.1843   -0.4291    0.0139
   7972.97    0.1665   -0.4049   -0.0503
   7974.00    0.1446   -0.3688   -0.0928
   7975.03    0.1190   -0.3293   -0.1027
   7976.06    0.0936   -0.2962   -0.0770
   7977.10    0.0773   -0.2772   -0.0214
   7978.13    0.0794   -0.2771    0.0509
   7979.16    0.1022   -0.2953    0.1224
   7980.19    0.1376   -0.3267    0.1756
   7981.23    0.1705   -0.3626    0.1975
   7982.26    0.1877   -0.3928    0.1829
   7983.29    0.1852   -0.4084    0.1359
   7984.32    0.1681   -0.4042    0.0688
   7985.36    0.1447   -0.3803   -0.0009
   7986.39    0.1200   -0.3420   -0.0550
   7987.42    0.0956   -0.2987   -0.0795
   7988.45    0.0731   -0.2616   -0.0686
   7989.49    0.0584   -0.2403   -0.0259
   7990.52    0.0592   -0.2407    0.0362
   7991.55    0.0791   -0.2627    0.1002
   7992.58    0.1121   -0.3003    0.1481
   7993.62    0.1455   -0.3430    0.1669
   7994.65    0.1664   -0.3785    0.1521
   7995.68    0.1692   -0.3965    0.1095
   7996.71    0.1558   -0.3911    0.0534
   7997.75    0.1320   -0.3633    0.0021
   7998.78    0.1035   -0.3204   -0.0293
   7999.81    0.0755   -0.2715   -0.0426
   8000.84    0.0539   -0.2293   -0.0362
   8001.88    0.0425   -0.2059   -0.0117
   8002.91    0.0438   -0.2080    0.0236
   8003.94    0.0586   -0.2347    0.0590
   8004.97    0.0840   -0.2776    0.0836
   8006.01    0.1123   -0.3229    0.0898
   8007.04    0.1323   -0.3558    0.0757
   8008.07    0.1355   -0.3652    0.0457
   8009.10    0.1207   -0.3472    0.0095
   8010.14    0.0945   -0.3066   -0.0211
   8011.17    0.0667   -0.2558   -0.0359
   8012.20    0.0453   -0.2106   -0.0300
   8013.23    0.0345   -0.1856   -0.0052
   8014.27    0.0365   -0.1888    0.0302
   8015.30    0.0520   -0.2187    0.0643
   8016.33    0.0774   -0.2649    0.0852
   8017.36    0.1040   -0.3109    0.0858
   8018.40    0.1199   -0.3400    0.0657
   8019.43    0.1173   -0.3409    0.0321
   8020.46    0.1070   -0.3268    0.0125
   8021.49    0.1027   -0.3204    0.0096
   8022.53    0.0987   -0.3141    0.0069
   8023.56    0.0951   -0.3083    0.0044
   8024.59    0.0919   -0.3031    0.0022
   8025.62    0.0891   -0.2985    0.0005
   8026.66    0.0869   -0.2947   -0.0008
   8027.69    0.0851   -0.2918   -0.0014
   8028.72    0.0839   -0.2897   -0.0015
   8029.75    0.0832   -0.2884   -0.0009
   8030.79    0.0830   -0.2880    0.0003
   8031.82    0.0831   -0.2883    0.0022
   8032.85    0.0837   -0.2893    0.0046
   8033.88    0.0847   -0.2908    0.0077
   8034.92    0.0859   -0.2928    0.0112
   8035.95    0.0873   -0.2950    0.0153
   8036.98    0.0888   -0.2973    0.0197
   8038.01    0.0904   -0.2996    0.0245
   8039.05    0.0919   -0.3017    0.0295
   8040.08    0.0933   -0.3034    0.0347
   8041.11    0.0944   -0.3046    0.0400
   8042.14    0.0951   -0.3051    0.0452
   8043.18    0.0955   -0.3048    0.0504
   8044.21    0.0953   -0.3036    0.0555
   8045.24    0.0945   -0.3014    0.0603
   8046.27    0.0931   -0.2982    0.0648
   8047.31    0.0911   -0.2939    0.0688
   8048.34    0.0885   -0.2884    0.0725
   8049.37    0.0852   -0.2819    0.0756
   8050.40    0.0814   -0.2744    0.0781
   8051.44    0.0772   -0.2660    0.0801
   8052.47    0.0726   -0.2568    0.0814
   8053.50    0.0677   -0.2469    0.0820
   8054.53    0.0627   -0.2367    0.0819
   8055.57    0.0577   -0.2262    0.0812
   8056.60    0.0529   -0.2158    0.0797
   8057.63    0.0483   -0.2057    0.0777
   8058.66    0.0442   -0.1963    0.0750
   8059.70    0.0404   -0.1878    0.0719
   8060.73    0.0373   -0.1806    0.0683
   8061.76    0.0348   -0.1751    0.0643
   8062.79    0.0330   -0.1714    0.0602
   8063.83    0.0320   -0.1699    0.0560
   8064.86    0.0319   -0.1708    0.0518
   8065.89    0.0326   -0.1742    0.0480
   8066.92    0.0344   -0.1801    0.0445
   8067.96    0.0373   -0.1886    0.0417
   8068.99    0.0413   -0.1994    0.0397
   8070.02    0.0465   -0.2121    0.0386
   8071.05    0.0528   -0.2265    0.0386
   8072.09    0.0600   -0.2417    0.0398
   8073.12    0.0679   -0.2571    0.0421
   8074.15    0.0760   -0.2718    0.0457
   8075.18    0.0837   -0.2849    0.0503
   8076.22    0.0904   -0.2954    0.0558
   8077.25    0.0691   -0.2539    0.0681
   8078.28    0.0192   -0.1177    0.0731
   8079.31    0.0058    0.0479    0.0596
   8080.35    0.0425    0.2038    0.0310
   8081.38    0.1004    0.3168   -0.0060
   8082.41    0.1352    0.3651   -0.0433
   8083.44    0.1226    0.3424   -0.0733
   8084.48    0.0741    0.2567   -0.0905
   8085.51    0.0245    0.1268   -0.0920
   8086.54    0.0066   -0.0221   -0.0779
   8087.57    0.0294   -0.1638   -0.0509
   8088.61    0.0764   -0.2760   -0.0153
   8089.64    0.1185   -0.3435    0.0234
   8090.67    0.1329   -0.3595    0.0601
   8091.70    0.1144   -0.3260    0.0903
   8092.74    0.0757   -0.2520    0.1107
   8093.77    0.0372   -0.1514    0.1194
   8094.80    0.0150   -0.0402    0.1158
   8095.83    0.0145    0.0666    0.1005
   8096.87    0.0302    0.1567    0.0752
   8097.90    0.0514    0.2228    0.0421
   8098.93    0.0687    0.2622    0.0041
   8099.96    0.0779    0.2769   -0.0355
   8101.00    0.0794    0.2721   -0.0734
   8102.03    0.0757    0.2539   -0.1060
   8103.06    0.0687    0.2273   -0.1303
   8104.09    0.0535    0.1821   -0.1424
   8105.13    0.0330    0.1138   -0.1414
   8106.16    0.0182    0.0383   -0.1295
   8107.19    0.0132   -0.0385   -0.1081
   8108.22    0.0186   -0.1112   -0.0792
   8109.26    0.0328   -0.1753   -0.0453
   8110.29    0.0518   -0.2274   -0.0089
   8111.32    0.0711   -0.2651    0.0277
   8112.35    0.0864   -0.2872    0.0623
   8113.39    0.0948   -0.2935    0.0929
   8114.42    0.0950   -0.2847    0.1182
   8115.45    0.0876   -0.2623    0.1371
   8116.48    0.0743   -0.2282    0.1490
   8117.52    0.0578   -0.1848    0.1538
   8118.55    0.0411   -0.1347    0.1516
   8119.58    0.0269   -0.0805    0.1430
   8120.61    0.0171   -0.0246    0.1285
   8121.65    0.0129    0.0306    0.1092
   8122.68    0.0143    0.0831    0.0860
   8123.71    0.0208    0.1312    0.0601
   8124.74    0.0311    0.1735    0.0324
   8125.78    0.0436    0.2089    0.0040
   8126.81    0.0593    0.2431   -0.0164
   8127.84    0.0910    0.3016   -0.0070
   8128.87    0.1343    0.3662    0.0138
   8129.91    0.1682    0.4095    0.0224
   8130.94    0.1697    0.4119    0.0026
   8131.97    0.1392    0.3701   -0.0476
   8133.00    0.1014    0.2964   -0.1164
   8134.04    0.0781    0.2207   -0.1714
   8135.07    0.0661    0.1690   -0.1937
   8136.10    0.0589    0.1544   -0.1871
   8137.13    0.0561    0.1789   -0.1552
   8138.17    0.0639    0.2269   -0.1113
   8139.20    0.0807    0.2747   -0.0720
   8140.23    0.0937    0.3020   -0.0505
   8141.26    0.0924    0.2996   -0.0514
   8142.30    0.0791    0.2721   -0.0710
   8143.33    0.0646    0.2339   -0.0992
   8144.36    0.0566    0.2027   -0.1246
   8145.39    0.0562    0.1920   -0.1389
   8146.43    0.0622    0.2068   -0.1392
   8147.46    0.0755    0.2425   -0.1291
   8148.49    0.0959    0.2874   -0.1156
   8149.52    0.1185    0.3272   -0.1070
   8150.56    0.1345    0.3500   -0.1096
   8151.59    0.1378    0.3493   -0.1255
   8152.62    0.1294    0.3259   -0.1522
   8153.65    0.1158    0.2866   -0.1836
   8154.69    0.1034    0.2419   -0.2119
   8155.72    0.0941    0.2029   -0.2301
   8156.75    0.0862    0.1781   -0.2333
   8157.78    0.0782    0.1720   -0.2205
   8158.82    0.0715    0.1840   -0.1941
   8159.85    0.0693    0.2093   -0.1596
   8160.88    0.0731    0.2405   -0.1236
   8161.91    0.0815    0.2699   -0.0929
   8162.95    0.0897    0.2907   -0.0724
   8163.98    0.0936    0.2991   -0.0647
   8165.01    0.0915    0.2945   -0.0695
   8166.04    0.0851    0.2792   -0.0844
   8167.08    0.0776    0.2580   -0.1050
   8168.11    0.0720    0.2367   -0.1266
   8169.14    0.0696    0.2207   -0.1447
   8170.17    0.0703    0.2141   -0.1563
   8171.21    0.0736    0.2192   -0.1600
   8172.24    0.0799    0.2355   -0.1562
   8173.27    0.0897    0.2609   -0.1469
   8174.30    0.1032    0.2913   -0.1354
   8175.34    0.1193    0.3220   -0.1252
   8176.37    0.1356    0.3482   -0.1195
   8177.40    0.1487    0.3663   -0.1207
   8178.43    0.1564    0.3736   -0.1299
   8179.47    0.1580    0.3694   -0.1469
   8180.50    0.1469    0.3442   -0.1687
   8181.53    0.1265    0.3030   -0.1862
   8182.56    0.1098    0.2675   -0.1957
   8183.60    0.0993    0.2470   -0.1957
   8184.63    0.0953    0.2453   -0.1874
   8185.66    0.0979    0.2601   -0.1740
   8186.69    0.1060    0.2836   -0.1597
   8187.73    0.1155    0.3057   -0.1485
   8188.76    0.1208    0.3168   -0.1429
   8189.79    0.1171    0.3106   -0.1437
   8190.82    0.1040    0.2859   -0.1492
   8191.86    0.0855    0.2470   -0.1566
   8192.89    0.0669    0.2015   -0.1622
   8193.92    0.0519    0.1592   -0.1629
   8194.95    0.0410    0.1284   -0.1566
   8195.99    0.0337    0.1150   -0.1433
   8197.02    0.0299    0.1202   -0.1244
   8198.05    0.0305    0.1414   -0.1027
   8199.08    0.0364    0.1724   -0.0817
   8200.12    0.0465    0.2057   -0.0646
   8201.15    0.0576    0.2338   -0.0538
   8202.18    0.0656    0.2511   -0.0504
   8203.21    0.0679    0.2549   -0.0540
   8204.25    0.0643    0.2457   -0.0630
   8205.28    0.0571    0.2268   -0.0749
   8206.31    0.0490    0.2036   -0.0869
   8207.34    0.0425    0.1821   -0.0966
   8208.38    0.0386    0.1677   -0.1022
   8209.41    0.0376    0.1644   -0.1029
   8210.44    0.0401    0.1740   -0.0989
   8211.47    0.0468    0.1961   -0.0913
   8212.51    0.0588    0.2283   -0.0820
   8213.54    0.0763    0.2664   -0.0731
   8214.57    0.0980    0.3058   -0.0665
   8215.60    0.1210    0.3419   -0.0640
   8216.64    0.1418    0.3705   -0.0667
   8217.67    0.1570    0.3891   -0.0747
   8218.70    0.1648    0.3964   -0.0878
   8219.73    0.1651    0.3925   -0.1050
   8220.77    0.1593    0.3791   -0.1246
   8221.80    0.1497    0.3587   -0.1451
   8222.83    0.1388    0.3343   -0.1646
   8223.86    0.1286    0.3091   -0.1817
   8224.90    0.1199    0.2862   -0.1949
   8225.93    0.1131    0.2678   -0.2036
   8226.96    0.1082    0.2555   -0.2073
   8227.99    0.1050    0.2500   -0.2063
   8229.03    0.1034    0.2510   -0.2010
   8230.06    0.1035    0.2578   -0.1924
   8231.09    0.1052    0.2687   -0.1815
   8232.12    0.1082    0.2820   -0.1695
   8233.16    0.1122    0.2955   -0.1577
   8234.19    0.1160    0.3073   -0.1469
   8235.22    0.1187    0.3156   -0.1381
   8236.25    0.1192    0.3191   -0.1319
   8237.29    0.1169    0.3168   -0.1286
   8238.32    0.1114    0.3082   -0.1283
   8239.35    0.1031    0.2933   -0.1306
   8240.38    0.0926    0.2727   -0.1352
   8241.42    0.0811    0.2470   -0.1415
   8242.45    0.0694    0.2176   -0.1486
   8243.48    0.0587    0.1855   -0.1559
   8244.51    0.0495    0.1522   -0.1624
   8245.55    0.0422    0.1192   -0.1674
   8246.58    0.0366    0.0876   -0.1702
   8247.61    0.0324    0.0588   -0.1703
   8248.64    0.0291    0.0336   -0.1672
   8249.68    0.0260    0.0128   -0.1608
   8250.71    0.0228   -0.0031   -0.1509
   8251.74    0.0191   -0.0139   -0.1376
   8252.77    0.0151   -0.0194   -0.1213
   8253.81    0.0108   -0.0200   -0.1022
   8254.84    0.0068   -0.0160   -0.0809
   8255.87    0.0034   -0.0079   -0.0579
   8256.90    0.0012    0.0037   -0.0338
   8257.94    0.0004    0.0181   -0.0094
   8258.97    0.0014    0.0344    0.0147
   8260.00    0.0042    0.0521    0.0379
   8261.03    0.0085    0.0703    0.0596
   8262.07    0.0141    0.0884    0.0792
   8263.10    0.0205    0.1058    0.0964
   8264.13    0.0271    0.1219    0.1106
   8265.16    0.0334    0.1364    0.1218
   8266.20    0.0390    0.1490    0.1296
   8267.23    0.0434    0.1593    0.1341
   8268.26    0.0463    0.1673    0.1353
   8269.29    0.0477    0.1731    0.1332
   8270.33    0.0476    0.1765    0.1282
   8271.36    0.0462    0.1778    0.1205
   8272.39    0.0436    0.1772    0.1105
   8273.42    0.0403    0.1749    0.0984
   8274.46    0.0365    0.1712    0.0849
   8275.49    0.0326    0.1664    0.0703
   8276.52    0.0289    0.1608    0.0550
   8277.55    0.0255    0.1547    0.0396
   8278.59    0.0227    0.1485    0.0245
   8279.62    0.0204    0.1425    0.0101
   8280.65    0.0187    0.1368   -0.0032
   8281.68    0.0176    0.1319   -0.0151
   8282.72    0.0170    0.1278   -0.0253
   8283.75    0.0167    0.1247   -0.0334
   8284.78    0.0166    0.1228   -0.0394
   8285.81    0.0168    0.1221   -0.0431
   8286.85    0.0170    0.1226   -0.0445
   8287.88    0.0173    0.1243   -0.0434
   8288.91    0.0178    0.1272   -0.0400
   8289.94    0.0184    0.1312   -0.0344
   8290.98    0.0192    0.1361   -0.0267
   8292.01    0.0204    0.1417   -0.0170
   8293.04    0.0219    0.1480   -0.0056
   8294.07    0.0240    0.1546    0.0073
   8295.11    0.0265    0.1614    0.0213
   8296.14    0.0296    0.1681    0.0362
   8297.17    0.0331    0.1744    0.0517
   8298.20    0.0370    0.1802    0.0675
   8299.24    0.0412    0.1852    0.0832
   8300.27    0.0512    0.2090    0.0868
   8301.30    0.0590    0.2354    0.0601
   8302.33    0.0535    0.2299    0.0248
