     #Time      Norm      Real      Imag
   7386.51    0.0000    0.0001    0.0001
   7387.54    0.0000    0.0002    0.0002
   7388.57    0.0000    0.0003    0.0004
   7389.60    0.0000    0.0004    0.0005
   7390.64    0.0000    0.0005    0.0006
   7391.67    0.0000    0.0006    0.0008
   7392.70    0.0000    0.0007    0.0009
   7393.73    0.0000    0.0008    0.0010
   7394.77    0.0000    0.0009    0.0011
   7395.80    0.0000    0.0009    0.0012
   7396.83    0.0000    0.0010    0.0013
   7397.86    0.0000    0.0011    0.0014
   7398.90    0.0000    0.0012    0.0015
   7399.93    0.0000    0.0012    0.0015
   7400.96    0.0000    0.0013    0.0016
   7401.99    0.0000    0.0013    0.0017
   7403.03    0.0000    0.0014    0.0017
   7404.06    0.0000    0.0014    0.0018
   7405.09    0.0000    0.0014    0.0018
   7406.12    0.0000    0.0014    0.0018
   7407.16    0.0000    0.0015    0.0019
   7408.19    0.0000    0.0015    0.0019
   7409.22    0.0000    0.0015    0.0019
   7410.25    0.0000    0.0015    0.0019
   7411.29    0.0000    0.0015    0.0020
   7412.32    0.0000    0.0014    0.0020
   7413.35    0.0000    0.0014    0.0020
   7414.38    0.0000    0.0014    0.0020
   7415.42    0.0000    0.0014    0.0020
   7416.45    0.0000    0.0014    0.0019
   7417.48    0.0000    0.0013    0.0019
   7418.51    0.0000    0.0013    0.0019
   7419.55    0.0000    0.0012    0.0019
   7420.58    0.0000    0.0012    0.0019
   7421.61    0.0000    0.0011    0.0018
   7422.64    0.0000    0.0011    0.0018
   7423.68    0.0000    0.0010    0.0018
   7424.71    0.0000    0.0010    0.0017
   7425.74    0.0000    0.0009    0.0017
   7426.77    0.0000    0.0009    0.0016
   7427.81    0.0000    0.0008    0.0016
   7428.84    0.0000    0.0007    0.0015
   7429.87    0.0000    0.0006    0.0015
   7430.90    0.0000    0.0006    0.0014
   7431.94    0.0000    0.0005    0.0014
   7432.97    0.0000    0.0004    0.0013
   7434.00    0.0000    0.0003    0.0012
   7435.03    0.0000    0.0003    0.0012
   7436.07    0.0000    0.0002    0.0011
   7437.10    0.0000    0.0001    0.0010
   7438.13    0.0000    0.0000    0.0009
   7439.16    0.0000   -0.0001    0.0008
   7440.20    0.0000   -0.0002    0.0007
   7441.23    0.0000   -0.0003    0.0006
   7442.26    0.0000   -0.0004    0.0005
   7443.29    0.0000   -0.0005    0.0004
   7444.33    0.0000   -0.0006    0.0004
   7445.36    0.0000   -0.0007    0.0003
   7446.39    0.0000   -0.0007    0.0002
   7447.42    0.0000   -0.0008    0.0001
   7448.46    0.0000   -0.0009    0.0000
   7449.49    0.0000   -0.0010   -0.0001
   7450.52    0.0000   -0.0011   -0.0002
   7451.55    0.0000   -0.0012   -0.0002
   7452.59    0.0000   -0.0013   -0.0003
   7453.62    0.0000   -0.0014   -0.0004
   7454.65    0.0000   -0.0015   -0.0004
   7455.68    0.0000   -0.0015   -0.0005
   7456.72    0.0000   -0.0016   -0.0006
   7457.75    0.0000   -0.0017   -0.0007
   7458.78    0.0000   -0.0018   -0.0008
   7459.81    0.0000   -0.0019   -0.0009
   7460.85    0.0000   -0.0020   -0.0010
   7461.88    0.0000   -0.0020   -0.0010
   7462.91    0.0000   -0.0021   -0.0011
   7463.94    0.0000   -0.0022   -0.0012
   7464.98    0.0000   -0.0022   -0.0012
   7466.01    0.0000   -0.0023   -0.0013
   7467.04    0.0000   -0.0023   -0.0014
   7468.07    0.0000   -0.0024   -0.0015
   7469.11    0.0000   -0.0024   -0.0016
   7470.14    0.0000   -0.0025   -0.0016
   7471.17    0.0000   -0.0026   -0.0017
   7472.20    0.0000   -0.0026   -0.0018
   7473.24    0.0000   -0.0027   -0.0018
   7474.27    0.0000   -0.0027   -0.0018
   7475.30    0.0000   -0.0028   -0.0019
   7476.33    0.0000   -0.0028   -0.0019
   7477.37    0.0000   -0.0028   -0.0020
   7478.40    0.0000   -0.0029   -0.0020
   7479.43    0.0000   -0.0029   -0.0021
   7480.46    0.0000   -0.0029   -0.0022
   7481.50    0.0000   -0.0030   -0.0023
   7482.53    0.0000   -0.0030   -0.0023
   7483.56    0.0000   -0.0030   -0.0024
   7484.59    0.0000   -0.0031   -0.0024
   7485.63    0.0000   -0.0031   -0.0024
   7486.66    0.0000   -0.0031   -0.0024
   7487.69    0.0000   -0.0031   -0.0025
   7488.72    0.0000   -0.0032   -0.0025
   7489.76    0.0000   -0.0032   -0.0025
   7490.79    0.0000   -0.0032   -0.0026
   7491.82    0.0000   -0.0032   -0.0026
   7492.85    0.0000   -0.0032   -0.0027
   7493.89    0.0000   -0.0032   -0.0027
   7494.92    0.0000   -0.0032   -0.0028
   7495.95    0.0000   -0.0032   -0.0028
   7496.98    0.0000   -0.0032   -0.0028
   7498.02    0.0000   -0.0033   -0.0029
   7499.05    0.0000   -0.0033   -0.0029
   7500.08    0.0000   -0.0033   -0.0029
   7501.11    0.0000   -0.0033   -0.0029
   7502.15    0.0000   -0.0033   -0.0029
   7503.18    0.0000   -0.0033   -0.0029
   7504.21    0.0000   -0.0033   -0.0029
   7505.24    0.0000   -0.0033   -0.0030
   7506.28    0.0000   -0.0033   -0.0030
   7507.31    0.0000   -0.0033   -0.0030
   7508.34    0.0000   -0.0033   -0.0031
   7509.37    0.0000   -0.0033   -0.0031
   7510.41    0.0000   -0.0033   -0.0031
   7511.44    0.0000   -0.0033   -0.0032
   7512.47    0.0000   -0.0033   -0.0032
   7513.50    0.0000   -0.0033   -0.0032
   7514.54    0.0000   -0.0033   -0.0033
   7515.57    0.0000   -0.0034   -0.0033
   7516.60    0.0000   -0.0034   -0.0033
   7517.63    0.0000   -0.0034   -0.0033
   7518.67    0.0000   -0.0034   -0.0033
   7519.70    0.0000   -0.0034   -0.0033
   7520.73    0.0000   -0.0034   -0.0034
   7521.76    0.0000   -0.0034   -0.0034
   7522.80    0.0000   -0.0034   -0.0034
   7523.83    0.0000   -0.0034   -0.0034
   7524.86    0.0000   -0.0034   -0.0035
   7525.89    0.0000   -0.0034   -0.0035
   7526.93    0.0000   -0.0035   -0.0035
   7527.96    0.0000   -0.0035   -0.0036
   7528.99    0.0000   -0.0035   -0.0036
   7530.02    0.0000   -0.0035   -0.0037
   7531.06    0.0000   -0.0036   -0.0037
   7532.09    0.0000   -0.0036   -0.0037
   7533.12    0.0000   -0.0036   -0.0038
   7534.15    0.0000   -0.0037   -0.0038
   7535.19    0.0000   -0.0037   -0.0038
   7536.22    0.0000   -0.0037   -0.0039
   7537.25    0.0000   -0.0038   -0.0039
   7538.28    0.0000   -0.0038   -0.0039
   7539.32    0.0000   -0.0039   -0.0040
   7540.35    0.0000   -0.0039   -0.0040
   7541.38    0.0000   -0.0040   -0.0040
   7542.41    0.0000   -0.0040   -0.0041
   7543.45    0.0000   -0.0040   -0.0041
   7544.48    0.0000   -0.0041   -0.0042
   7545.51    0.0000   -0.0041   -0.0042
   7546.54    0.0000   -0.0042   -0.0043
   7547.58    0.0000   -0.0042   -0.0043
   7548.61    0.0000   -0.0043   -0.0044
   7549.64    0.0000   -0.0044   -0.0044
   7550.67    0.0000   -0.0044   -0.0045
   7551.71    0.0000   -0.0045   -0.0046
   7552.74    0.0000   -0.0046   -0.0046
   7553.77    0.0000   -0.0047   -0.0047
   7554.80    0.0000   -0.0048   -0.0047
   7555.84    0.0000   -0.0048   -0.0048
   7556.87    0.0000   -0.0049   -0.0048
   7557.90    0.0000   -0.0050   -0.0049
   7558.93    0.0001   -0.0051   -0.0049
   7559.97    0.0001   -0.0052   -0.0050
   7561.00    0.0001   -0.0053   -0.0051
   7562.03    0.0001   -0.0055   -0.0051
   7563.06    0.0001   -0.0056   -0.0052
   7564.10    0.0001   -0.0057   -0.0052
   7565.13    0.0001   -0.0058   -0.0053
   7566.16    0.0001   -0.0059   -0.0054
   7567.19    0.0001   -0.0060   -0.0054
   7568.23    0.0001   -0.0061   -0.0055
   7569.26    0.0001   -0.0063   -0.0056
   7570.29    0.0001   -0.0064   -0.0056
   7571.32    0.0001   -0.0065   -0.0057
   7572.36    0.0001   -0.0067   -0.0058
   7573.39    0.0001   -0.0068   -0.0058
   7574.42    0.0001   -0.0069   -0.0059
   7575.45    0.0001   -0.0071   -0.0060
   7576.49    0.0001   -0.0072   -0.0061
   7577.52    0.0001   -0.0074   -0.0062
   7578.55    0.0001   -0.0076   -0.0062
   7579.58    0.0001   -0.0077   -0.0063
   7580.62    0.0001   -0.0079   -0.0064
   7581.65    0.0001   -0.0081   -0.0065
   7582.68    0.0001   -0.0083   -0.0065
   7583.71    0.0001   -0.0085   -0.0066
   7584.75    0.0001   -0.0087   -0.0067
   7585.78    0.0001   -0.0088   -0.0068
   7586.81    0.0001   -0.0090   -0.0069
   7587.84    0.0001   -0.0092   -0.0069
   7588.88    0.0001   -0.0094   -0.0070
   7589.91    0.0001   -0.0096   -0.0071
   7590.94    0.0001   -0.0098   -0.0072
   7591.97    0.0002   -0.0100   -0.0072
   7593.01    0.0002   -0.0103   -0.0073
   7594.04    0.0002   -0.0105   -0.0074
   7595.07    0.0002   -0.0107   -0.0075
   7596.10    0.0002   -0.0109   -0.0076
   7597.14    0.0002   -0.0111   -0.0076
   7598.17    0.0002   -0.0113   -0.0077
   7599.20    0.0002   -0.0116   -0.0078
   7600.23    0.0002   -0.0118   -0.0079
   7601.27    0.0002   -0.0120   -0.0080
   7602.30    0.0002   -0.0122   -0.0080
   7603.33    0.0002   -0.0125   -0.0081
   7604.36    0.0002   -0.0127   -0.0082
   7605.40    0.0002   -0.0129   -0.0083
   7606.43    0.0002   -0.0132   -0.0084
   7607.46    0.0003   -0.0134   -0.0084
   7608.49    0.0003   -0.0137   -0.0085
   7609.53    0.0003   -0.0139   -0.0086
   7610.56    0.0003   -0.0142   -0.0087
   7611.59    0.0003   -0.0144   -0.0088
   7612.62    0.0003   -0.0147   -0.0088
   7613.66    0.0003   -0.0149   -0.0089
   7614.69    0.0003   -0.0152   -0.0090
   7615.72    0.0003   -0.0154   -0.0091
   7616.75    0.0003   -0.0157   -0.0091
   7617.79    0.0003   -0.0159   -0.0092
   7618.82    0.0003   -0.0162   -0.0093
   7619.85    0.0004   -0.0164   -0.0093
   7620.88    0.0004   -0.0167   -0.0094
   7621.92    0.0004   -0.0169   -0.0095
   7622.95    0.0004   -0.0172   -0.0095
   7623.98    0.0004   -0.0174   -0.0096
   7625.01    0.0004   -0.0176   -0.0097
   7626.05    0.0004   -0.0179   -0.0097
   7627.08    0.0004   -0.0181   -0.0098
   7628.11    0.0004   -0.0184   -0.0098
   7629.14    0.0004   -0.0186   -0.0099
   7630.18    0.0005   -0.0188   -0.0099
   7631.21    0.0005   -0.0190   -0.0100
   7632.24    0.0005   -0.0193   -0.0101
   7633.27    0.0005   -0.0195   -0.0101
   7634.31    0.0005   -0.0197   -0.0102
   7635.34    0.0005   -0.0199   -0.0102
   7636.37    0.0005   -0.0202   -0.0103
   7637.40    0.0005   -0.0204   -0.0103
   7638.44    0.0005   -0.0206   -0.0104
   7639.47    0.0005   -0.0208   -0.0104
   7640.50    0.0006   -0.0210   -0.0105
   7641.53    0.0006   -0.0212   -0.0105
   7642.57    0.0006   -0.0214   -0.0106
   7643.60    0.0006   -0.0216   -0.0106
   7644.63    0.0006   -0.0218   -0.0107
   7645.66    0.0006   -0.0220   -0.0107
   7646.70    0.0006   -0.0222   -0.0108
   7647.73    0.0006   -0.0224   -0.0108
   7648.76    0.0006   -0.0226   -0.0108
   7649.79    0.0006   -0.0227   -0.0109
   7650.83    0.0006   -0.0229   -0.0109
   7651.86    0.0007   -0.0231   -0.0109
   7652.89    0.0007   -0.0232   -0.0110
   7653.92    0.0007   -0.0234   -0.0110
   7654.96    0.0007   -0.0235   -0.0111
   7655.99    0.0007   -0.0237   -0.0111
   7657.02    0.0007   -0.0238   -0.0112
   7658.05    0.0007   -0.0240   -0.0112
   7659.09    0.0007   -0.0241   -0.0113
   7660.12    0.0007   -0.0243   -0.0113
   7661.15    0.0007   -0.0244   -0.0113
   7662.18    0.0007   -0.0245   -0.0114
   7663.22    0.0007   -0.0247   -0.0114
   7664.25    0.0007   -0.0248   -0.0114
   7665.28    0.0008   -0.0249   -0.0114
   7666.31    0.0008   -0.0250   -0.0115
   7667.35    0.0008   -0.0251   -0.0115
   7668.38    0.0008   -0.0253   -0.0115
   7669.41    0.0008   -0.0254   -0.0116
   7670.44    0.0008   -0.0255   -0.0116
   7671.48    0.0008   -0.0257   -0.0116
   7672.51    0.0008   -0.0258   -0.0117
   7673.54    0.0008   -0.0259   -0.0117
   7674.57    0.0008   -0.0260   -0.0117
   7675.61    0.0008   -0.0261   -0.0118
   7676.64    0.0008   -0.0262   -0.0118
   7677.67    0.0008   -0.0263   -0.0118
   7678.70    0.0008   -0.0264   -0.0119
   7679.74    0.0008   -0.0265   -0.0119
   7680.77    0.0008   -0.0265   -0.0119
   7681.80    0.0009   -0.0266   -0.0120
   7682.83    0.0009   -0.0267   -0.0120
   7683.87    0.0009   -0.0268   -0.0121
   7684.90    0.0009   -0.0269   -0.0121
   7685.93    0.0009   -0.0270   -0.0121
   7686.96    0.0009   -0.0271   -0.0122
   7688.00    0.0009   -0.0272   -0.0122
   7689.03    0.0009   -0.0273   -0.0123
   7690.06    0.0009   -0.0273   -0.0123
   7691.09    0.0009   -0.0274   -0.0124
   7692.13    0.0009   -0.0275   -0.0124
   7693.16    0.0009   -0.0275   -0.0124
   7694.19    0.0009   -0.0276   -0.0125
   7695.22    0.0009   -0.0276   -0.0125
   7696.26    0.0009   -0.0277   -0.0125
   7697.29    0.0009   -0.0277   -0.0126
   7698.32    0.0009   -0.0277   -0.0126
   7699.35    0.0009   -0.0278   -0.0127
   7700.39    0.0009   -0.0278   -0.0127
   7701.42    0.0009   -0.0279   -0.0128
   7702.45    0.0009   -0.0280   -0.0128
   7703.48    0.0010   -0.0280   -0.0129
   7704.52    0.0010   -0.0281   -0.0129
   7705.55    0.0010   -0.0281   -0.0130
   7706.58    0.0010   -0.0282   -0.0130
   7707.61    0.0010   -0.0283   -0.0131
   7708.65    0.0010   -0.0284   -0.0132
   7709.68    0.0010   -0.0284   -0.0132
   7710.71    0.0010   -0.0285   -0.0133
   7711.74    0.0010   -0.0286   -0.0133
   7712.78    0.0010   -0.0286   -0.0133
   7713.81    0.0010   -0.0287   -0.0134
   7714.84    0.0010   -0.0288   -0.0134
   7715.87    0.0010   -0.0288   -0.0135
   7716.91    0.0010   -0.0289   -0.0135
   7717.94    0.0010   -0.0289   -0.0135
   7718.97    0.0010   -0.0290   -0.0136
   7720.00    0.0010   -0.0290   -0.0136
   7721.04    0.0010   -0.0291   -0.0136
   7722.07    0.0010   -0.0291   -0.0137
   7723.10    0.0010   -0.0292   -0.0137
   7724.13    0.0010   -0.0292   -0.0137
   7725.17    0.0010   -0.0293   -0.0138
   7726.20    0.0010   -0.0293   -0.0138
   7727.23    0.0011   -0.0293   -0.0138
   7728.26    0.0011   -0.0294   -0.0138
   7729.30    0.0011   -0.0294   -0.0139
   7730.33    0.0011   -0.0295   -0.0139
   7731.36    0.0011   -0.0295   -0.0140
   7732.39    0.0011   -0.0296   -0.0140
   7733.43    0.0011   -0.0297   -0.0140
   7734.46    0.0011   -0.0297   -0.0140
   7735.49    0.0011   -0.0298   -0.0141
   7736.52    0.0011   -0.0298   -0.0141
   7737.56    0.0011   -0.0299   -0.0141
   7738.59    0.0011   -0.0300   -0.0142
   7739.62    0.0011   -0.0300   -0.0142
   7740.65    0.0011   -0.0301   -0.0142
   7741.69    0.0011   -0.0302   -0.0142
   7742.72    0.0011   -0.0303   -0.0142
   7743.75    0.0011   -0.0304   -0.0142
   7744.78    0.0011   -0.0304   -0.0142
   7745.82    0.0011   -0.0305   -0.0142
   7746.85    0.0011   -0.0306   -0.0142
   7747.88    0.0011   -0.0307   -0.0142
   7748.91    0.0011   -0.0308   -0.0142
   7749.95    0.0012   -0.0309   -0.0142
   7750.98    0.0012   -0.0309   -0.0142
   7752.01    0.0012   -0.0310   -0.0142
   7753.04    0.0012   -0.0311   -0.0142
   7754.08    0.0012   -0.0312   -0.0141
   7755.11    0.0012   -0.0313   -0.0141
   7756.14    0.0012   -0.0313   -0.0141
   7757.17    0.0012   -0.0314   -0.0141
   7758.21    0.0012   -0.0315   -0.0140
   7759.24    0.0012   -0.0316   -0.0140
   7760.27    0.0012   -0.0316   -0.0140
   7761.30    0.0012   -0.0317   -0.0139
   7762.34    0.0012   -0.0318   -0.0139
   7763.37    0.0012   -0.0318   -0.0138
   7764.40    0.0012   -0.0319   -0.0138
   7765.43    0.0012   -0.0319   -0.0138
   7766.47    0.0012   -0.0320   -0.0137
   7767.50    0.0012   -0.0321   -0.0137
   7768.53    0.0012   -0.0321   -0.0136
   7769.56    0.0012   -0.0322   -0.0136
   7770.60    0.0012   -0.0322   -0.0135
   7771.63    0.0012   -0.0323   -0.0134
   7772.66    0.0012   -0.0323   -0.0134
   7773.69    0.0012   -0.0324   -0.0133
   7774.73    0.0012   -0.0324   -0.0133
   7775.76    0.0012   -0.0325   -0.0132
   7776.79    0.0012   -0.0326   -0.0131
   7777.82    0.0012   -0.0326   -0.0130
   7778.86    0.0012   -0.0327   -0.0130
   7779.89    0.0012   -0.0327   -0.0129
   7780.92    0.0012   -0.0328   -0.0128
   7781.95    0.0012   -0.0329   -0.0127
   7782.99    0.0012   -0.0329   -0.0126
   7784.02    0.0012   -0.0330   -0.0125
   7785.05    0.0012   -0.0331   -0.0124
   7786.08    0.0013   -0.0333   -0.0121
   7787.12    0.0013   -0.0336   -0.0119
   7788.15    0.0013   -0.0339   -0.0116
   7789.18    0.0013   -0.0343   -0.0114
   7790.21    0.0013   -0.0348   -0.0111
   7791.25    0.0014   -0.0352   -0.0109
   7792.28    0.0014   -0.0356   -0.0108
   7793.31    0.0014   -0.0358   -0.0107
   7794.34    0.0014   -0.0361   -0.0106
   7795.38    0.0014   -0.0362   -0.0105
   7796.41    0.0014   -0.0364   -0.0105
   7797.44    0.0014   -0.0365   -0.0103
   7798.47    0.0014   -0.0367   -0.0102
   7799.51    0.0015   -0.0369   -0.0100
   7800.54    0.0015   -0.0372   -0.0098
   7801.57    0.0015   -0.0375   -0.0096
   7802.60    0.0015   -0.0379   -0.0093
   7803.64    0.0016   -0.0383   -0.0090
   7804.67    0.0016   -0.0388   -0.0088
   7805.70    0.0016   -0.0393   -0.0085
   7806.73    0.0016   -0.0397   -0.0083
   7807.77    0.0017   -0.0401   -0.0081
   7808.80    0.0017   -0.0404   -0.0079
   7809.83    0.0017   -0.0407   -0.0078
   7810.86    0.0017   -0.0409   -0.0076
   7811.90    0.0017   -0.0411   -0.0075
   7812.93    0.0018   -0.0413   -0.0074
   7813.96    0.0018   -0.0415   -0.0072
   7814.99    0.0018   -0.0418   -0.0069
   7816.03    0.0018   -0.0421   -0.0066
   7817.06    0.0018   -0.0424   -0.0062
   7818.09    0.0019   -0.0427   -0.0059
   7819.12    0.0019   -0.0429   -0.0057
   7820.16    0.0019   -0.0430   -0.0055
   7821.19    0.0019   -0.0431   -0.0054
   7822.22    0.0019   -0.0432   -0.0052
   7823.25    0.0019   -0.0433   -0.0050
   7824.29    0.0019   -0.0434   -0.0048
   7825.32    0.0019   -0.0436   -0.0045
   7826.35    0.0019   -0.0439   -0.0042
   7827.38    0.0020   -0.0441   -0.0039
   7828.42    0.0020   -0.0443   -0.0036
   7829.45    0.0020   -0.0444   -0.0034
   7830.48    0.0020   -0.0444   -0.0032
   7831.51    0.0020   -0.0444   -0.0031
   7832.55    0.0020   -0.0444   -0.0030
   7833.58    0.0020   -0.0444   -0.0028
   7834.61    0.0020   -0.0445   -0.0026
   7835.64    0.0020   -0.0446   -0.0024
   7836.68    0.0020   -0.0448   -0.0021
   7837.71    0.0020   -0.0451   -0.0019
   7838.74    0.0021   -0.0452   -0.0017
   7839.77    0.0021   -0.0454   -0.0015
   7840.81    0.0021   -0.0455   -0.0013
   7841.84    0.0021   -0.0455   -0.0012
   7842.87    0.0021   -0.0455   -0.0011
   7843.90    0.0021   -0.0454   -0.0010
   7844.94    0.0021   -0.0454   -0.0009
   7845.97    0.0021   -0.0455   -0.0007
   7847.00    0.0021   -0.0456   -0.0006
   7848.03    0.0021   -0.0458   -0.0004
   7849.07    0.0021   -0.0460   -0.0003
   7850.10    0.0021   -0.0463   -0.0001
   7851.13    0.0022   -0.0465    0.0001
   7852.16    0.0022   -0.0466    0.0002
   7853.20    0.0022   -0.0467    0.0003
   7854.23    0.0022   -0.0468    0.0004
   7855.26    0.0022   -0.0467    0.0005
   7856.29    0.0022   -0.0467    0.0006
   7857.33    0.0022   -0.0466    0.0007
   7858.36    0.0022   -0.0466    0.0008
   7859.39    0.0022   -0.0467    0.0010
   7860.42    0.0022   -0.0468    0.0011
   7861.46    0.0022   -0.0470    0.0012
   7862.49    0.0022   -0.0471    0.0014
   7863.52    0.0022   -0.0473    0.0015
   7864.55    0.0023   -0.0475    0.0017
   7865.59    0.0023   -0.0476    0.0018
   7866.62    0.0023   -0.0476    0.0019
   7867.65    0.0023   -0.0475    0.0021
   7868.68    0.0023   -0.0474    0.0022
   7869.72    0.0022   -0.0473    0.0024
   7870.75    0.0022   -0.0471    0.0025
   7871.78    0.0022   -0.0470    0.0026
   7872.81    0.0022   -0.0469    0.0028
   7873.85    0.0022   -0.0468    0.0029
   7874.88    0.0022   -0.0468    0.0030
   7875.91    0.0022   -0.0469    0.0031
   7876.94    0.0022   -0.0469    0.0032
   7877.98    0.0022   -0.0470    0.0032
   7879.01    0.0022   -0.0471    0.0033
   7880.04    0.0022   -0.0471    0.0034
   7881.07    0.0022   -0.0470    0.0034
   7882.11    0.0022   -0.0469    0.0035
   7883.14    0.0022   -0.0468    0.0036
   7884.17    0.0022   -0.0466    0.0037
   7885.20    0.0022   -0.0464    0.0038
   7886.24    0.0022   -0.0463    0.0038
   7887.27    0.0021   -0.0461    0.0039
   7888.30    0.0021   -0.0460    0.0039
   7889.33    0.0021   -0.0460    0.0039
   7890.37    0.0021   -0.0460    0.0039
   7891.40    0.0021   -0.0461    0.0039
   7892.43    0.0021   -0.0461    0.0037
   7893.46    0.0021   -0.0462    0.0036
   7894.50    0.0021   -0.0462    0.0035
   7895.53    0.0021   -0.0461    0.0034
   7896.56    0.0021   -0.0460    0.0035
   7897.59    0.0021   -0.0459    0.0035
   7898.63    0.0021   -0.0459    0.0036
   7899.66    0.0021   -0.0459    0.0037
   7900.69    0.0021   -0.0459    0.0037
   7901.72    0.0021   -0.0460    0.0037
   7902.76    0.0021   -0.0461    0.0036
   7903.79    0.0021   -0.0461    0.0034
   7904.82    0.0021   -0.0461    0.0033
   7905.85    0.0021   -0.0460    0.0033
   7906.89    0.0021   -0.0459    0.0033
   7907.92    0.0021   -0.0458    0.0034
   7908.95    0.0021   -0.0458    0.0035
   7909.98    0.0021   -0.0457    0.0037
   7911.02    0.0021   -0.0457    0.0038
   7912.05    0.0021   -0.0457    0.0038
   7913.08    0.0021   -0.0458    0.0038
   7914.11    0.0021   -0.0458    0.0037
   7915.15    0.0021   -0.0457    0.0036
   7916.18    0.0021   -0.0457    0.0036
   7917.21    0.0021   -0.0456    0.0035
   7918.24    0.0021   -0.0455    0.0035
   7919.28    0.0021   -0.0454    0.0036
   7920.31    0.0021   -0.0453    0.0037
   7921.34    0.0021   -0.0453    0.0038
   7922.37    0.0021   -0.0453    0.0039
   7923.41    0.0021   -0.0454    0.0039
   7924.44    0.0021   -0.0454    0.0038
   7925.47    0.0021   -0.0455    0.0037
   7926.50    0.0021   -0.0455    0.0035
   7927.54    0.0021   -0.0455    0.0034
   7928.57    0.0021   -0.0454    0.0032
   7929.60    0.0021   -0.0454    0.0031
   7930.63    0.0021   -0.0454    0.0031
   7931.67    0.0021   -0.0454    0.0031
   7932.70    0.0021   -0.0454    0.0032
   7933.73    0.0021   -0.0454    0.0032
   7934.76    0.0021   -0.0455    0.0033
   7935.80    0.0021   -0.0456    0.0033
   7936.83    0.0021   -0.0457    0.0032
   7937.86    0.0021   -0.0458    0.0031
   7938.89    0.0021   -0.0458    0.0030
   7939.93    0.0021   -0.0458    0.0029
   7940.96    0.0021   -0.0458    0.0029
   7941.99    0.0021   -0.0458    0.0029
   7943.02    0.0021   -0.0458    0.0029
   7944.06    0.0021   -0.0458    0.0030
   7945.09    0.0021   -0.0458    0.0031
   7946.12    0.0021   -0.0459    0.0033
   7947.15    0.0021   -0.0459    0.0034
   7948.19    0.0021   -0.0460    0.0035
   7949.22    0.0021   -0.0461    0.0035
   7950.25    0.0021   -0.0462    0.0035
   7951.28    0.0022   -0.0463    0.0034
   7952.32    0.0022   -0.0463    0.0033
   7953.35    0.0022   -0.0463    0.0032
   7954.38    0.0022   -0.0463    0.0031
   7955.41    0.0022   -0.0463    0.0031
   7956.45    0.0022   -0.0463    0.0031
   7957.48    0.0022   -0.0464    0.0032
   7958.51    0.0022   -0.0465    0.0032
   7959.54    0.0022   -0.0467    0.0033
   7960.58    0.0022   -0.0468    0.0034
   7961.61    0.0022   -0.0470    0.0035
   7962.64    0.0022   -0.0471    0.0035
   7963.67    0.0022   -0.0472    0.0035
   7964.71    0.0022   -0.0473    0.0034
   7965.74    0.0023   -0.0473    0.0034
   7966.77    0.0023   -0.0474    0.0035
   7967.80    0.0023   -0.0474    0.0035
   7968.84    0.0023   -0.0475    0.0037
   7969.87    0.0023   -0.0475    0.0038
   7970.90    0.0023   -0.0477    0.0040
   7971.93    0.0023   -0.0478    0.0042
   7972.97    0.0023   -0.0480    0.0043
   7974.00    0.0023   -0.0481    0.0045
   7975.03    0.0024   -0.0483    0.0045
   7976.06    0.0024   -0.0484    0.0046
   7977.10    0.0024   -0.0485    0.0046
   7978.13    0.0024   -0.0486    0.0045
   7979.16    0.0024   -0.0486    0.0045
   7980.19    0.0024   -0.0487    0.0046
   7981.23    0.0024   -0.0487    0.0047
   7982.26    0.0024   -0.0488    0.0048
   7983.29    0.0024   -0.0490    0.0050
   7984.32    0.0024   -0.0492    0.0052
   7985.36    0.0025   -0.0494    0.0054
   7986.39    0.0025   -0.0496    0.0056
   7987.42    0.0025   -0.0497    0.0058
   7988.45    0.0025   -0.0499    0.0060
   7989.49    0.0025   -0.0500    0.0061
   7990.52    0.0025   -0.0501    0.0062
   7991.55    0.0026   -0.0502    0.0063
   7992.58    0.0026   -0.0502    0.0065
   7993.62    0.0026   -0.0503    0.0066
   7994.65    0.0026   -0.0504    0.0068
   7995.68    0.0026   -0.0505    0.0069
   7996.71    0.0026   -0.0506    0.0071
   7997.75    0.0026   -0.0508    0.0073
   7998.78    0.0027   -0.0510    0.0075
   7999.81    0.0027   -0.0511    0.0077
   8000.84    0.0027   -0.0513    0.0079
   8001.88    0.0027   -0.0514    0.0080
   8002.91    0.0027   -0.0514    0.0082
   8003.94    0.0027   -0.0515    0.0084
   8004.97    0.0027   -0.0515    0.0086
   8006.01    0.0027   -0.0516    0.0088
   8007.04    0.0028   -0.0517    0.0091
   8008.07    0.0028   -0.0518    0.0093
   8009.10    0.0028   -0.0519    0.0096
   8010.14    0.0028   -0.0520    0.0098
   8011.17    0.0028   -0.0521    0.0100
   8012.20    0.0028   -0.0523    0.0102
   8013.23    0.0028   -0.0523    0.0104
   8014.27    0.0029   -0.0524    0.0106
   8015.30    0.0029   -0.0524    0.0108
   8016.33    0.0029   -0.0524    0.0110
   8017.36    0.0029   -0.0524    0.0113
   8018.40    0.0029   -0.0525    0.0116
   8019.43    0.0029   -0.0525    0.0118
   8020.46    0.0029   -0.0526    0.0120
   8021.49    0.0029   -0.0527    0.0123
   8022.53    0.0029   -0.0528    0.0125
   8023.56    0.0030   -0.0528    0.0127
   8024.59    0.0030   -0.0529    0.0130
   8025.62    0.0030   -0.0529    0.0132
   8026.66    0.0030   -0.0529    0.0135
   8027.69    0.0030   -0.0530    0.0137
   8028.72    0.0030   -0.0530    0.0139
   8029.75    0.0030   -0.0529    0.0142
   8030.79    0.0030   -0.0529    0.0144
   8031.82    0.0030   -0.0529    0.0146
   8032.85    0.0030   -0.0528    0.0148
   8033.88    0.0030   -0.0527    0.0151
   8034.92    0.0030   -0.0526    0.0153
   8035.95    0.0030   -0.0525    0.0155
   8036.98    0.0030   -0.0524    0.0157
   8038.01    0.0030   -0.0523    0.0159
   8039.05    0.0030   -0.0522    0.0162
   8040.08    0.0030   -0.0521    0.0164
   8041.11    0.0030   -0.0519    0.0166
   8042.14    0.0030   -0.0518    0.0168
   8043.18    0.0030   -0.0516    0.0169
   8044.21    0.0029   -0.0515    0.0171
   8045.24    0.0029   -0.0513    0.0173
   8046.27    0.0029   -0.0512    0.0175
   8047.31    0.0029   -0.0510    0.0177
   8048.34    0.0029   -0.0508    0.0178
   8049.37    0.0029   -0.0507    0.0180
   8050.40    0.0029   -0.0505    0.0181
   8051.44    0.0029   -0.0504    0.0183
   8052.47    0.0029   -0.0502    0.0184
   8053.50    0.0028   -0.0500    0.0186
   8054.53    0.0028   -0.0499    0.0187
   8055.57    0.0028   -0.0497    0.0188
   8056.60    0.0028   -0.0496    0.0189
   8057.63    0.0028   -0.0494    0.0190
   8058.66    0.0028   -0.0493    0.0192
   8059.70    0.0028   -0.0491    0.0193
   8060.73    0.0028   -0.0490    0.0194
   8061.76    0.0028   -0.0488    0.0195
   8062.79    0.0028   -0.0487    0.0196
   8063.83    0.0027   -0.0485    0.0197
   8064.86    0.0027   -0.0484    0.0198
   8065.89    0.0027   -0.0483    0.0198
   8066.92    0.0027   -0.0481    0.0199
   8067.96    0.0027   -0.0480    0.0200
   8068.99    0.0027   -0.0478    0.0201
   8070.02    0.0027   -0.0476    0.0202
   8071.05    0.0027   -0.0475    0.0202
   8072.09    0.0027   -0.0473    0.0203
   8073.12    0.0026   -0.0472    0.0204
   8074.15    0.0026   -0.0470    0.0204
   8075.18    0.0026   -0.0468    0.0205
   8076.22    0.0026   -0.0466    0.0205
   8077.25    0.0026   -0.0464    0.0206
   8078.28    0.0026   -0.0462    0.0206
   8079.31    0.0025   -0.0460    0.0206
   8080.35    0.0025   -0.0458    0.0206
   8081.38    0.0025   -0.0455    0.0206
   8082.41    0.0025   -0.0454    0.0206
   8083.44    0.0025   -0.0452    0.0206
   8084.48    0.0025   -0.0451    0.0205
   8085.51    0.0024   -0.0450    0.0205
   8086.54    0.0024   -0.0449    0.0204
   8087.57    0.0024   -0.0448    0.0204
   8088.61    0.0024   -0.0446    0.0203
   8089.64    0.0024   -0.0445    0.0203
   8090.67    0.0024   -0.0443    0.0203
   8091.70    0.0024   -0.0442    0.0202
   8092.74    0.0023   -0.0440    0.0202
   8093.77    0.0023   -0.0437    0.0202
   8094.80    0.0023   -0.0435    0.0201
   8095.83    0.0023   -0.0433    0.0201
   8096.87    0.0023   -0.0431    0.0201
   8097.90    0.0022   -0.0428    0.0200
   8098.93    0.0022   -0.0426    0.0200
   8099.96    0.0022   -0.0424    0.0199
   8101.00    0.0022   -0.0422    0.0199
   8102.03    0.0022   -0.0421    0.0198
   8103.06    0.0021   -0.0419    0.0198
   8104.09    0.0021   -0.0417    0.0197
   8105.13    0.0021   -0.0416    0.0196
   8106.16    0.0021   -0.0414    0.0196
   8107.19    0.0021   -0.0412    0.0195
   8108.22    0.0021   -0.0411    0.0195
   8109.26    0.0021   -0.0409    0.0194
   8110.29    0.0020   -0.0408    0.0194
   8111.32    0.0020   -0.0406    0.0193
   8112.35    0.0020   -0.0405    0.0193
   8113.39    0.0020   -0.0403    0.0193
   8114.42    0.0020   -0.0401    0.0193
   8115.45    0.0020   -0.0399    0.0193
   8116.48    0.0019   -0.0397    0.0193
   8117.52    0.0019   -0.0395    0.0193
   8118.55    0.0019   -0.0393    0.0193
   8119.58    0.0019   -0.0391    0.0193
   8120.61    0.0019   -0.0389    0.0193
   8121.65    0.0019   -0.0387    0.0193
   8122.68    0.0019   -0.0385    0.0194
   8123.71    0.0018   -0.0383    0.0194
   8124.74    0.0018   -0.0381    0.0194
   8125.78    0.0018   -0.0379    0.0194
   8126.81    0.0018   -0.0377    0.0194
   8127.84    0.0018   -0.0375    0.0194
   8128.87    0.0018   -0.0373    0.0194
   8129.91    0.0017   -0.0371    0.0193
   8130.94    0.0017   -0.0369    0.0194
   8131.97    0.0017   -0.0368    0.0194
   8133.00    0.0017   -0.0368    0.0195
   8134.04    0.0017   -0.0367    0.0195
   8135.07    0.0017   -0.0366    0.0195
   8136.10    0.0017   -0.0365    0.0196
   8137.13    0.0017   -0.0363    0.0196
   8138.17    0.0017   -0.0361    0.0196
   8139.20    0.0017   -0.0360    0.0196
   8140.23    0.0017   -0.0359    0.0196
   8141.26    0.0017   -0.0358    0.0197
   8142.30    0.0017   -0.0358    0.0197
   8143.33    0.0017   -0.0359    0.0198
   8144.36    0.0017   -0.0358    0.0199
   8145.39    0.0017   -0.0358    0.0199
   8146.43    0.0017   -0.0357    0.0200
   8147.46    0.0017   -0.0355    0.0201
   8148.49    0.0017   -0.0353    0.0203
   8149.52    0.0016   -0.0351    0.0204
   8150.56    0.0016   -0.0350    0.0205
   8151.59    0.0016   -0.0349    0.0206
   8152.62    0.0016   -0.0348    0.0207
   8153.65    0.0016   -0.0348    0.0207
   8154.69    0.0016   -0.0347    0.0208
   8155.72    0.0016   -0.0347    0.0208
   8156.75    0.0016   -0.0346    0.0209
   8157.78    0.0016   -0.0345    0.0209
   8158.82    0.0016   -0.0344    0.0210
   8159.85    0.0016   -0.0342    0.0210
   8160.88    0.0016   -0.0340    0.0211
   8161.91    0.0016   -0.0339    0.0212
   8162.95    0.0016   -0.0338    0.0213
   8163.98    0.0016   -0.0337    0.0213
   8165.01    0.0016   -0.0337    0.0214
   8166.04    0.0016   -0.0337    0.0215
   8167.08    0.0016   -0.0338    0.0215
   8168.11    0.0016   -0.0338    0.0216
   8169.14    0.0016   -0.0338    0.0217
   8170.17    0.0016   -0.0337    0.0218
   8171.21    0.0016   -0.0337    0.0219
   8172.24    0.0016   -0.0336    0.0220
   8173.27    0.0016   -0.0334    0.0222
   8174.30    0.0016   -0.0333    0.0224
   8175.34    0.0016   -0.0331    0.0225
   8176.37    0.0016   -0.0330    0.0227
   8177.40    0.0016   -0.0329    0.0229
   8178.43    0.0016   -0.0328    0.0230
   8179.47    0.0016   -0.0327    0.0232
   8180.50    0.0016   -0.0327    0.0233
   8181.53    0.0016   -0.0326    0.0234
   8182.56    0.0016   -0.0326    0.0235
   8183.60    0.0016   -0.0325    0.0236
   8184.63    0.0016   -0.0324    0.0237
   8185.66    0.0016   -0.0323    0.0239
   8186.69    0.0016   -0.0321    0.0240
   8187.73    0.0016   -0.0320    0.0241
   8188.76    0.0016   -0.0319    0.0242
   8189.79    0.0016   -0.0317    0.0243
   8190.82    0.0016   -0.0317    0.0243
   8191.86    0.0016   -0.0316    0.0244
   8192.89    0.0016   -0.0316    0.0244
   8193.92    0.0016   -0.0315    0.0245
   8194.95    0.0016   -0.0315    0.0245
   8195.99    0.0016   -0.0314    0.0246
   8197.02    0.0016   -0.0313    0.0247
   8198.05    0.0016   -0.0312    0.0248
   8199.08    0.0016   -0.0311    0.0250
   8200.12    0.0016   -0.0310    0.0251
   8201.15    0.0016   -0.0310    0.0252
   8202.18    0.0016   -0.0309    0.0253
   8203.21    0.0016   -0.0309    0.0254
   8204.25    0.0016   -0.0308    0.0255
   8205.28    0.0016   -0.0308    0.0256
   8206.31    0.0016   -0.0308    0.0257
   8207.34    0.0016   -0.0308    0.0258
   8208.38    0.0016   -0.0308    0.0259
   8209.41    0.0016   -0.0308    0.0260
   8210.44    0.0016   -0.0308    0.0261
   8211.47    0.0016   -0.0308    0.0263
   8212.51    0.0016   -0.0308    0.0264
   8213.54    0.0017   -0.0307    0.0266
   8214.57    0.0017   -0.0307    0.0268
   8215.60    0.0017   -0.0306    0.0270
   8216.64    0.0017   -0.0306    0.0271
   8217.67    0.0017   -0.0306    0.0273
   8218.70    0.0017   -0.0305    0.0274
   8219.73    0.0017   -0.0305    0.0275
   8220.77    0.0017   -0.0305    0.0276
   8221.80    0.0017   -0.0304    0.0277
   8222.83    0.0017   -0.0304    0.0277
   8223.86    0.0017   -0.0303    0.0278
   8224.90    0.0017   -0.0303    0.0279
   8225.93    0.0017   -0.0302    0.0280
   8226.96    0.0017   -0.0302    0.0281
   8227.99    0.0017   -0.0301    0.0282
   8229.03    0.0017   -0.0300    0.0283
   8230.06    0.0017   -0.0300    0.0285
   8231.09    0.0017   -0.0299    0.0286
   8232.12    0.0017   -0.0298    0.0287
   8233.16    0.0017   -0.0297    0.0289
   8234.19    0.0017   -0.0296    0.0290
   8235.22    0.0017   -0.0295    0.0291
   8236.25    0.0017   -0.0294    0.0292
   8237.29    0.0017   -0.0293    0.0293
   8238.32    0.0017   -0.0292    0.0294
   8239.35    0.0017   -0.0291    0.0295
   8240.38    0.0017   -0.0290    0.0295
   8241.42    0.0017   -0.0288    0.0296
   8242.45    0.0017   -0.0287    0.0296
   8243.48    0.0017   -0.0286    0.0296
   8244.51    0.0017   -0.0285    0.0297
   8245.55    0.0017   -0.0284    0.0297
   8246.58    0.0017   -0.0283    0.0297
   8247.61    0.0017   -0.0282    0.0297
   8248.64    0.0017   -0.0281    0.0298
   8249.68    0.0017   -0.0280    0.0298
   8250.71    0.0017   -0.0279    0.0298
   8251.74    0.0017   -0.0278    0.0299
   8252.77    0.0017   -0.0277    0.0299
   8253.81    0.0017   -0.0277    0.0299
   8254.84    0.0017   -0.0276    0.0300
   8255.87    0.0017   -0.0275    0.0301
   8256.90    0.0017   -0.0275    0.0301
   8257.94    0.0017   -0.0275    0.0302
   8258.97    0.0017   -0.0274    0.0302
   8260.00    0.0017   -0.0274    0.0303
   8261.03    0.0017   -0.0274    0.0303
   8262.07    0.0017   -0.0273    0.0304
   8263.10    0.0017   -0.0273    0.0304
   8264.13    0.0017   -0.0273    0.0304
   8265.16    0.0017   -0.0272    0.0305
   8266.20    0.0017   -0.0272    0.0305
   8267.23    0.0017   -0.0272    0.0305
   8268.26    0.0017   -0.0271    0.0305
   8269.29    0.0017   -0.0271    0.0305
   8270.33    0.0017   -0.0271    0.0304
   8271.36    0.0017   -0.0270    0.0304
   8272.39    0.0017   -0.0270    0.0304
   8273.42    0.0016   -0.0270    0.0304
   8274.46    0.0016   -0.0269    0.0303
   8275.49    0.0016   -0.0269    0.0303
   8276.52    0.0016   -0.0268    0.0302
   8277.55    0.0016   -0.0268    0.0302
   8278.59    0.0016   -0.0268    0.0301
   8279.62    0.0016   -0.0267    0.0301
   8280.65    0.0016   -0.0267    0.0300
   8281.68    0.0016   -0.0267    0.0300
   8282.72    0.0016   -0.0267    0.0300
   8283.75    0.0016   -0.0267    0.0299
   8284.78    0.0016   -0.0267    0.0299
   8285.81    0.0016   -0.0267    0.0299
   8286.85    0.0016   -0.0267    0.0298
   8287.88    0.0016   -0.0267    0.0298
   8288.91    0.0016   -0.0267    0.0298
   8289.94    0.0016   -0.0267    0.0298
   8290.98    0.0016   -0.0267    0.0297
   8292.01    0.0016   -0.0268    0.0297
   8293.04    0.0016   -0.0268    0.0297
   8294.07    0.0016   -0.0268    0.0297
   8295.11    0.0016   -0.0269    0.0297
   8296.14    0.0016   -0.0269    0.0297
   8297.17    0.0016   -0.0270    0.0297
   8298.20    0.0016   -0.0270    0.0297
   8299.24    0.0016   -0.0271    0.0298
   8300.27    0.0016   -0.0271    0.0298
   8301.30    0.0016   -0.0272    0.0298
   8302.33    0.0016   -0.0272    0.0299
