     #Time      Norm      Real      Imag
   7287.39    0.0000    0.0005   -0.0002
   7288.42    0.0000    0.0014   -0.0007
   7289.45    0.0000    0.0024   -0.0012
   7290.48    0.0000    0.0034   -0.0017
   7291.52    0.0000    0.0043   -0.0023
   7292.55    0.0000    0.0052   -0.0028
   7293.58    0.0000    0.0062   -0.0033
   7294.61    0.0001    0.0071   -0.0038
   7295.65    0.0001    0.0080   -0.0044
   7296.68    0.0001    0.0089   -0.0049
   7297.71    0.0001    0.0099   -0.0055
   7298.74    0.0002    0.0108   -0.0060
   7299.78    0.0002    0.0117   -0.0066
   7300.81    0.0002    0.0125   -0.0072
   7301.84    0.0002    0.0134   -0.0078
   7302.87    0.0003    0.0143   -0.0084
   7303.91    0.0003    0.0152   -0.0090
   7304.94    0.0003    0.0160   -0.0096
   7305.97    0.0004    0.0169   -0.0102
   7307.00    0.0004    0.0177   -0.0108
   7308.04    0.0005    0.0186   -0.0115
   7309.07    0.0005    0.0194   -0.0121
   7310.10    0.0006    0.0203   -0.0128
   7311.13    0.0006    0.0211   -0.0134
   7312.17    0.0007    0.0219   -0.0141
   7313.20    0.0007    0.0227   -0.0148
   7314.23    0.0008    0.0235   -0.0155
   7315.26    0.0009    0.0243   -0.0162
   7316.30    0.0009    0.0251   -0.0169
   7317.33    0.0010    0.0259   -0.0176
   7318.36    0.0010    0.0266   -0.0184
   7319.39    0.0011    0.0274   -0.0191
   7320.43    0.0012    0.0281   -0.0199
   7321.46    0.0013    0.0289   -0.0206
   7322.49    0.0013    0.0296   -0.0214
   7323.52    0.0014    0.0304   -0.0222
   7324.56    0.0015    0.0311   -0.0230
   7325.59    0.0016    0.0318   -0.0238
   7326.62    0.0017    0.0325   -0.0246
   7327.65    0.0018    0.0332   -0.0254
   7328.69    0.0018    0.0339   -0.0263
   7329.72    0.0019    0.0346   -0.0271
   7330.75    0.0020    0.0353   -0.0280
   7331.78    0.0021    0.0360   -0.0288
   7332.82    0.0022    0.0367   -0.0297
   7333.85    0.0023    0.0373   -0.0306
   7334.88    0.0024    0.0380   -0.0315
   7335.91    0.0025    0.0387   -0.0324
   7336.95    0.0027    0.0393   -0.0333
   7337.98    0.0028    0.0400   -0.0342
   7339.01    0.0029    0.0406   -0.0351
   7340.04    0.0030    0.0413   -0.0360
   7341.08    0.0031    0.0419   -0.0370
   7342.11    0.0032    0.0425   -0.0379
   7343.14    0.0034    0.0431   -0.0389
   7344.17    0.0035    0.0438   -0.0398
   7345.21    0.0036    0.0444   -0.0408
   7346.24    0.0038    0.0450   -0.0417
   7347.27    0.0039    0.0456   -0.0427
   7348.30    0.0040    0.0462   -0.0437
   7349.34    0.0042    0.0468   -0.0447
   7350.37    0.0043    0.0474   -0.0457
   7351.40    0.0045    0.0480   -0.0466
   7352.43    0.0046    0.0486   -0.0476
   7353.47    0.0048    0.0492   -0.0486
   7354.50    0.0049    0.0498   -0.0496
   7355.53    0.0051    0.0504   -0.0506
   7356.56    0.0053    0.0510   -0.0516
   7357.60    0.0054    0.0516   -0.0526
   7358.63    0.0056    0.0522   -0.0536
   7359.66    0.0058    0.0528   -0.0546
   7360.69    0.0059    0.0534   -0.0556
   7361.73    0.0061    0.0540   -0.0566
   7362.76    0.0063    0.0546   -0.0576
   7363.79    0.0065    0.0552   -0.0586
   7364.82    0.0067    0.0558   -0.0596
   7365.86    0.0068    0.0564   -0.0605
   7366.89    0.0070    0.0570   -0.0615
   7367.92    0.0072    0.0576   -0.0625
   7368.95    0.0074    0.0582   -0.0635
   7369.99    0.0076    0.0588   -0.0644
   7371.02    0.0078    0.0594   -0.0654
   7372.05    0.0080    0.0601   -0.0663
   7373.08    0.0082    0.0607   -0.0672
   7374.12    0.0084    0.0613   -0.0681
   7375.15    0.0086    0.0619   -0.0691
   7376.18    0.0088    0.0626   -0.0700
   7377.21    0.0090    0.0632   -0.0709
   7378.25    0.0092    0.0638   -0.0717
   7379.28    0.0094    0.0645   -0.0726
   7380.31    0.0096    0.0652   -0.0734
   7381.34    0.0099    0.0659   -0.0743
   7382.38    0.0101    0.0665   -0.0751
   7383.41    0.0103    0.0672   -0.0759
   7384.44    0.0105    0.0679   -0.0767
   7385.47    0.0107    0.0686   -0.0775
   7386.51    0.0109    0.0694   -0.0783
   7387.54    0.0112    0.0701   -0.0790
   7388.57    0.0114    0.0708   -0.0797
   7389.60    0.0116    0.0715   -0.0804
   7390.64    0.0118    0.0723   -0.0811
   7391.67    0.0120    0.0730   -0.0818
   7392.70    0.0122    0.0738   -0.0825
   7393.73    0.0125    0.0746   -0.0831
   7394.77    0.0127    0.0753   -0.0837
   7395.80    0.0129    0.0761   -0.0843
   7396.83    0.0131    0.0769   -0.0849
   7397.86    0.0134    0.0777   -0.0855
   7398.90    0.0136    0.0785   -0.0861
   7399.93    0.0138    0.0794   -0.0867
   7400.96    0.0141    0.0802   -0.0873
   7401.99    0.0143    0.0811   -0.0878
   7403.03    0.0145    0.0820   -0.0883
   7404.06    0.0148    0.0829   -0.0889
   7405.09    0.0150    0.0838   -0.0894
   7406.12    0.0152    0.0847   -0.0898
   7407.16    0.0155    0.0856   -0.0903
   7408.19    0.0157    0.0865   -0.0907
   7409.22    0.0160    0.0875   -0.0912
   7410.25    0.0162    0.0884   -0.0916
   7411.29    0.0164    0.0894   -0.0920
   7412.32    0.0167    0.0904   -0.0923
   7413.35    0.0169    0.0914   -0.0927
   7414.38    0.0172    0.0924   -0.0930
   7415.42    0.0174    0.0934   -0.0934
   7416.45    0.0177    0.0944   -0.0937
   7417.48    0.0179    0.0955   -0.0940
   7418.51    0.0182    0.0965   -0.0942
   7419.55    0.0185    0.0976   -0.0945
   7420.58    0.0187    0.0987   -0.0948
   7421.61    0.0190    0.0998   -0.0950
   7422.64    0.0192    0.1009   -0.0952
   7423.68    0.0195    0.1020   -0.0954
   7424.71    0.0198    0.1032   -0.0956
   7425.74    0.0201    0.1043   -0.0958
   7426.77    0.0203    0.1055   -0.0959
   7427.81    0.0206    0.1067   -0.0960
   7428.84    0.0209    0.1079   -0.0962
   7429.87    0.0212    0.1091   -0.0963
   7430.90    0.0215    0.1104   -0.0964
   7431.94    0.0218    0.1116   -0.0965
   7432.97    0.0222    0.1097   -0.1007
   7434.00    0.0227    0.1060   -0.1070
   7435.03    0.0230    0.1053   -0.1091
   7436.07    0.0230    0.1079   -0.1067
   7437.10    0.0230    0.1134   -0.1007
   7438.13    0.0232    0.1207   -0.0928
   7439.16    0.0237    0.1281   -0.0851
   7440.20    0.0244    0.1344   -0.0794
   7441.23    0.0267    0.1424   -0.0798
   7442.26    0.0305    0.1492   -0.0906
   7443.29    0.0326    0.1477   -0.1039
   7444.33    0.0321    0.1400   -0.1117
   7445.36    0.0294    0.1317   -0.1098
   7446.39    0.0264    0.1282   -0.0996
   7447.42    0.0251    0.1323   -0.0870
   7448.46    0.0265    0.1423   -0.0788
   7449.49    0.0298    0.1536   -0.0790
   7450.52    0.0336    0.1613   -0.0871
   7451.55    0.0361    0.1625   -0.0987
   7452.59    0.0365    0.1576   -0.1080
   7453.62    0.0347    0.1499   -0.1106
   7454.65    0.0318    0.1438   -0.1057
   7455.68    0.0295    0.1427   -0.0957
   7456.72    0.0291    0.1478   -0.0851
   7457.75    0.0309    0.1572   -0.0785
   7458.78    0.0343    0.1678   -0.0783
   7459.81    0.0380    0.1758   -0.0843
   7460.85    0.0408    0.1789   -0.0938
   7461.88    0.0418    0.1767   -0.1028
   7462.91    0.0409    0.1709   -0.1080
   7463.94    0.0386    0.1644   -0.1074
   7464.98    0.0360    0.1603   -0.1016
   7466.01    0.0344    0.1605   -0.0927
   7467.04    0.0344    0.1655   -0.0839
   7468.07    0.0364    0.1741   -0.0781
   7469.11    0.0397    0.1838   -0.0770
   7470.14    0.0435    0.1922   -0.0807
   7471.17    0.0466    0.1973   -0.0878
   7472.20    0.0484    0.1980   -0.0958
   7473.24    0.0485    0.1951   -0.1023
   7474.27    0.0472    0.1899   -0.1053
   7475.30    0.0449    0.1846   -0.1041
   7476.33    0.0427    0.1813   -0.0990
   7477.37    0.0413    0.1813   -0.0917
   7478.40    0.0413    0.1851   -0.0839
   7479.43    0.0429    0.1921   -0.0775
   7480.46    0.0460    0.2011   -0.0744
   7481.50    0.0498    0.2101   -0.0751
   7482.53    0.0535    0.2173   -0.0793
   7483.56    0.0564    0.2215   -0.0857
   7484.59    0.0580    0.2222   -0.0926
   7485.63    0.0580    0.2199   -0.0982
   7486.66    0.0567    0.2156   -0.1013
   7487.69    0.0547    0.2108   -0.1012
   7488.72    0.0525    0.2071   -0.0980
   7489.76    0.0509    0.2058   -0.0924
   7490.79    0.0504    0.2074   -0.0858
   7491.82    0.0513    0.2120   -0.0795
   7492.85    0.0535    0.2188   -0.0749
   7493.89    0.0568    0.2269   -0.0727
   7494.92    0.0606    0.2350   -0.0732
   7495.95    0.0643    0.2419   -0.0763
   7496.98    0.0674    0.2466   -0.0811
   7498.02    0.0694    0.2487   -0.0867
   7499.05    0.0701    0.2483   -0.0919
   7500.08    0.0696    0.2458   -0.0958
   7501.11    0.0682    0.2422   -0.0976
   7502.15    0.0663    0.2384   -0.0972
   7503.18    0.0643    0.2354   -0.0946
   7504.21    0.0629    0.2340   -0.0903
   7505.24    0.0624    0.2348   -0.0851
   7506.28    0.0629    0.2378   -0.0799
   7507.31    0.0647    0.2428   -0.0754
   7508.34    0.0674    0.2493   -0.0724
   7509.37    0.0708    0.2564   -0.0711
   7510.41    0.0745    0.2634   -0.0718
   7511.44    0.0781    0.2695   -0.0742
   7512.47    0.0812    0.2740   -0.0779
   7513.50    0.0834    0.2768   -0.0823
   7514.54    0.0846    0.2776   -0.0867
   7515.57    0.0847    0.2766   -0.0905
   7516.60    0.0840    0.2744   -0.0932
   7517.63    0.0826    0.2714   -0.0944
   7518.67    0.0808    0.2683   -0.0940
   7519.70    0.0792    0.2658   -0.0921
   7520.73    0.0778    0.2644   -0.0891
   7521.76    0.0772    0.2644   -0.0853
   7522.80    0.0774    0.2660   -0.0812
   7523.83    0.0784    0.2692   -0.0773
   7524.86    0.0804    0.2737   -0.0741
   7525.89    0.0831    0.2791   -0.0720
   7526.93    0.0863    0.2851   -0.0711
   7527.96    0.0898    0.2910   -0.0715
   7528.99    0.0932    0.2963   -0.0731
   7530.02    0.0962    0.3008   -0.0757
   7531.06    0.0987    0.3040   -0.0790
   7532.09    0.1004    0.3059   -0.0826
   7533.12    0.1013    0.3064   -0.0861
   7534.15    0.1014    0.3057   -0.0891
   7535.19    0.1008    0.3041   -0.0914
   7536.22    0.0997    0.3018   -0.0928
   7537.25    0.0983    0.2993   -0.0931
   7538.28    0.0968    0.2970   -0.0924
   7539.32    0.0954    0.2953   -0.0907
   7540.35    0.0944    0.2943   -0.0884
   7541.38    0.0940    0.2944   -0.0855
   7542.41    0.0941    0.2955   -0.0825
   7543.45    0.0950    0.2978   -0.0796
   7544.48    0.0965    0.3010   -0.0771
   7545.51    0.0987    0.3050   -0.0752
   7546.54    0.1013    0.3095   -0.0740
   7547.58    0.1042    0.3143   -0.0737
   7548.61    0.1072    0.3189   -0.0743
   7549.64    0.1102    0.3232   -0.0757
   7550.67    0.1129    0.3269   -0.0777
   7551.71    0.1152    0.3297   -0.0803
   7552.74    0.1169    0.3317   -0.0831
   7553.77    0.1181    0.3327   -0.0860
   7554.80    0.1186    0.3328   -0.0887
   7555.84    0.1186    0.3321   -0.0911
   7556.87    0.1181    0.3308   -0.0930
   7557.90    0.1172    0.3291   -0.0943
   7558.93    0.1160    0.3271   -0.0949
   7559.97    0.1147    0.3252   -0.0947
   7561.00    0.1135    0.3235   -0.0940
   7562.03    0.1124    0.3223   -0.0926
   7563.06    0.1117    0.3216   -0.0909
   7564.10    0.1114    0.3217   -0.0888
   7565.13    0.1115    0.3225   -0.0866
   7566.16    0.1121    0.3240   -0.0845
   7567.19    0.1133    0.3263   -0.0826
   7568.23    0.1149    0.3291   -0.0810
   7569.26    0.1168    0.3324   -0.0799
   7570.29    0.1191    0.3359   -0.0793
   7571.32    0.1216    0.3395   -0.0792
   7572.36    0.1241    0.3431   -0.0798
   7573.39    0.1265    0.3464   -0.0808
   7574.42    0.1288    0.3494   -0.0823
   7575.45    0.1308    0.3518   -0.0842
   7576.49    0.1325    0.3536   -0.0863
   7577.52    0.1337    0.3548   -0.0886
   7578.55    0.1345    0.3554   -0.0908
   7579.58    0.1349    0.3553   -0.0929
   7580.62    0.1348    0.3547   -0.0948
   7581.65    0.1343    0.3537   -0.0963
   7582.68    0.1336    0.3523   -0.0974
   7583.71    0.1326    0.3508   -0.0980
   7584.75    0.1315    0.3492   -0.0981
   7585.78    0.1304    0.3477   -0.0978
   7586.81    0.1294    0.3464   -0.0971
   7587.84    0.1286    0.3455   -0.0960
   7588.88    0.1279    0.3449   -0.0946
   7589.91    0.1276    0.3449   -0.0930
   7590.94    0.1276    0.3454   -0.0913
   7591.97    0.1280    0.3464   -0.0896
   7593.01    0.1288    0.3479   -0.0879
   7594.04    0.1299    0.3499   -0.0865
   7595.07    0.1314    0.3523   -0.0854
   7596.10    0.1331    0.3549   -0.0845
   7597.14    0.1350    0.3577   -0.0841
   7598.17    0.1371    0.3606   -0.0840
   7599.20    0.1392    0.3635   -0.0843
   7600.23    0.1413    0.3661   -0.0849
   7601.27    0.1432    0.3686   -0.0859
   7602.30    0.1450    0.3707   -0.0872
   7603.33    0.1465    0.3724   -0.0886
   7604.36    0.1478    0.3737   -0.0902
   7605.40    0.1487    0.3745   -0.0919
   7606.43    0.1493    0.3749   -0.0935
   7607.46    0.1495    0.3748   -0.0950
   7608.49    0.1494    0.3743   -0.0963
   7609.53    0.1490    0.3735   -0.0974
   7610.56    0.1484    0.3725   -0.0981
   7611.59    0.1476    0.3713   -0.0986
   7612.62    0.1466    0.3700   -0.0987
   7613.66    0.1457    0.3687   -0.0985
   7614.69    0.1447    0.3675   -0.0980
   7615.72    0.1438    0.3666   -0.0972
   7616.75    0.1431    0.3658   -0.0961
   7617.79    0.1425    0.3654   -0.0948
   7618.82    0.1422    0.3654   -0.0934
   7619.85    0.1422    0.3658   -0.0919
   7620.88    0.1425    0.3665   -0.0904
   7621.92    0.1430    0.3676   -0.0890
   7622.95    0.1439    0.3691   -0.0876
   7623.98    0.1450    0.3709   -0.0864
   7625.01    0.1464    0.3729   -0.0855
   7626.05    0.1479    0.3751   -0.0848
   7627.08    0.1496    0.3775   -0.0843
   7628.11    0.1514    0.3798   -0.0841
   7629.14    0.1532    0.3822   -0.0842
   7630.18    0.1549    0.3844   -0.0845
   7631.21    0.1566    0.3865   -0.0851
   7632.24    0.1582    0.3884   -0.0858
   7633.27    0.1596    0.3899   -0.0867
   7634.31    0.1607    0.3912   -0.0878
   7635.34    0.1616    0.3921   -0.0888
   7636.37    0.1623    0.3927   -0.0899
   7637.40    0.1627    0.3929   -0.0910
   7638.44    0.1628    0.3929   -0.0919
   7639.47    0.1627    0.3925   -0.0927
   7640.50    0.1627    0.3922   -0.0945
   7641.53    0.1623    0.3911   -0.0963
   7642.57    0.1610    0.3894   -0.0965
   7643.60    0.1595    0.3878   -0.0951
   7644.63    0.1583    0.3870   -0.0925
   7645.66    0.1580    0.3873   -0.0896
   7646.70    0.1586    0.3886   -0.0871
   7647.73    0.1600    0.3908   -0.0856
   7648.76    0.1620    0.3933   -0.0853
   7649.79    0.1639    0.3956   -0.0864
   7650.83    0.1656    0.3972   -0.0883
   7651.86    0.1666    0.3980   -0.0906
   7652.89    0.1670    0.3980   -0.0927
   7653.92    0.1667    0.3972   -0.0942
   7654.96    0.1659    0.3961   -0.0949
   7655.99    0.1649    0.3949   -0.0946
   7657.02    0.1639    0.3940   -0.0934
   7658.05    0.1633    0.3935   -0.0916
   7659.09    0.1630    0.3937   -0.0895
   7660.12    0.1633    0.3946   -0.0875
   7661.15    0.1641    0.3959   -0.0858
   7662.18    0.1652    0.3976   -0.0846
   7663.22    0.1666    0.3994   -0.0841
   7664.25    0.1680    0.4011   -0.0842
   7665.28    0.1767    0.4104   -0.0909
   7666.31    0.1466    0.3656   -0.1140
   7667.35    0.0874    0.2585   -0.1433
   7668.38    0.0452    0.1283   -0.1695
   7669.41    0.0344    0.0165   -0.1848
   7670.44    0.0364   -0.0455   -0.1854
   7671.48    0.0314   -0.0438   -0.1717
   7672.51    0.0221    0.0166   -0.1478
   7673.54    0.0279    0.1164   -0.1199
   7674.57    0.0615    0.2292   -0.0946
   7675.61    0.1139    0.3286   -0.0773
   7676.64    0.1606    0.3943   -0.0715
   7677.67    0.1790    0.4159   -0.0778
   7678.70    0.1632    0.3928   -0.0946
   7679.74    0.1251    0.3333   -0.1186
   7680.77    0.0842    0.2512   -0.1452
   7681.80    0.0554    0.1628   -0.1701
   7682.83    0.0428    0.0832   -0.1893
   7683.87    0.0407    0.0243   -0.2003
   7684.90    0.0407   -0.0066   -0.2017
   7685.93    0.0376   -0.0072   -0.1937
   7686.96    0.0320    0.0203   -0.1777
   7688.00    0.0293    0.0703   -0.1561
   7689.03    0.0355    0.1350   -0.1316
   7690.06    0.0538    0.2058   -0.1072
   7691.09    0.0827    0.2746   -0.0855
   7692.13    0.1165    0.3344   -0.0687
   7693.16    0.1478    0.3801   -0.0582
   7694.19    0.1700    0.4086   -0.0549
   7695.22    0.1790    0.4190   -0.0588
   7696.26    0.1747    0.4121   -0.0693
   7697.29    0.1595    0.3902   -0.0852
   7698.32    0.1382    0.3565   -0.1051
   7699.35    0.1154    0.3149   -0.1273
   7700.39    0.0951    0.2693   -0.1501
   7701.42    0.0796    0.2236   -0.1719
   7702.45    0.0694    0.1811   -0.1913
   7703.48    0.0638    0.1445   -0.2072
   7704.52    0.0613    0.1158   -0.2187
   7705.55    0.0601    0.0963   -0.2254
   7706.58    0.0591    0.0864   -0.2271
   7707.61    0.0576    0.0860   -0.2241
   7708.65    0.0558    0.0945   -0.2166
   7709.68    0.0544    0.1108   -0.2053
   7710.71    0.0543    0.1335   -0.1911
   7711.74    0.0564    0.1610   -0.1747
   7712.78    0.0614    0.1918   -0.1570
   7713.81    0.0696    0.2243   -0.1389
   7714.84    0.0807    0.2569   -0.1213
   7715.87    0.0941    0.2883   -0.1050
   7716.91    0.1089    0.3174   -0.0905
   7717.94    0.1239    0.3432   -0.0783
   7718.97    0.1381    0.3651   -0.0689
   7720.00    0.1503    0.3826   -0.0625
   7721.04    0.1600    0.3955   -0.0592
   7722.07    0.1665    0.4038   -0.0589
   7723.10    0.1698    0.4075   -0.0616
   7724.13    0.1701    0.4069   -0.0671
   7725.17    0.1677    0.4026   -0.0749
   7726.20    0.1631    0.3948   -0.0849
   7727.23    0.1570    0.3843   -0.0965
   7728.26    0.1500    0.3715   -0.1093
   7729.30    0.1427    0.3572   -0.1230
   7730.33    0.1356    0.3418   -0.1370
   7731.36    0.1291    0.3260   -0.1509
   7732.39    0.1234    0.3104   -0.1644
   7733.43    0.1186    0.2952   -0.1772
   7734.46    0.1147    0.2811   -0.1888
   7735.49    0.1117    0.2684   -0.1991
   7736.52    0.1094    0.2573   -0.2078
   7737.56    0.1077    0.2481   -0.2149
   7738.59    0.1065    0.2408   -0.2201
   7739.62    0.1056    0.2358   -0.2236
   7740.65    0.1049    0.2328   -0.2253
   7741.69    0.1045    0.2320   -0.2252
   7742.72    0.1043    0.2332   -0.2234
   7743.75    0.1044    0.2364   -0.2202
   7744.78    0.1047    0.2413   -0.2156
   7745.82    0.1054    0.2478   -0.2098
   7746.85    0.1066    0.2556   -0.2030
   7747.88    0.1083    0.2646   -0.1955
   7748.91    0.1105    0.2745   -0.1875
   7749.95    0.1133    0.2850   -0.1791
   7750.98    0.1167    0.2959   -0.1706
   7752.01    0.1206    0.3070   -0.1623
   7753.04    0.1249    0.3180   -0.1542
   7754.08    0.1296    0.3287   -0.1465
   7755.11    0.1344    0.3390   -0.1395
   7756.14    0.1392    0.3485   -0.1333
   7757.17    0.1440    0.3573   -0.1279
   7758.21    0.1485    0.3650   -0.1234
   7759.24    0.1525    0.3717   -0.1199
   7760.27    0.1561    0.3772   -0.1175
   7761.30    0.1590    0.3815   -0.1161
   7762.34    0.1613    0.3846   -0.1157
   7763.37    0.1628    0.3864   -0.1164
   7764.40    0.1636    0.3869   -0.1180
   7765.43    0.1637    0.3863   -0.1204
   7766.47    0.1632    0.3845   -0.1237
   7767.50    0.1620    0.3817   -0.1276
   7768.53    0.1603    0.3779   -0.1321
   7769.56    0.1581    0.3733   -0.1371
   7770.60    0.1557    0.3679   -0.1424
   7771.63    0.1529    0.3620   -0.1480
   7772.66    0.1501    0.3556   -0.1537
   7773.69    0.1471    0.3489   -0.1593
   7774.73    0.1442    0.3420   -0.1648
   7775.76    0.1413    0.3352   -0.1702
   7776.79    0.1385    0.3284   -0.1752
   7777.82    0.1360    0.3220   -0.1798
   7778.86    0.1336    0.3159   -0.1839
   7779.89    0.1314    0.3103   -0.1875
   7780.92    0.1295    0.3053   -0.1905
   7781.95    0.1278    0.3010   -0.1929
   7782.99    0.1268    0.2971   -0.1963
   7784.02    0.1268    0.2944   -0.2002
   7785.05    0.1264    0.2930   -0.2014
   7786.08    0.1251    0.2923   -0.1990
   7787.12    0.1224    0.2917   -0.1932
   7788.15    0.1188    0.2909   -0.1849
   7789.18    0.1147    0.2897   -0.1755
   7790.21    0.1109    0.2884   -0.1665
   7791.25    0.1079    0.2873   -0.1593
   7792.28    0.1062    0.2869   -0.1547
   7793.31    0.1061    0.2876   -0.1529
   7794.34    0.1075    0.2896   -0.1536
   7795.38    0.1103    0.2932   -0.1561
   7796.41    0.1144    0.2982   -0.1596
   7797.44    0.1193    0.3045   -0.1629
   7798.47    0.1246    0.3118   -0.1654
   7799.51    0.1299    0.3197   -0.1665
   7800.54    0.1350    0.3278   -0.1660
   7801.57    0.1395    0.3356   -0.1640
   7802.60    0.1435    0.3429   -0.1610
   7803.64    0.1469    0.3495   -0.1575
   7804.67    0.1498    0.3551   -0.1540
   7805.70    0.1523    0.3598   -0.1513
   7806.73    0.1546    0.3635   -0.1498
   7807.77    0.1566    0.3663   -0.1499
   7808.80    0.1586    0.3682   -0.1518
   7809.83    0.1607    0.3696   -0.1553
   7810.86    0.1601    0.3667   -0.1600
   7811.90    0.1551    0.3575   -0.1653
   7812.93    0.1512    0.3495   -0.1705
   7813.96    0.1512    0.3475   -0.1745
   7814.99    0.1558    0.3528   -0.1770
   7816.03    0.1635    0.3629   -0.1782
   7817.06    0.1712    0.3731   -0.1789
   7818.09    0.1755    0.3784   -0.1798
   7819.12    0.1743    0.3761   -0.1811
   7820.16    0.1680    0.3668   -0.1829
   7821.19    0.1592    0.3536   -0.1848
   7822.22    0.1511    0.3412   -0.1862
   7823.25    0.1461    0.3333   -0.1870
   7824.29    0.1450    0.3319   -0.1868
   7825.32    0.1474    0.3360   -0.1857
   7826.35    0.1513    0.3426   -0.1840
   7827.38    0.1541    0.3479   -0.1819
   7828.42    0.1537    0.3486   -0.1795
   7829.45    0.1491    0.3433   -0.1768
   7830.48    0.1410    0.3328   -0.1739
   7831.51    0.1314    0.3198   -0.1708
   7832.55    0.1226    0.3075   -0.1675
   7833.58    0.1165    0.2992   -0.1643
   7834.61    0.1140    0.2967   -0.1611
   7835.64    0.1149    0.2998   -0.1581
   7836.68    0.1184    0.3071   -0.1554
   7837.71    0.1230    0.3156   -0.1528
   7838.74    0.1266    0.3226   -0.1503
   7839.77    0.1279    0.3258   -0.1477
   7840.81    0.1262    0.3243   -0.1449
   7841.84    0.1218    0.3188   -0.1420
   7842.87    0.1162    0.3111   -0.1393
   7843.90    0.1110    0.3037   -0.1369
   7844.94    0.1077    0.2990   -0.1352
   7845.97    0.1073    0.2986   -0.1346
   7847.00    0.1101    0.3030   -0.1350
   7848.03    0.1158    0.3117   -0.1366
   7849.07    0.1234    0.3227   -0.1389
   7850.10    0.1316    0.3339   -0.1418
   7851.13    0.1387    0.3431   -0.1447
   7852.16    0.1432    0.3486   -0.1474
   7853.20    0.1446    0.3496   -0.1495
   7854.23    0.1429    0.3466   -0.1510
   7855.26    0.1392    0.3407   -0.1520
   7856.29    0.1347    0.3336   -0.1530
   7857.33    0.1309    0.3273   -0.1542
   7858.36    0.1290    0.3235   -0.1559
   7859.39    0.1295    0.3230   -0.1585
   7860.42    0.1325    0.3260   -0.1619
   7861.46    0.1376    0.3317   -0.1659
   7862.49    0.1437    0.3388   -0.1702
   7863.52    0.1497    0.3455   -0.1741
   7864.55    0.1541    0.3503   -0.1773
   7865.59    0.1559    0.3519   -0.1791
   7866.62    0.1544    0.3496   -0.1793
   7867.65    0.1498    0.3437   -0.1780
   7868.68    0.1427    0.3348   -0.1751
   7869.72    0.1345    0.3243   -0.1712
   7870.75    0.1264    0.3139   -0.1668
   7871.78    0.1194    0.3051   -0.1624
   7872.81    0.1145    0.2990   -0.1586
   7873.85    0.1120    0.2963   -0.1557
   7874.88    0.1119    0.2971   -0.1537
   7875.91    0.1138    0.3008   -0.1526
   7876.94    0.1170    0.3063   -0.1521
   7877.98    0.1205    0.3123   -0.1517
   7879.01    0.1235    0.3175   -0.1508
   7880.04    0.1251    0.3207   -0.1491
   7881.07    0.1247    0.3213   -0.1463
   7882.11    0.1222    0.3192   -0.1424
   7883.14    0.1179    0.3146   -0.1375
   7884.17    0.1127    0.3086   -0.1321
   7885.20    0.1073    0.3021   -0.1268
   7886.24    0.1028    0.2964   -0.1222
   7887.27    0.0998    0.2926   -0.1189
   7888.30    0.0988    0.2915   -0.1174
   7889.33    0.1001    0.2935   -0.1180
   7890.37    0.1036    0.2984   -0.1206
   7891.40    0.1025    0.3157   -0.0532
   7892.43    0.1019    0.2989    0.1123
   7893.46    0.1201    0.2305    0.2589
   7894.50    0.1287    0.1353    0.3323
   7895.53    0.0968    0.0469    0.3076
   7896.56    0.0386   -0.0052    0.1965
   7897.59    0.0017   -0.0055    0.0414
   7898.63    0.0121    0.0431   -0.1012
   7899.66    0.0474    0.1208   -0.1812
   7900.69    0.0692    0.1991   -0.1719
   7901.72    0.0689    0.2508   -0.0776
   7902.76    0.0716    0.2586    0.0690
   7903.79    0.0967    0.2207    0.2191
   7904.82    0.1278    0.1503    0.3243
   7905.85    0.1295    0.0710    0.3528
   7906.89    0.0888    0.0085    0.2979
   7907.92    0.0326   -0.0174    0.1796
   7908.95    0.0014    0.0014    0.0370
   7909.98    0.0108    0.0593   -0.0851
   7911.02    0.0418    0.1394   -0.1495
   7912.05    0.0670    0.2188   -0.1383
   7913.08    0.0793    0.2759   -0.0565
   7914.11    0.0926    0.2963    0.0696
   7915.15    0.1172    0.2766    0.2017
   7916.18    0.1411    0.2252    0.3006
   7917.21    0.1394    0.1587    0.3379
   7918.24    0.1017    0.0975    0.3036
   7919.28    0.0468    0.0595    0.2081
   7920.31    0.0092    0.0553    0.0784
   7921.34    0.0098    0.0858   -0.0494
   7922.37    0.0401    0.1419   -0.1411
   7923.41    0.0732    0.2080   -0.1732
   7924.44    0.0897    0.2655   -0.1387
   7925.47    0.0918    0.2990   -0.0487
   7926.50    0.0946    0.2991    0.0715
   7927.54    0.1064    0.2656    0.1895
   7928.57    0.1180    0.2067    0.2744
   7929.60    0.1118    0.1370    0.3051
   7930.63    0.0811    0.0732    0.2751
   7931.67    0.0386    0.0305    0.1940
   7932.70    0.0074    0.0182    0.0842
   7933.73    0.0021    0.0380   -0.0251
   7934.76    0.0182    0.0838   -0.1057
   7935.80    0.0393    0.1435   -0.1370
   7936.83    0.0533    0.2021   -0.1115
   7937.86    0.0616    0.2455   -0.0361
   7938.89    0.0747    0.2642    0.0701
   7939.93    0.0974    0.2547    0.1804
   7940.96    0.1206    0.2210    0.2678
   7941.99    0.1268    0.1729    0.3113
   7943.02    0.1055    0.1234    0.3005
   7944.06    0.0643    0.0858    0.2386
   7945.09    0.0247    0.0700    0.1407
   7946.12    0.0074    0.0805    0.0303
   7947.15    0.0178    0.1154   -0.0670
   7948.19    0.0443    0.1666   -0.1288
   7949.22    0.0695    0.2222   -0.1420
   7950.25    0.0835    0.2693   -0.1050
   7951.28    0.0888    0.2967   -0.0282
   7952.32    0.0936    0.2980    0.0689
   7953.35    0.1008    0.2727    0.1625
   7954.38    0.1043    0.2264    0.2303
   7955.41    0.0946    0.1694    0.2568
   7956.45    0.0690    0.1144    0.2365
   7957.48    0.0362    0.0732    0.1756
   7958.51    0.0110    0.0547    0.0896
   7959.54    0.0039    0.0624    0.0000
   7960.58    0.0138    0.0936   -0.0710
   7961.61    0.0312    0.1409   -0.1063
   7962.64    0.0468    0.1931   -0.0975
   7963.67    0.0591    0.2385   -0.0470
   7964.71    0.0725    0.2672    0.0328
   7965.74    0.0898    0.2738    0.1220
   7966.77    0.1060    0.2579    0.1987
   7967.80    0.1100    0.2247    0.2439
   7968.84    0.0941    0.1833    0.2461
   7969.87    0.0625    0.1444    0.2041
   7970.90    0.0301    0.1179    0.1273
   7971.93    0.0133    0.1102    0.0338
   7972.97    0.0181    0.1229   -0.0547
   7974.00    0.0369    0.1523   -0.1172
   7975.03    0.0557    0.1906   -0.1393
   7976.06    0.0652    0.2275   -0.1160
   7977.10    0.0670    0.2532   -0.0533
   7978.13    0.0691    0.2608    0.0333
   7979.16    0.0766    0.2479    0.1229
   7980.19    0.0849    0.2177    0.1937
   7981.23    0.0842    0.1778    0.2293
   7982.26    0.0683    0.1387    0.2216
   7983.29    0.0424    0.1109    0.1736
   7984.32    0.0201    0.1023    0.0982
   7985.36    0.0136    0.1159    0.0147
   7986.39    0.0253    0.1490   -0.0560
   7987.42    0.0469    0.1936   -0.0969
   7988.45    0.0668    0.2386   -0.0991
   7989.49    0.0783    0.2723   -0.0644
   7990.52    0.0816    0.2856   -0.0041
   7991.55    0.0795    0.2745    0.0639
   7992.58    0.0728    0.2416    0.1204
   7993.62    0.0605    0.1949    0.1500
   7994.65    0.0428    0.1467    0.1459
   7995.68    0.0244    0.1098    0.1111
   7996.71    0.0122    0.0940    0.0580
   7997.75    0.0108    0.1039    0.0037
   7998.78    0.0199    0.1364   -0.0360
   7999.81    0.0356    0.1790   -0.0598
   8000.84    0.0518    0.2186   -0.0633
   8001.88    0.0615    0.2437   -0.0461
   8002.91    0.0610    0.2466   -0.0138
   8003.94    0.0520    0.2268    0.0232
   8004.97    0.0390    0.1901    0.0535
   8006.01    0.0264    0.1478    0.0673
   8007.04    0.0164    0.1129    0.0603
   8008.07    0.0104    0.0961    0.0345
   8009.10    0.0105    0.1025   -0.0022
   8010.14    0.0183    0.1298   -0.0385
   8011.17    0.0325    0.1689   -0.0632
   8012.20    0.0476    0.2071   -0.0689
   8013.23    0.0567    0.2317   -0.0544
   8014.27    0.0557    0.2346   -0.0251
   8015.30    0.0462    0.2148    0.0084
   8016.33    0.0332    0.1789    0.0343
   8017.36    0.0213    0.1392    0.0435
   8018.40    0.0130    0.1092    0.0324
   8019.43    0.0098    0.0990    0.0045
   8020.46    0.0136    0.1130   -0.0282
   8021.49    0.0210    0.1327   -0.0585
   8022.53    0.0305    0.1510   -0.0875
   8023.56    0.0411    0.1673   -0.1143
   8024.59    0.0520    0.1813   -0.1383
   8025.62    0.0622    0.1925   -0.1586
   8026.66    0.0708    0.2006   -0.1749
   8027.69    0.0771    0.2055   -0.1867
   8028.72    0.0805    0.2071   -0.1938
   8029.75    0.0807    0.2054   -0.1963
   8030.79    0.0778    0.2004   -0.1940
   8031.82    0.0721    0.1924   -0.1873
   8032.85    0.0641    0.1817   -0.1765
   8033.88    0.0546    0.1685   -0.1620
   8034.92    0.0443    0.1532   -0.1443
   8035.95    0.0339    0.1363   -0.1240
   8036.98    0.0243    0.1182   -0.1017
   8038.01    0.0160    0.0994   -0.0782
   8039.05    0.0094    0.0803   -0.0539
   8040.08    0.0047    0.0615   -0.0297
   8041.11    0.0019    0.0433   -0.0060
   8042.14    0.0010    0.0262    0.0165
   8043.18    0.0015    0.0105    0.0373
   8044.21    0.0031   -0.0035    0.0560
   8045.24    0.0054   -0.0155    0.0721
   8046.27    0.0079   -0.0254    0.0854
   8047.31    0.0102   -0.0330    0.0957
   8048.34    0.0120   -0.0384    0.1028
   8049.37    0.0131   -0.0416    0.1066
   8050.40    0.0133   -0.0427    0.1073
   8051.44    0.0127   -0.0418    0.1048
   8052.47    0.0114   -0.0393    0.0993
   8053.50    0.0095   -0.0353    0.0911
   8054.53    0.0074   -0.0304    0.0804
   8055.57    0.0052   -0.0248    0.0676
   8056.60    0.0032   -0.0189    0.0530
   8057.63    0.0015   -0.0133    0.0370
   8058.66    0.0005   -0.0083    0.0199
   8059.70    0.0000   -0.0044    0.0022
   8060.73    0.0002   -0.0019   -0.0156
   8061.76    0.0011   -0.0011   -0.0333
   8062.79    0.0025   -0.0025   -0.0504
   8063.83    0.0045   -0.0060   -0.0665
   8064.86    0.0068   -0.0120   -0.0814
   8065.89    0.0094   -0.0202   -0.0948
   8066.92    0.0122   -0.0306   -0.1063
   8067.96    0.0153   -0.0430   -0.1158
   8068.99    0.0184   -0.0568   -0.1232
   8070.02    0.0216   -0.0716   -0.1284
   8071.05    0.0248   -0.0867   -0.1314
   8072.09    0.0277   -0.1012   -0.1322
   8073.12    0.0302   -0.1144   -0.1310
   8074.15    0.0321   -0.1252   -0.1279
   8075.18    0.0329   -0.1329   -0.1234
   8076.22    0.0325   -0.1366   -0.1176
   8077.25    0.0317   -0.1395   -0.1105
   8078.28    0.0303   -0.1422   -0.1004
   8079.31    0.0275   -0.1405   -0.0883
   8080.35    0.0238   -0.1341   -0.0760
   8081.38    0.0194   -0.1231   -0.0654
   8082.41    0.0151   -0.1083   -0.0580
   8083.44    0.0112   -0.0905   -0.0548
   8084.48    0.0082   -0.0710   -0.0559
   8085.51    0.0063   -0.0509   -0.0606
   8086.54    0.0056   -0.0312   -0.0679
   8087.57    0.0059   -0.0126   -0.0760
   8088.61    0.0070    0.0043   -0.0834
   8089.64    0.0082    0.0190   -0.0885
   8090.67    0.0091    0.0311   -0.0902
   8091.70    0.0093    0.0402   -0.0878
   8092.74    0.0087    0.0459   -0.0812
   8093.77    0.0073    0.0477   -0.0708
   8094.80    0.0054    0.0454   -0.0574
   8095.83    0.0033    0.0393   -0.0420
   8096.87    0.0016    0.0302   -0.0255
   8097.90    0.0005    0.0196   -0.0092
   8098.93    0.0001    0.0096    0.0061
   8099.96    0.0004    0.0026    0.0194
   8101.00    0.0009    0.0011    0.0302
   8102.03    0.0015    0.0067    0.0380
   8103.06    0.0022    0.0199    0.0426
   8104.09    0.0041    0.0397    0.0499
   8105.13    0.0074    0.0607    0.0607
   8106.16    0.0114    0.0807    0.0698
   8107.19    0.0158    0.0992    0.0775
   8108.22    0.0205    0.1160    0.0840
   8109.26    0.0251    0.1306    0.0898
   8110.29    0.0294    0.1428    0.0951
   8111.32    0.0333    0.1526    0.1001
   8112.35    0.0366    0.1598    0.1051
   8113.39    0.0392    0.1645    0.1101
   8114.42    0.0411    0.1668    0.1152
   8115.45    0.0423    0.1668    0.1202
   8116.48    0.0427    0.1646    0.1250
   8117.52    0.0425    0.1604    0.1294
   8118.55    0.0416    0.1545    0.1332
   8119.58    0.0401    0.1470    0.1362
   8120.61    0.0381    0.1381    0.1381
   8121.65    0.0356    0.1280    0.1386
   8122.68    0.0326    0.1168    0.1376
   8123.71    0.0292    0.1048    0.1348
   8124.74    0.0254    0.0920    0.1302
   8125.78    0.0214    0.0787    0.1235
   8126.81    0.0183    0.0811    0.1082
   8127.84    0.0226    0.1386    0.0577
   8128.87    0.0471    0.2168   -0.0095
   8129.91    0.0788    0.2730   -0.0658
   8130.94    0.0850    0.2770   -0.0909
   8131.97    0.0562    0.2231   -0.0801
   8133.00    0.0189    0.1299   -0.0446
   8134.04    0.0065   -0.0648   -0.0484
   8135.07    0.0915   -0.2916   -0.0806
   8136.10    0.1376   -0.3602   -0.0888
   8137.13    0.0746   -0.2619   -0.0778
   8138.17    0.0079   -0.0698   -0.0547
   8139.20    0.0120    0.1064   -0.0254
   8140.23    0.0309    0.1755    0.0067
   8141.26    0.0121    0.1023    0.0409
   8142.30    0.0129   -0.0834    0.0768
   8143.33    0.1060   -0.3051    0.1134
   8144.36    0.2471   -0.4747    0.1474
   8145.39    0.3077   -0.5266    0.1742
   8146.43    0.2287   -0.4396    0.1883
   8147.46    0.0921   -0.2401    0.1856
   8148.49    0.0272    0.0106    0.1646
   8149.52    0.0735    0.2395    0.1270
   8150.56    0.1544    0.3851    0.0777
   8151.59    0.1725    0.4147    0.0238
   8152.62    0.1097    0.3301   -0.0272
   8153.65    0.0315    0.1635   -0.0688
   8154.69    0.0105   -0.0352   -0.0965
   8155.72    0.0574   -0.2138   -0.1084
   8156.75    0.1210   -0.3315   -0.1052
   8157.78    0.1438   -0.3685   -0.0898
   8158.82    0.1118   -0.3278   -0.0658
   8159.85    0.0552   -0.2319   -0.0372
   8160.88    0.0132   -0.1148   -0.0072
   8161.91    0.0006   -0.0123    0.0218
   8162.95    0.0046    0.0468    0.0488
   8163.98    0.0076    0.0469    0.0738
   8165.01    0.0096   -0.0124    0.0972
   8166.04    0.0280   -0.1169    0.1197
   8167.08    0.0790   -0.2428    0.1418
   8168.11    0.1579   -0.3622    0.1632
   8169.14    0.2356   -0.4494    0.1834
   8170.17    0.2762   -0.4856    0.2010
   8171.21    0.2598   -0.4624    0.2144
   8172.24    0.1955   -0.3823    0.2221
   8173.27    0.1161   -0.2579    0.2228
   8174.30    0.0583   -0.1087    0.2155
   8175.34    0.0419    0.0428    0.2002
   8176.37    0.0621    0.1747    0.1776
   8177.40    0.0950    0.2698    0.1488
   8178.43    0.1141    0.3172    0.1158
   8179.47    0.1052    0.3141    0.0807
   8180.50    0.0746    0.2711    0.0331
   8181.53    0.0457    0.2127   -0.0224
   8182.56    0.0277    0.1536   -0.0640
   8183.60    0.0190    0.1073   -0.0865
   8184.63    0.0145    0.0798   -0.0900
   8185.66    0.0110    0.0690   -0.0791
   8186.69    0.0082    0.0660   -0.0619
   8187.73    0.0056    0.0585   -0.0466
   8188.76    0.0028    0.0352   -0.0394
   8189.79    0.0019   -0.0109   -0.0427
   8190.82    0.0094   -0.0801   -0.0550
   8191.86    0.0328   -0.1666   -0.0708
   8192.89    0.0743   -0.2596   -0.0833
   8193.92    0.1273   -0.3463   -0.0858
   8194.95    0.1779   -0.4153   -0.0736
   8195.99    0.2128   -0.4591   -0.0456
   8197.02    0.2257   -0.4751   -0.0038
   8198.05    0.2196   -0.4663    0.0467
   8199.08    0.2032   -0.4397    0.0992
   8200.12    0.1853   -0.4045    0.1470
   8201.15    0.1710   -0.3699    0.1848
   8202.18    0.1614   -0.3429    0.2093
   8203.21    0.1555   -0.3271    0.2203
   8204.25    0.1525   -0.3227    0.2199
   8205.28    0.1512   -0.3261    0.2119
   8206.31    0.1504   -0.3316    0.2010
   8207.34    0.1475   -0.3327    0.1917
   8208.38    0.1396   -0.3234    0.1872
   8209.41    0.1255   -0.2993    0.1894
   8210.44    0.1062   -0.2587    0.1981
   8211.47    0.0858   -0.2025    0.2116
   8212.51    0.0695   -0.1341    0.2269
   8213.54    0.0614   -0.0586    0.2407
   8214.57    0.0625    0.0177    0.2495
   8215.60    0.0707    0.0890    0.2506
   8216.64    0.0812    0.1500    0.2423
   8217.67    0.0890    0.1968    0.2242
   8218.70    0.0906    0.2277    0.1969
   8219.73    0.0852    0.2426    0.1624
   8220.77    0.0742    0.2429    0.1231
   8221.80    0.0604    0.2317    0.0819
   8222.83    0.0470    0.2126    0.0418
   8223.86    0.0360    0.1896    0.0054
   8224.90    0.0283    0.1662   -0.0252
   8225.93    0.0236    0.1457   -0.0488
   8226.96    0.0211    0.1300   -0.0649
   8227.99    0.0199    0.1203   -0.0735
   8229.03    0.0193    0.1166   -0.0755
   8230.06    0.0191    0.1181   -0.0721
   8231.09    0.0194    0.1231   -0.0649
   8232.12    0.0198    0.1296   -0.0553
   8233.16    0.0203    0.1351   -0.0450
   8234.19    0.0202    0.1375   -0.0351
   8235.22    0.0189    0.1348   -0.0267
   8236.25    0.0161    0.1253   -0.0204
   8237.29    0.0119    0.1081   -0.0164
   8238.32    0.0071    0.0827   -0.0146
   8239.35    0.0027    0.0495   -0.0146
   8240.38    0.0003    0.0091   -0.0157
   8241.42    0.0017   -0.0370   -0.0173
   8242.45    0.0080   -0.0873   -0.0184
   8243.48    0.0199   -0.1398   -0.0182
   8244.51    0.0373   -0.1926   -0.0161
   8245.55    0.0595   -0.2436   -0.0113
   8246.58    0.0847   -0.2910   -0.0036
   8247.61    0.1110   -0.3331    0.0075
   8248.64    0.1364   -0.3686    0.0218
   8249.68    0.1587   -0.3965    0.0393
   8250.71    0.1767   -0.4161    0.0595
   8251.74    0.1892   -0.4271    0.0821
   8252.77    0.1959   -0.4296    0.1064
   8253.81    0.1972   -0.4240    0.1317
   8254.84    0.1937   -0.4110    0.1574
   8255.87    0.1865   -0.3914    0.1826
   8256.90    0.1769   -0.3662    0.2068
   8257.94    0.1659   -0.3367    0.2292
   8258.97    0.1546   -0.3040    0.2493
   8260.00    0.1436   -0.2694    0.2665
   8261.03    0.1335   -0.2340    0.2805
   8262.07    0.1243   -0.1990    0.2910
   8263.10    0.1160   -0.1652    0.2979
   8264.13    0.1084   -0.1334    0.3010
   8265.16    0.1011   -0.1045    0.3003
   8266.20    0.0939   -0.0788    0.2961
   8267.23    0.0865   -0.0568    0.2885
   8268.26    0.0787   -0.0385    0.2778
   8269.29    0.0704   -0.0241    0.2643
   8270.33    0.0619   -0.0134    0.2484
   8271.36    0.0531   -0.0061    0.2303
   8272.39    0.0444   -0.0020    0.2106
   8273.42    0.0360   -0.0006    0.1896
   8274.46    0.0281   -0.0015    0.1678
   8275.49    0.0211   -0.0042    0.1453
   8276.52    0.0151   -0.0081    0.1227
   8277.55    0.0102   -0.0127    0.1002
   8278.59    0.0064   -0.0175    0.0781
   8279.62    0.0037   -0.0221    0.0566
   8280.65    0.0020   -0.0260    0.0360
   8281.68    0.0011   -0.0288    0.0163
   8282.72    0.0009   -0.0303   -0.0024
   8283.75    0.0013   -0.0302   -0.0198
   8284.78    0.0021   -0.0283   -0.0361
   8285.81    0.0032   -0.0246   -0.0511
   8286.85    0.0046   -0.0189   -0.0650
   8287.88    0.0062   -0.0114   -0.0776
   8288.91    0.0079   -0.0021   -0.0891
   8289.94    0.0100    0.0087   -0.0996
   8290.98    0.0123    0.0210   -0.1091
   8292.01    0.0150    0.0344   -0.1177
   8293.04    0.0181    0.0487   -0.1255
   8294.07    0.0216    0.0636   -0.1326
   8295.11    0.0255    0.0787   -0.1391
   8296.14    0.0298    0.0937   -0.1450
   8297.17    0.0344    0.1083   -0.1506
   8298.20    0.0392    0.1221   -0.1557
   8299.24    0.0440    0.1348   -0.1606
   8300.27    0.0526    0.1426   -0.1796
   8301.30    0.0594    0.1256   -0.2088
   8302.33    0.0556    0.0884   -0.2185
