     #Time      Norm      Real      Imag
   7397.86    0.0000   -0.0005    0.0002
   7398.90    0.0000   -0.0015    0.0005
   7399.93    0.0000   -0.0026    0.0009
   7400.96    0.0000   -0.0037    0.0012
   7401.99    0.0000   -0.0049    0.0016
   7403.03    0.0000   -0.0061    0.0020
   7404.06    0.0001   -0.0075    0.0024
   7405.09    0.0001   -0.0088    0.0027
   7406.12    0.0001   -0.0103    0.0031
   7407.16    0.0002   -0.0118    0.0035
   7408.19    0.0002   -0.0133    0.0039
   7409.22    0.0002   -0.0150    0.0042
   7410.25    0.0003   -0.0166    0.0046
   7411.29    0.0004   -0.0184    0.0049
   7412.32    0.0004   -0.0201    0.0053
   7413.35    0.0005   -0.0220    0.0056
   7414.38    0.0006   -0.0239    0.0059
   7415.42    0.0007   -0.0258    0.0062
   7416.45    0.0008   -0.0278    0.0065
   7417.48    0.0009   -0.0298    0.0068
   7418.51    0.0011   -0.0319    0.0070
   7419.55    0.0012   -0.0340    0.0072
   7420.58    0.0014   -0.0362    0.0075
   7421.61    0.0015   -0.0384    0.0077
   7422.64    0.0017   -0.0407    0.0078
   7423.68    0.0019   -0.0430    0.0080
   7424.71    0.0021   -0.0454    0.0082
   7425.74    0.0023   -0.0477    0.0083
   7426.77    0.0026   -0.0502    0.0084
   7427.81    0.0028   -0.0526    0.0085
   7428.84    0.0031   -0.0552    0.0085
   7429.87    0.0034   -0.0577    0.0085
   7430.90    0.0037   -0.0603    0.0085
   7431.94    0.0040   -0.0629    0.0085
   7432.97    0.0036   -0.0585    0.0135
   7434.00    0.0028   -0.0459    0.0265
   7435.03    0.0028   -0.0356    0.0397
   7436.07    0.0034   -0.0311    0.0495
   7437.10    0.0040   -0.0339    0.0535
   7438.13    0.0045   -0.0436    0.0510
   7439.16    0.0052   -0.0582    0.0431
   7440.20    0.0066   -0.0745    0.0318
   7441.23    0.0090   -0.0926    0.0214
   7442.26    0.0119   -0.1069    0.0217
   7443.29    0.0127   -0.1081    0.0323
   7444.33    0.0117   -0.0977    0.0461
   7445.36    0.0100   -0.0840    0.0546
   7446.39    0.0087   -0.0767    0.0530
   7447.42    0.0084   -0.0813    0.0428
   7448.46    0.0102   -0.0966    0.0297
   7449.49    0.0139   -0.1159    0.0206
   7450.52    0.0175   -0.1309    0.0197
   7451.55    0.0192   -0.1358    0.0267
   7452.59    0.0184   -0.1304    0.0374
   7453.62    0.0163   -0.1190    0.0463
   7454.65    0.0142   -0.1088    0.0489
   7455.68    0.0132   -0.1058    0.0443
   7456.72    0.0139   -0.1127    0.0347
   7457.75    0.0169   -0.1276    0.0243
   7458.78    0.0214   -0.1454    0.0174
   7459.81    0.0259   -0.1602    0.0164
   7460.85    0.0286   -0.1677    0.0211
   7461.88    0.0285   -0.1664    0.0290
   7462.91    0.0265   -0.1587    0.0366
   7463.94    0.0238   -0.1489    0.0408
   7464.98    0.0218   -0.1421    0.0398
   7466.01    0.0213   -0.1419    0.0342
   7467.04    0.0230   -0.1494    0.0259
   7468.07    0.0269   -0.1632    0.0177
   7469.11    0.0324   -0.1797    0.0122
   7470.14    0.0380   -0.1947    0.0108
   7471.17    0.0421   -0.2047    0.0135
   7472.20    0.0436   -0.2079    0.0190
   7473.24    0.0426   -0.2049    0.0250
   7474.27    0.0400   -0.1978    0.0295
   7475.30    0.0371   -0.1900    0.0309
   7476.33    0.0350   -0.1850    0.0287
   7477.37    0.0348   -0.1852    0.0234
   7478.40    0.0361   -0.1890    0.0193
   7479.43    0.0377   -0.1935    0.0171
   7480.46    0.0402   -0.1999    0.0146
   7481.50    0.0432   -0.2075    0.0121
   7482.53    0.0465   -0.2153    0.0100
   7483.56    0.0496   -0.2225    0.0085
   7484.59    0.0521   -0.2281    0.0075
   7485.63    0.0539   -0.2320    0.0069
   7486.66    0.0549   -0.2343    0.0064
   7487.69    0.0555   -0.2355    0.0058
   7488.72    0.0559   -0.2363    0.0050
   7489.76    0.0565   -0.2377    0.0038
   7490.79    0.0577   -0.2403    0.0024
   7491.82    0.0598   -0.2445    0.0008
   7492.85    0.0626   -0.2503   -0.0009
   7493.89    0.0662   -0.2574   -0.0025
   7494.92    0.0703   -0.2652   -0.0040
   7495.95    0.0745   -0.2729   -0.0053
   7496.98    0.0785   -0.2800   -0.0065
   7498.02    0.0818   -0.2859   -0.0077
   7499.05    0.0843   -0.2903   -0.0090
   7500.08    0.0861   -0.2932   -0.0105
   7501.11    0.0872   -0.2951   -0.0122
   7502.15    0.0880   -0.2964   -0.0141
   7503.18    0.0889   -0.2977   -0.0161
   7504.21    0.0901   -0.2997   -0.0180
   7505.24    0.0921   -0.3028   -0.0199
   7506.28    0.0949   -0.3072   -0.0214
   7507.31    0.0985   -0.3131   -0.0227
   7508.34    0.1030   -0.3201   -0.0237
   7509.37    0.1081   -0.3278   -0.0245
   7510.41    0.1134   -0.3358   -0.0251
   7511.44    0.1187   -0.3435   -0.0257
   7512.47    0.1235   -0.3504   -0.0266
   7513.50    0.1276   -0.3561   -0.0277
   7514.54    0.1308   -0.3605   -0.0293
   7515.57    0.1331   -0.3635   -0.0313
   7516.60    0.1348   -0.3656   -0.0337
   7517.63    0.1360   -0.3669   -0.0364
   7518.67    0.1370   -0.3681   -0.0392
   7519.70    0.1383   -0.3695   -0.0420
   7520.73    0.1401   -0.3716   -0.0445
   7521.76    0.1426   -0.3748   -0.0467
   7522.80    0.1461   -0.3791   -0.0484
   7523.83    0.1504   -0.3847   -0.0496
   7524.86    0.1556   -0.3913   -0.0503
   7525.89    0.1615   -0.3987   -0.0506
   7526.93    0.1678   -0.4065   -0.0507
   7527.96    0.1741   -0.4142   -0.0506
   7528.99    0.1802   -0.4214   -0.0507
   7530.02    0.1857   -0.4278   -0.0511
   7531.06    0.1903   -0.4332   -0.0519
   7532.09    0.1940   -0.4372   -0.0532
   7533.12    0.1967   -0.4401   -0.0551
   7534.15    0.1986   -0.4419   -0.0576
   7535.19    0.1997   -0.4428   -0.0604
   7536.22    0.2005   -0.4433   -0.0635
   7537.25    0.2012   -0.4436   -0.0667
   7538.28    0.2022   -0.4442   -0.0698
   7539.32    0.2036   -0.4454   -0.0726
   7540.35    0.2058   -0.4474   -0.0750
   7541.38    0.2087   -0.4503   -0.0769
   7542.41    0.2125   -0.4544   -0.0782
   7543.45    0.2172   -0.4593   -0.0789
   7544.48    0.2225   -0.4651   -0.0790
   7545.51    0.2284   -0.4713   -0.0788
   7546.54    0.2345   -0.4778   -0.0783
   7547.58    0.2405   -0.4842   -0.0777
   7548.61    0.2462   -0.4901   -0.0772
   7549.64    0.2513   -0.4953   -0.0769
   7550.67    0.2555   -0.4996   -0.0771
   7551.71    0.2588   -0.5028   -0.0777
   7552.74    0.2611   -0.5048   -0.0788
   7553.77    0.2623   -0.5058   -0.0805
   7554.80    0.2627   -0.5059   -0.0826
   7555.84    0.2625   -0.5052   -0.0851
   7556.87    0.2618   -0.5041   -0.0878
   7557.90    0.2609   -0.5027   -0.0906
   7558.93    0.2601   -0.5014   -0.0934
   7559.97    0.2596   -0.5005   -0.0958
   7561.00    0.2597   -0.5001   -0.0980
   7562.03    0.2603   -0.5003   -0.0996
   7563.06    0.2615   -0.5014   -0.1007
   7564.10    0.2635   -0.5032   -0.1012
   7565.13    0.2661   -0.5058   -0.1012
   7566.16    0.2691   -0.5089   -0.1006
   7567.19    0.2725   -0.5124   -0.0997
   7568.23    0.2761   -0.5162   -0.0985
   7569.26    0.2796   -0.5198   -0.0971
   7570.29    0.2829   -0.5231   -0.0958
   7571.32    0.2856   -0.5260   -0.0946
   7572.36    0.2877   -0.5281   -0.0936
   7573.39    0.2890   -0.5295   -0.0931
   7574.42    0.2894   -0.5299   -0.0929
   7575.45    0.2890   -0.5294   -0.0932
   7576.49    0.2877   -0.5281   -0.0940
   7577.52    0.2858   -0.5261   -0.0952
   7578.55    0.2833   -0.5234   -0.0967
   7579.58    0.2804   -0.5203   -0.0985
   7580.62    0.2774   -0.5170   -0.1004
   7581.65    0.2744   -0.5137   -0.1024
   7582.68    0.2716   -0.5107   -0.1042
   7583.71    0.2692   -0.5080   -0.1058
   7584.75    0.2673   -0.5058   -0.1071
   7585.78    0.2660   -0.5043   -0.1080
   7586.81    0.2653   -0.5035   -0.1084
   7587.84    0.2651   -0.5034   -0.1082
   7588.88    0.2656   -0.5040   -0.1076
   7589.91    0.2665   -0.5051   -0.1064
   7590.94    0.2678   -0.5067   -0.1048
   7591.97    0.2693   -0.5086   -0.1029
   7593.01    0.2709   -0.5106   -0.1006
   7594.04    0.2724   -0.5126   -0.0982
   7595.07    0.2736   -0.5143   -0.0957
   7596.10    0.2745   -0.5155   -0.0933
   7597.14    0.2748   -0.5163   -0.0910
   7598.17    0.2745   -0.5163   -0.0890
   7599.20    0.2735   -0.5157   -0.0874
   7600.23    0.2719   -0.5142   -0.0861
   7601.27    0.2695   -0.5121   -0.0852
   7602.30    0.2666   -0.5093   -0.0849
   7603.33    0.2632   -0.5060   -0.0849
   7604.36    0.2595   -0.5022   -0.0854
   7605.40    0.2556   -0.4981   -0.0863
   7606.43    0.2517   -0.4940   -0.0875
   7607.46    0.2479   -0.4899   -0.0889
   7608.49    0.2445   -0.4861   -0.0904
   7609.53    0.2415   -0.4827   -0.0920
   7610.56    0.2390   -0.4799   -0.0935
   7611.59    0.2372   -0.4777   -0.0948
   7612.62    0.2361   -0.4763   -0.0960
   7613.66    0.2356   -0.4757   -0.0968
   7614.69    0.2359   -0.4758   -0.0972
   7615.72    0.2367   -0.4768   -0.0972
   7616.75    0.2382   -0.4783   -0.0967
   7617.79    0.2401   -0.4805   -0.0958
   7618.82    0.2424   -0.4831   -0.0945
   7619.85    0.2449   -0.4861   -0.0927
   7620.88    0.2475   -0.4891   -0.0906
   7621.92    0.2500   -0.4922   -0.0882
   7622.95    0.2524   -0.4951   -0.0855
   7623.98    0.2545   -0.4976   -0.0827
   7625.01    0.2561   -0.4998   -0.0799
   7626.05    0.2573   -0.5013   -0.0771
   7627.08    0.2578   -0.5023   -0.0744
   7628.11    0.2578   -0.5026   -0.0719
   7629.14    0.2571   -0.5022   -0.0698
   7630.18    0.2558   -0.5012   -0.0680
   7631.21    0.2540   -0.4995   -0.0666
   7632.24    0.2517   -0.4973   -0.0656
   7633.27    0.2490   -0.4947   -0.0652
   7634.31    0.2461   -0.4918   -0.0652
   7635.34    0.2432   -0.4887   -0.0657
   7636.37    0.2402   -0.4856   -0.0667
   7637.40    0.2374   -0.4825   -0.0680
   7638.44    0.2349   -0.4796   -0.0697
   7639.47    0.2327   -0.4771   -0.0716
   7640.50    0.2418   -0.4827   -0.0940
   7641.53    0.2686   -0.5026   -0.1261
   7642.57    0.2944   -0.5251   -0.1368
   7643.60    0.3106   -0.5433   -0.1242
   7644.63    0.3140   -0.5525   -0.0936
   7645.66    0.3067   -0.5511   -0.0548
   7646.70    0.2923   -0.5404   -0.0187
   7647.73    0.2747   -0.5241    0.0056
   7648.76    0.2573   -0.5071    0.0131
   7649.79    0.2436   -0.4935    0.0031
   7650.83    0.2371   -0.4865   -0.0206
   7651.86    0.2402   -0.4873   -0.0521
   7652.89    0.2524   -0.4953   -0.0841
   7653.92    0.2707   -0.5085   -0.1102
   7654.96    0.2906   -0.5242   -0.1258
   7655.99    0.3077   -0.5395   -0.1289
   7657.02    0.3188   -0.5518   -0.1199
   7658.05    0.3232   -0.5595   -0.1012
   7659.09    0.3215   -0.5618   -0.0767
   7660.12    0.3151   -0.5591   -0.0506
   7661.15    0.3056   -0.5522   -0.0272
   7662.18    0.2946   -0.5427   -0.0095
   7663.22    0.2832   -0.5322    0.0002
   7664.25    0.2729   -0.5224    0.0014
   7665.28    0.2714   -0.5209   -0.0055
   7666.31    0.2849   -0.5337   -0.0062
   7667.35    0.3046   -0.5519    0.0027
   7668.38    0.3245   -0.5693    0.0178
   7669.41    0.3388   -0.5811    0.0338
   7670.44    0.3436   -0.5843    0.0459
   7671.48    0.3380   -0.5792    0.0508
   7672.51    0.3247   -0.5678    0.0478
   7673.54    0.3082   -0.5538    0.0380
   7674.57    0.2932   -0.5409    0.0244
   7675.61    0.2833   -0.5321    0.0104
   7676.64    0.2800   -0.5292   -0.0010
   7677.67    0.2834   -0.5323   -0.0073
   7678.70    0.2923   -0.5406   -0.0079
   7679.74    0.3048   -0.5521   -0.0029
   7680.77    0.3189   -0.5646    0.0062
   7681.80    0.3322   -0.5761    0.0175
   7682.83    0.3428   -0.5848    0.0289
   7683.87    0.3491   -0.5896    0.0385
   7684.90    0.3505   -0.5903    0.0448
   7685.93    0.3470   -0.5871    0.0472
   7686.96    0.3395   -0.5809    0.0455
   7688.00    0.3296   -0.5727    0.0401
   7689.03    0.3188   -0.5637    0.0319
   7690.06    0.3087   -0.5552    0.0221
   7691.09    0.3004   -0.5480    0.0118
   7692.13    0.2947   -0.5428    0.0021
   7693.16    0.2919   -0.5402   -0.0061
   7694.19    0.2920   -0.5402   -0.0121
   7695.22    0.2947   -0.5426   -0.0155
   7696.26    0.2997   -0.5472   -0.0163
   7697.29    0.3064   -0.5533   -0.0147
   7698.32    0.3143   -0.5605   -0.0109
   7699.35    0.3227   -0.5681   -0.0056
   7700.39    0.3312   -0.5755    0.0008
   7701.42    0.3392   -0.5823    0.0076
   7702.45    0.3461   -0.5881    0.0143
   7703.48    0.3515   -0.5925    0.0203
   7704.52    0.3552   -0.5954    0.0253
   7705.55    0.3569   -0.5967    0.0290
   7706.58    0.3568   -0.5965    0.0312
   7707.61    0.3549   -0.5948    0.0319
   7708.65    0.3514   -0.5919    0.0310
   7709.68    0.3466   -0.5880    0.0287
   7710.71    0.3410   -0.5834    0.0251
   7711.74    0.3348   -0.5783    0.0206
   7712.78    0.3285   -0.5729    0.0153
   7713.81    0.3224   -0.5677    0.0095
   7714.84    0.3167   -0.5628    0.0034
   7715.87    0.3118   -0.5584   -0.0026
   7716.91    0.3077   -0.5547   -0.0084
   7717.94    0.3046   -0.5517   -0.0137
   7718.97    0.3025   -0.5497   -0.0184
   7720.00    0.3015   -0.5486   -0.0225
   7721.04    0.3015   -0.5485   -0.0258
   7722.07    0.3025   -0.5493   -0.0283
   7723.10    0.3044   -0.5509   -0.0300
   7724.13    0.3072   -0.5534   -0.0309
   7725.17    0.3106   -0.5565   -0.0312
   7726.20    0.3147   -0.5601   -0.0307
   7727.23    0.3192   -0.5642   -0.0298
   7728.26    0.3241   -0.5686   -0.0283
   7729.30    0.3292   -0.5731   -0.0265
   7730.33    0.3343   -0.5777   -0.0245
   7731.36    0.3394   -0.5821   -0.0223
   7732.39    0.3442   -0.5863   -0.0201
   7733.43    0.3487   -0.5902   -0.0179
   7734.46    0.3527   -0.5937   -0.0158
   7735.49    0.3561   -0.5966   -0.0139
   7736.52    0.3589   -0.5990   -0.0121
   7737.56    0.3610   -0.6008   -0.0106
   7738.59    0.3623   -0.6019   -0.0094
   7739.62    0.3629   -0.6023   -0.0084
   7740.65    0.3627   -0.6022   -0.0077
   7741.69    0.3617   -0.6014   -0.0073
   7742.72    0.3600   -0.6000   -0.0070
   7743.75    0.3577   -0.5980   -0.0070
   7744.78    0.3547   -0.5956   -0.0071
   7745.82    0.3513   -0.5927   -0.0074
   7746.85    0.3475   -0.5895   -0.0078
   7747.88    0.3434   -0.5860   -0.0082
   7748.91    0.3392   -0.5823   -0.0087
   7749.95    0.3348   -0.5785   -0.0091
   7750.98    0.3304   -0.5747   -0.0096
   7752.01    0.3261   -0.5710   -0.0100
   7753.04    0.3220   -0.5674   -0.0104
   7754.08    0.3182   -0.5640   -0.0108
   7755.11    0.3147   -0.5609   -0.0111
   7756.14    0.3116   -0.5581   -0.0114
   7757.17    0.3089   -0.5557   -0.0116
   7758.21    0.3067   -0.5537   -0.0119
   7759.24    0.3050   -0.5521   -0.0121
   7760.27    0.3038   -0.5511   -0.0124
   7761.30    0.3032   -0.5505   -0.0128
   7762.34    0.3030   -0.5503   -0.0132
   7763.37    0.3034   -0.5507   -0.0138
   7764.40    0.3043   -0.5514   -0.0144
   7765.43    0.3056   -0.5526   -0.0153
   7766.47    0.3073   -0.5541   -0.0162
   7767.50    0.3094   -0.5560   -0.0174
   7768.53    0.3118   -0.5581   -0.0187
   7769.56    0.3144   -0.5604   -0.0201
   7770.60    0.3172   -0.5628   -0.0217
   7771.63    0.3202   -0.5653   -0.0234
   7772.66    0.3231   -0.5679   -0.0252
   7773.69    0.3260   -0.5704   -0.0271
   7774.73    0.3289   -0.5727   -0.0290
   7775.76    0.3315   -0.5749   -0.0309
   7776.79    0.3339   -0.5769   -0.0328
   7777.82    0.3359   -0.5786   -0.0345
   7778.86    0.3376   -0.5799   -0.0360
   7779.89    0.3389   -0.5809   -0.0374
   7780.92    0.3397   -0.5815   -0.0384
   7781.95    0.3400   -0.5818   -0.0392
   7782.99    0.3605   -0.5980   -0.0538
   7784.02    0.4052   -0.6317   -0.0780
   7785.05    0.4428   -0.6592   -0.0911
   7786.08    0.4620   -0.6736   -0.0910
   7787.12    0.4580   -0.6721   -0.0791
   7788.15    0.4342   -0.6562   -0.0598
   7789.18    0.3994   -0.6308   -0.0383
   7790.21    0.3634   -0.6025   -0.0196
   7791.25    0.3341   -0.5780   -0.0072
   7792.28    0.3164   -0.5625   -0.0028
   7793.31    0.3122   -0.5587   -0.0059
   7794.34    0.3213   -0.5666   -0.0146
   7795.38    0.3416   -0.5839   -0.0260
   7796.41    0.3692   -0.6065   -0.0373
   7797.44    0.3985   -0.6296   -0.0459
   7798.47    0.4234   -0.6488   -0.0499
   7799.51    0.4386   -0.6605   -0.0486
   7800.54    0.4410   -0.6628   -0.0421
   7801.57    0.4300   -0.6550   -0.0313
   7802.60    0.4076   -0.6382   -0.0175
   7803.64    0.3777   -0.6146   -0.0025
   7804.67    0.3445   -0.5868    0.0124
   7805.70    0.3120   -0.5579    0.0256
   7806.73    0.2832   -0.5309    0.0363
   7807.77    0.2600   -0.5080    0.0438
   7808.80    0.2433   -0.4909    0.0481
   7809.83    0.2331   -0.4803    0.0490
   7810.86    0.2325   -0.4805    0.0410
   7811.90    0.2464   -0.4950    0.0365
   7812.93    0.2641   -0.5118    0.0467
   7813.96    0.2746   -0.5199    0.0660
   7814.99    0.2706   -0.5132    0.0846
   7816.03    0.2518   -0.4930    0.0937
   7817.06    0.2257   -0.4666    0.0894
   7818.09    0.2024   -0.4438    0.0740
   7819.12    0.1899   -0.4324    0.0541
   7820.16    0.1908   -0.4352    0.0377
   7821.19    0.2027   -0.4491    0.0305
   7822.22    0.2194   -0.4672    0.0338
   7823.25    0.2335   -0.4812    0.0445
   7824.29    0.2388   -0.4854    0.0567
   7825.32    0.2327   -0.4780    0.0647
   7826.35    0.2176   -0.4620    0.0644
   7827.38    0.1997   -0.4434    0.0553
   7828.42    0.1855   -0.4288    0.0402
   7829.45    0.1798   -0.4233    0.0234
   7830.48    0.1839   -0.4287    0.0098
   7831.51    0.1964   -0.4431    0.0027
   7832.55    0.2133   -0.4619    0.0030
   7833.58    0.2297   -0.4792    0.0092
   7834.61    0.2405   -0.4901    0.0182
   7835.64    0.2427   -0.4919    0.0263
   7836.68    0.2359   -0.4847    0.0307
   7837.71    0.2232   -0.4714    0.0299
   7838.74    0.2089   -0.4564    0.0243
   7839.77    0.1976   -0.4442    0.0156
   7840.81    0.1922   -0.4384    0.0064
   7841.84    0.1938   -0.4403   -0.0007
   7842.87    0.2017   -0.4491   -0.0037
   7843.90    0.2134   -0.4619   -0.0019
   7844.94    0.2257   -0.4750    0.0042
   7845.97    0.2349   -0.4845    0.0131
   7847.00    0.2381   -0.4874    0.0230
   7848.03    0.2340   -0.4827    0.0318
   7849.07    0.2232   -0.4709    0.0381
   7850.10    0.2082   -0.4544    0.0412
   7851.13    0.1920   -0.4363    0.0413
   7852.16    0.1778   -0.4199    0.0390
   7853.20    0.1677   -0.4080    0.0357
   7854.23    0.1626   -0.4019    0.0325
   7855.26    0.1623   -0.4017    0.0307
   7856.29    0.1658   -0.4060    0.0308
   7857.33    0.1711   -0.4124    0.0331
   7858.36    0.1762   -0.4181    0.0372
   7859.39    0.1788   -0.4207    0.0424
   7860.42    0.1774   -0.4185    0.0477
   7861.46    0.1716   -0.4109    0.0522
   7862.49    0.1618   -0.3984    0.0551
   7863.52    0.1496   -0.3827    0.0558
   7864.55    0.1369   -0.3661    0.0542
   7865.59    0.1256   -0.3509    0.0503
   7866.62    0.1171   -0.3393    0.0446
   7867.65    0.1120   -0.3326    0.0376
   7868.68    0.1107   -0.3313    0.0302
   7869.72    0.1126   -0.3348    0.0229
   7870.75    0.1171   -0.3418    0.0165
   7871.78    0.1228   -0.3503    0.0112
   7872.81    0.1284   -0.3583    0.0075
   7873.85    0.1325   -0.3640    0.0051
   7874.88    0.1340   -0.3660    0.0039
   7875.91    0.1325   -0.3640    0.0034
   7876.94    0.1283   -0.3581    0.0032
   7877.98    0.1221   -0.3494    0.0026
   7879.01    0.1152   -0.3394    0.0012
   7880.04    0.1088   -0.3298   -0.0014
   7881.07    0.1038   -0.3221   -0.0054
   7882.11    0.1009   -0.3175   -0.0107
   7883.14    0.1005   -0.3166   -0.0169
   7884.17    0.1025   -0.3193   -0.0235
   7885.20    0.1064   -0.3248   -0.0298
   7886.24    0.1114   -0.3319   -0.0351
   7887.27    0.1165   -0.3391   -0.0387
   7888.30    0.1204   -0.3447   -0.0401
   7889.33    0.1223   -0.3475   -0.0391
   7890.37    0.1214   -0.3465   -0.0357
   7891.40    0.1175   -0.3406   -0.0383
   7892.43    0.1082   -0.3259   -0.0454
   7893.46    0.0957   -0.3059   -0.0461
   7894.50    0.0836   -0.2864   -0.0399
   7895.53    0.0751   -0.2725   -0.0290
   7896.56    0.0715   -0.2669   -0.0173
   7897.59    0.0723   -0.2688   -0.0086
   7898.63    0.0757   -0.2751   -0.0059
   7899.66    0.0791   -0.2810   -0.0097
   7900.69    0.0800   -0.2822   -0.0185
   7901.72    0.0772   -0.2762   -0.0293
   7902.76    0.0709   -0.2634   -0.0386
   7903.79    0.0625   -0.2462   -0.0439
   7904.82    0.0543   -0.2287   -0.0443
   7905.85    0.0479   -0.2149   -0.0409
   7906.89    0.0444   -0.2077   -0.0361
   7907.92    0.0443   -0.2078   -0.0331
   7908.95    0.0469   -0.2138   -0.0344
   7909.98    0.0513   -0.2227   -0.0413
   7911.02    0.0562   -0.2310   -0.0534
   7912.05    0.0602   -0.2356   -0.0687
   7913.08    0.0623   -0.2349   -0.0845
   7914.11    0.0621   -0.2291   -0.0980
   7915.15    0.0599   -0.2199   -0.1073
   7916.18    0.0566   -0.2100   -0.1116
   7917.21    0.0534   -0.2023   -0.1117
   7918.24    0.0515   -0.1988   -0.1095
   7919.28    0.0516   -0.2003   -0.1072
   7920.31    0.0538   -0.2058   -0.1070
   7921.34    0.0577   -0.2135   -0.1100
   7922.37    0.0622   -0.2206   -0.1163
   7923.41    0.0660   -0.2246   -0.1246
   7924.44    0.0677   -0.2237   -0.1330
   7925.47    0.0666   -0.2173   -0.1393
   7926.50    0.0626   -0.2063   -0.1416
   7927.54    0.0564   -0.1923   -0.1393
   7928.57    0.0492   -0.1779   -0.1325
   7929.60    0.0424   -0.1653   -0.1227
   7930.63    0.0370   -0.1561   -0.1122
   7931.67    0.0335   -0.1511   -0.1034
   7932.70    0.0320   -0.1497   -0.0982
   7933.73    0.0322   -0.1504   -0.0979
   7934.76    0.0334   -0.1513   -0.1025
   7935.80    0.0350   -0.1505   -0.1110
   7936.83    0.0363   -0.1467   -0.1217
   7937.86    0.0370   -0.1394   -0.1325
   7938.89    0.0368   -0.1292   -0.1417
   7939.93    0.0359   -0.1178   -0.1483
   7940.96    0.0346   -0.1071   -0.1521
   7941.99    0.0336   -0.0993   -0.1540
   7943.02    0.0335   -0.0960   -0.1557
   7944.06    0.0348   -0.0978   -0.1588
   7945.09    0.0381   -0.1043   -0.1650
   7946.12    0.0436   -0.1139   -0.1749
   7947.15    0.0509   -0.1243   -0.1882
   7948.19    0.0592   -0.1332   -0.2036
   7949.22    0.0670   -0.1384   -0.2187
   7950.25    0.0724   -0.1384   -0.2308
   7951.28    0.0742   -0.1332   -0.2375
   7952.32    0.0715   -0.1239   -0.2371
   7953.35    0.0650   -0.1123   -0.2289
   7954.38    0.0560   -0.1010   -0.2139
   7955.41    0.0463   -0.0923   -0.1943
   7956.45    0.0377   -0.0878   -0.1731
   7957.48    0.0314   -0.0880   -0.1539
   7958.51    0.0280   -0.0919   -0.1397
   7959.54    0.0271   -0.0977   -0.1326
   7960.58    0.0283   -0.1026   -0.1334
   7961.61    0.0308   -0.1040   -0.1415
   7962.64    0.0340   -0.1001   -0.1548
   7963.67    0.0373   -0.0903   -0.1707
   7964.71    0.0404   -0.0755   -0.1862
   7965.74    0.0430   -0.0582   -0.1989
   7966.77    0.0448   -0.0420   -0.2076
   7967.80    0.0459   -0.0305   -0.2120
   7968.84    0.0462   -0.0266   -0.2133
   7969.87    0.0465   -0.0318   -0.2133
   7970.90    0.0479   -0.0456   -0.2140
   7971.93    0.0513   -0.0654   -0.2169
   7972.97    0.0570   -0.0872   -0.2223
   7974.00    0.0638   -0.1061   -0.2292
   7975.03    0.0693   -0.1177   -0.2354
   7976.06    0.0708   -0.1194   -0.2379
   7977.10    0.0669   -0.1105   -0.2338
   7978.13    0.0577   -0.0930   -0.2214
   7979.16    0.0453   -0.0709   -0.2007
   7980.19    0.0326   -0.0493   -0.1738
   7981.23    0.0222   -0.0331   -0.1451
   7982.26    0.0151   -0.0259   -0.1203
   7983.29    0.0119   -0.0288   -0.1052
   7984.32    0.0125   -0.0401   -0.1044
   7985.36    0.0175   -0.0560   -0.1200
   7986.39    0.0277   -0.0711   -0.1506
   7987.42    0.0430   -0.0806   -0.1910
   7988.45    0.0611   -0.0811   -0.2336
   7989.49    0.0775   -0.0721   -0.2689
   7990.52    0.0864   -0.0563   -0.2886
   7991.55    0.0839   -0.0385   -0.2870
   7992.58    0.0698   -0.0250   -0.2631
   7993.62    0.0492   -0.0208   -0.2208
   7994.65    0.0294   -0.0285   -0.1690
   7995.68    0.0164   -0.0468   -0.1192
   7996.71    0.0119   -0.0706   -0.0832
   7997.75    0.0134   -0.0925   -0.0700
   7998.78    0.0170   -0.1027   -0.0800
   7999.81    0.0196   -0.1025   -0.0955
   8000.84    0.0209   -0.0948   -0.1091
   8001.88    0.0202   -0.0817   -0.1164
   8002.91    0.0177   -0.0670   -0.1149
   8003.94    0.0140   -0.0550   -0.1048
   8004.97    0.0103   -0.0490   -0.0888
   8006.01    0.0077   -0.0508   -0.0719
   8007.04    0.0070   -0.0594   -0.0590
   8008.07    0.0081   -0.0717   -0.0543
   8009.10    0.0104   -0.0833   -0.0590
   8010.14    0.0132   -0.0900   -0.0715
   8011.17    0.0156   -0.0891   -0.0875
   8012.20    0.0168   -0.0803   -0.1016
   8013.23    0.0163   -0.0662   -0.1090
   8014.27    0.0141   -0.0511   -0.1072
   8015.30    0.0109   -0.0397   -0.0968
   8016.33    0.0079   -0.0354   -0.0814
   8017.36    0.0060   -0.0390   -0.0666
   8018.40    0.0057   -0.0486   -0.0577
   8019.43    0.0069   -0.0598   -0.0580
   8020.46    0.0081   -0.0649   -0.0620
   8021.49    0.0082   -0.0654   -0.0630
   8022.53    0.0084   -0.0656   -0.0641
   8023.56    0.0086   -0.0654   -0.0656
   8024.59    0.0087   -0.0647   -0.0672
   8025.62    0.0088   -0.0636   -0.0690
   8026.66    0.0089   -0.0619   -0.0708
   8027.69    0.0089   -0.0598   -0.0728
   8028.72    0.0089   -0.0571   -0.0748
   8029.75    0.0088   -0.0540   -0.0768
   8030.79    0.0088   -0.0505   -0.0788
   8031.82    0.0087   -0.0465   -0.0807
   8032.85    0.0086   -0.0421   -0.0826
   8033.88    0.0085   -0.0374   -0.0845
   8034.92    0.0085   -0.0323   -0.0863
   8035.95    0.0085   -0.0270   -0.0881
   8036.98    0.0085   -0.0215   -0.0898
   8038.01    0.0086   -0.0158   -0.0915
   8039.05    0.0088   -0.0100   -0.0932
   8040.08    0.0090   -0.0040   -0.0949
   8041.11    0.0094    0.0021   -0.0967
   8042.14    0.0098    0.0083   -0.0985
   8043.18    0.0103    0.0145   -0.1004
   8044.21    0.0109    0.0207   -0.1024
   8045.24    0.0117    0.0270   -0.1045
   8046.27    0.0125    0.0334   -0.1068
   8047.31    0.0135    0.0398   -0.1093
   8048.34    0.0147    0.0462   -0.1119
   8049.37    0.0159    0.0528   -0.1147
   8050.40    0.0174    0.0593   -0.1178
   8051.44    0.0190    0.0660   -0.1210
   8052.47    0.0208    0.0727   -0.1244
   8053.50    0.0227    0.0796   -0.1281
   8054.53    0.0249    0.0865   -0.1319
   8055.57    0.0272    0.0935   -0.1358
   8056.60    0.0297    0.1005   -0.1399
   8057.63    0.0323    0.1076   -0.1441
   8058.66    0.0352    0.1147   -0.1483
   8059.70    0.0381    0.1218   -0.1526
   8060.73    0.0412    0.1288   -0.1568
   8061.76    0.0443    0.1356   -0.1609
   8062.79    0.0474    0.1422   -0.1648
   8063.83    0.0505    0.1485   -0.1686
   8064.86    0.0535    0.1545   -0.1720
   8065.89    0.0563    0.1601   -0.1752
   8066.92    0.0590    0.1652   -0.1780
   8067.96    0.0614    0.1698   -0.1804
   8068.99    0.0635    0.1739   -0.1824
   8070.02    0.0653    0.1774   -0.1840
   8071.05    0.0669    0.1805   -0.1852
   8072.09    0.0682    0.1832   -0.1862
   8073.12    0.0694    0.1857   -0.1869
   8074.15    0.0705    0.1881   -0.1875
   8075.18    0.0718    0.1907   -0.1881
   8076.22    0.0732    0.1937   -0.1889
   8077.25    0.0758    0.1984   -0.1910
   8078.28    0.0818    0.2077   -0.1966
   8079.31    0.0905    0.2207   -0.2045
   8080.35    0.1010    0.2355   -0.2135
   8081.38    0.1119    0.2502   -0.2222
   8082.41    0.1218    0.2629   -0.2296
   8083.44    0.1297    0.2726   -0.2354
   8084.48    0.1352    0.2791   -0.2394
   8085.51    0.1385    0.2827   -0.2421
   8086.54    0.1405    0.2844   -0.2441
   8087.57    0.1422    0.2857   -0.2461
   8088.61    0.1446    0.2877   -0.2486
   8089.64    0.1486    0.2915   -0.2522
   8090.67    0.1546    0.2978   -0.2567
   8091.70    0.1626    0.3064   -0.2622
   8092.74    0.1722    0.3167   -0.2682
   8093.77    0.1826    0.3277   -0.2743
   8094.80    0.1927    0.3379   -0.2803
   8095.83    0.2014    0.3462   -0.2857
   8096.87    0.2081    0.3516   -0.2906
   8097.90    0.2125    0.3542   -0.2951
   8098.93    0.2153    0.3544   -0.2994
   8099.96    0.2177    0.3539   -0.3040
   8101.00    0.2213    0.3547   -0.3091
   8102.03    0.2276    0.3587   -0.3146
   8103.06    0.2376    0.3673   -0.3205
   8104.09    0.2469    0.3749   -0.3261
   8105.13    0.2520    0.3776   -0.3308
   8106.16    0.2564    0.3798   -0.3349
   8107.19    0.2605    0.3819   -0.3386
   8108.22    0.2643    0.3840   -0.3418
   8109.26    0.2681    0.3862   -0.3448
   8110.29    0.2722    0.3889   -0.3477
   8111.32    0.2766    0.3921   -0.3505
   8112.35    0.2815    0.3959   -0.3533
   8113.39    0.2870    0.4003   -0.3561
   8114.42    0.2931    0.4053   -0.3590
   8115.45    0.2999    0.4110   -0.3619
   8116.48    0.3071    0.4172   -0.3648
   8117.52    0.3149    0.4239   -0.3676
   8118.55    0.3230    0.4311   -0.3704
   8119.58    0.3314    0.4386   -0.3729
   8120.61    0.3400    0.4463   -0.3753
   8121.65    0.3486    0.4541   -0.3773
   8122.68    0.3571    0.4620   -0.3790
   8123.71    0.3653    0.4699   -0.3802
   8124.74    0.3732    0.4776   -0.3809
   8125.78    0.3806    0.4851   -0.3811
   8126.81    0.3291    0.4473   -0.3592
   8127.84    0.1085    0.2485   -0.2161
   8128.87    0.0004   -0.0166   -0.0100
   8129.91    0.0764   -0.2252    0.1603
   8130.94    0.1308   -0.2871    0.2199
   8131.97    0.0549   -0.1813    0.1484
   8133.00    0.0019    0.0402   -0.0171
   8134.04    0.1217    0.2918   -0.1910
   8135.07    0.3014    0.4574   -0.3037
   8136.10    0.2933    0.4374   -0.3193
   8137.13    0.1093    0.2366   -0.2308
   8138.17    0.0085   -0.0549   -0.0743
   8139.20    0.1038   -0.3094    0.0898
   8140.23    0.2174   -0.4196    0.2033
   8141.26    0.1714   -0.3424    0.2328
   8142.30    0.0444   -0.1112    0.1790
   8143.33    0.0391    0.1839    0.0727
   8144.36    0.1905    0.4346   -0.0412
   8145.39    0.3241    0.5562   -0.1211
   8146.43    0.2862    0.5155   -0.1431
   8147.46    0.1249    0.3367   -0.1075
   8148.49    0.0091    0.0886   -0.0354
   8149.52    0.0222   -0.1433    0.0408
   8150.56    0.0894   -0.2853    0.0894
   8151.59    0.0968   -0.2977    0.0902
   8152.62    0.0353   -0.1837    0.0395
   8153.65    0.0027    0.0157   -0.0493
   8154.69    0.0791    0.2372   -0.1512
   8155.72    0.2287    0.4151   -0.2374
   8156.75    0.3303    0.4998   -0.2837
   8157.78    0.2973    0.4700   -0.2764
   8158.82    0.1591    0.3357   -0.2155
   8159.85    0.0306    0.1330   -0.1138
   8160.88    0.0076   -0.0867    0.0071
   8161.91    0.0882   -0.2706    0.1222
   8162.95    0.1858   -0.3770    0.2090
   8163.98    0.2109   -0.3837    0.2524
   8165.01    0.1462   -0.2918    0.2471
   8166.04    0.0544   -0.1232    0.1980
   8167.08    0.0213    0.0857    0.1182
   8168.11    0.0862    0.2925    0.0260
   8169.14    0.2135    0.4582   -0.0598
   8170.17    0.3220    0.5540   -0.1231
   8171.21    0.3443    0.5663   -0.1536
   8172.24    0.2699    0.4980   -0.1481
   8173.27    0.1462    0.3661   -0.1105
   8174.30    0.0417    0.1978   -0.0508
   8175.34    0.0009    0.0246    0.0178
   8176.37    0.0218   -0.1235    0.0810
   8177.40    0.0656   -0.2229    0.1263
   8178.43    0.0884   -0.2598    0.1446
   8179.47    0.0711   -0.2316    0.1322
   8180.50    0.1092   -0.2544    0.2110
   8181.53    0.2980   -0.3589    0.4114
   8182.56    0.4956   -0.4146    0.5690
   8183.60    0.5654   -0.4019    0.6355
   8184.63    0.4544   -0.3228    0.5918
   8185.66    0.2442   -0.1995    0.4521
   8186.69    0.0711   -0.0665    0.2581
   8187.73    0.0057    0.0397    0.0646
   8188.76    0.0143    0.0913   -0.0770
   8189.79    0.0236    0.0771   -0.1329
   8190.82    0.0090    0.0040   -0.0948
   8191.86    0.0115   -0.1055    0.0193
   8192.89    0.0785   -0.2208    0.1724
   8193.92    0.1990   -0.3113    0.3194
   8194.95    0.3024   -0.3550    0.4200
   8195.99    0.3180   -0.3427    0.4478
   8197.02    0.2358   -0.2801    0.3967
   8198.05    0.1123   -0.1848    0.2797
   8199.08    0.0222   -0.0812    0.1250
   8200.12    0.0011    0.0055   -0.0319
   8201.15    0.0278    0.0552   -0.1574
   8202.18    0.0544    0.0571   -0.2261
   8203.21    0.0514    0.0110   -0.2265
   8204.25    0.0314   -0.0732   -0.1613
   8205.28    0.0340   -0.1786   -0.0461
   8206.31    0.0905   -0.2854    0.0954
   8207.34    0.1962   -0.3746    0.2364
   8208.38    0.3107   -0.4319    0.3524
   8209.41    0.3835   -0.4497    0.4258
   8210.44    0.3836   -0.4279    0.4478
   8211.47    0.3148   -0.3729    0.4192
   8212.51    0.2100   -0.2964    0.3496
   8213.54    0.1096   -0.2122    0.2541
   8214.57    0.0408   -0.1343    0.1510
   8215.60    0.0089   -0.0746    0.0581
   8216.64    0.0018   -0.0410   -0.0099
   8217.67    0.0032   -0.0372   -0.0428
   8218.70    0.0052   -0.0620   -0.0368
   8219.73    0.0123   -0.1106    0.0068
   8220.77    0.0372   -0.1751    0.0812
   8221.80    0.0919   -0.2463    0.1766
   8222.83    0.1782   -0.3151    0.2810
   8223.86    0.2852   -0.3729    0.3823
   8224.90    0.3916   -0.4136    0.4697
   8225.93    0.4737   -0.4332    0.5348
   8226.96    0.5128   -0.4305    0.5722
   8227.99    0.5018   -0.4068    0.5799
   8229.03    0.4458   -0.3655    0.5587
   8230.06    0.3595   -0.3112    0.5125
   8231.09    0.2621   -0.2498    0.4469
   8232.12    0.1709   -0.1870    0.3687
   8233.16    0.0979   -0.1284    0.2854
   8234.19    0.0477   -0.0787    0.2039
   8235.22    0.0187   -0.0413    0.1303
   8236.25    0.0052   -0.0187    0.0698
   8237.29    0.0008   -0.0116    0.0254
   8238.32    0.0004   -0.0197   -0.0008
   8239.35    0.0018   -0.0416   -0.0088
   8240.38    0.0056   -0.0749    0.0003
   8241.42    0.0142   -0.1168    0.0241
   8242.45    0.0305   -0.1642    0.0597
   8243.48    0.0564   -0.2138    0.1033
   8244.51    0.0918   -0.2625    0.1511
   8245.55    0.1345   -0.3078    0.1994
   8246.58    0.1805   -0.3473    0.2448
   8247.61    0.2249   -0.3794    0.2844
   8248.64    0.2623   -0.4031    0.3159
   8249.68    0.2887   -0.4180    0.3376
   8250.71    0.3014   -0.4240    0.3488
   8251.74    0.2998   -0.4217    0.3491
   8252.77    0.2848   -0.4122    0.3391
   8253.81    0.2593   -0.3966    0.3195
   8254.84    0.2267   -0.3763    0.2917
   8255.87    0.1909   -0.3530    0.2575
   8256.90    0.1555   -0.3281    0.2187
   8257.94    0.1233   -0.3031    0.1772
   8258.97    0.0963   -0.2795    0.1350
   8260.00    0.0755   -0.2583    0.0940
   8261.03    0.0610   -0.2406    0.0558
   8262.07    0.0520   -0.2270    0.0219
   8263.10    0.0476   -0.2182   -0.0064
   8264.13    0.0467   -0.2143   -0.0283
   8265.16    0.0482   -0.2154   -0.0430
   8266.20    0.0515   -0.2213   -0.0503
   8267.23    0.0562   -0.2318   -0.0499
   8268.26    0.0624   -0.2462   -0.0422
   8269.29    0.0705   -0.2641   -0.0274
   8270.33    0.0811   -0.2847   -0.0062
   8271.36    0.0949   -0.3074    0.0207
   8272.39    0.1125   -0.3312    0.0525
   8273.42    0.1343   -0.3556    0.0882
   8274.46    0.1603   -0.3798    0.1269
   8275.49    0.1905   -0.4030    0.1676
   8276.52    0.2241   -0.4247    0.2092
   8277.55    0.2603   -0.4443    0.2508
   8278.59    0.2979   -0.4614    0.2916
   8279.62    0.3355   -0.4756    0.3306
   8280.65    0.3717   -0.4867    0.3672
   8281.68    0.4050   -0.4944    0.4008
   8282.72    0.4342   -0.4986    0.4308
   8283.75    0.4581   -0.4995    0.4567
   8284.78    0.4759   -0.4970    0.4784
   8285.81    0.4869   -0.4913    0.4955
   8286.85    0.4910   -0.4826    0.5081
   8287.88    0.4882   -0.4711    0.5160
   8288.91    0.4788   -0.4572    0.5193
   8289.94    0.4634   -0.4413    0.5183
   8290.98    0.4428   -0.4236    0.5132
   8292.01    0.4178   -0.4045    0.5041
   8293.04    0.3895   -0.3846    0.4916
   8294.07    0.3590   -0.3640    0.4759
   8295.11    0.3271   -0.3433    0.4575
   8296.14    0.2949   -0.3228    0.4367
   8297.17    0.2632   -0.3028    0.4141
   8298.20    0.2327   -0.2838    0.3900
   8299.24    0.2039   -0.2659    0.3650
   8300.27    0.2314   -0.2300    0.4225
   8301.30    0.2955   -0.1076    0.5329
   8302.33    0.3209    0.0690    0.5623
