     #Time      Norm      Real      Imag
   7386.51    0.0000    0.0001    0.0001
   7387.54    0.0000    0.0002    0.0002
   7388.57    0.0000    0.0003    0.0004
   7389.60    0.0000    0.0004    0.0005
   7390.64    0.0000    0.0006    0.0006
   7391.67    0.0000    0.0007    0.0007
   7392.70    0.0000    0.0008    0.0009
   7393.73    0.0000    0.0008    0.0010
   7394.77    0.0000    0.0009    0.0011
   7395.80    0.0000    0.0010    0.0012
   7396.83    0.0000    0.0011    0.0012
   7397.86    0.0000    0.0012    0.0013
   7398.90    0.0000    0.0013    0.0014
   7399.93    0.0000    0.0013    0.0014
   7400.96    0.0000    0.0014    0.0015
   7401.99    0.0000    0.0014    0.0015
   7403.03    0.0000    0.0015    0.0016
   7404.06    0.0000    0.0015    0.0016
   7405.09    0.0000    0.0015    0.0017
   7406.12    0.0000    0.0016    0.0017
   7407.16    0.0000    0.0016    0.0017
   7408.19    0.0000    0.0016    0.0017
   7409.22    0.0000    0.0016    0.0017
   7410.25    0.0000    0.0016    0.0018
   7411.29    0.0000    0.0016    0.0018
   7412.32    0.0000    0.0016    0.0018
   7413.35    0.0000    0.0016    0.0018
   7414.38    0.0000    0.0016    0.0017
   7415.42    0.0000    0.0016    0.0017
   7416.45    0.0000    0.0015    0.0017
   7417.48    0.0000    0.0015    0.0017
   7418.51    0.0000    0.0015    0.0017
   7419.55    0.0000    0.0015    0.0016
   7420.58    0.0000    0.0014    0.0016
   7421.61    0.0000    0.0014    0.0016
   7422.64    0.0000    0.0013    0.0015
   7423.68    0.0000    0.0013    0.0015
   7424.71    0.0000    0.0012    0.0014
   7425.74    0.0000    0.0012    0.0014
   7426.77    0.0000    0.0011    0.0013
   7427.81    0.0000    0.0010    0.0013
   7428.84    0.0000    0.0010    0.0012
   7429.87    0.0000    0.0009    0.0011
   7430.90    0.0000    0.0008    0.0011
   7431.94    0.0000    0.0008    0.0010
   7432.97    0.0000    0.0007    0.0009
   7434.00    0.0000    0.0006    0.0008
   7435.03    0.0000    0.0005    0.0008
   7436.07    0.0000    0.0005    0.0007
   7437.10    0.0000    0.0004    0.0006
   7438.13    0.0000    0.0003    0.0005
   7439.16    0.0000    0.0002    0.0004
   7440.20    0.0000    0.0001    0.0002
   7441.23    0.0000    0.0000    0.0001
   7442.26    0.0000   -0.0001    0.0001
   7443.29    0.0000   -0.0002   -0.0000
   7444.33    0.0000   -0.0003   -0.0001
   7445.36    0.0000   -0.0003   -0.0002
   7446.39    0.0000   -0.0004   -0.0003
   7447.42    0.0000   -0.0005   -0.0004
   7448.46    0.0000   -0.0006   -0.0005
   7449.49    0.0000   -0.0007   -0.0006
   7450.52    0.0000   -0.0008   -0.0007
   7451.55    0.0000   -0.0009   -0.0007
   7452.59    0.0000   -0.0009   -0.0008
   7453.62    0.0000   -0.0010   -0.0009
   7454.65    0.0000   -0.0011   -0.0010
   7455.68    0.0000   -0.0011   -0.0011
   7456.72    0.0000   -0.0012   -0.0012
   7457.75    0.0000   -0.0013   -0.0013
   7458.78    0.0000   -0.0014   -0.0014
   7459.81    0.0000   -0.0014   -0.0015
   7460.85    0.0000   -0.0015   -0.0015
   7461.88    0.0000   -0.0016   -0.0016
   7462.91    0.0000   -0.0017   -0.0017
   7463.94    0.0000   -0.0017   -0.0017
   7464.98    0.0000   -0.0018   -0.0018
   7466.01    0.0000   -0.0018   -0.0019
   7467.04    0.0000   -0.0018   -0.0020
   7468.07    0.0000   -0.0019   -0.0021
   7469.11    0.0000   -0.0020   -0.0021
   7470.14    0.0000   -0.0020   -0.0022
   7471.17    0.0000   -0.0021   -0.0023
   7472.20    0.0000   -0.0021   -0.0023
   7473.24    0.0000   -0.0022   -0.0024
   7474.27    0.0000   -0.0022   -0.0024
   7475.30    0.0000   -0.0022   -0.0025
   7476.33    0.0000   -0.0023   -0.0025
   7477.37    0.0000   -0.0023   -0.0026
   7478.40    0.0000   -0.0023   -0.0026
   7479.43    0.0000   -0.0023   -0.0027
   7480.46    0.0000   -0.0023   -0.0028
   7481.50    0.0000   -0.0024   -0.0028
   7482.53    0.0000   -0.0024   -0.0029
   7483.56    0.0000   -0.0024   -0.0030
   7484.59    0.0000   -0.0025   -0.0030
   7485.63    0.0000   -0.0025   -0.0030
   7486.66    0.0000   -0.0025   -0.0030
   7487.69    0.0000   -0.0025   -0.0031
   7488.72    0.0000   -0.0025   -0.0031
   7489.76    0.0000   -0.0025   -0.0031
   7490.79    0.0000   -0.0025   -0.0032
   7491.82    0.0000   -0.0025   -0.0032
   7492.85    0.0000   -0.0025   -0.0033
   7493.89    0.0000   -0.0025   -0.0033
   7494.92    0.0000   -0.0025   -0.0034
   7495.95    0.0000   -0.0025   -0.0034
   7496.98    0.0000   -0.0025   -0.0034
   7498.02    0.0000   -0.0025   -0.0034
   7499.05    0.0000   -0.0025   -0.0035
   7500.08    0.0000   -0.0025   -0.0035
   7501.11    0.0000   -0.0025   -0.0035
   7502.15    0.0000   -0.0025   -0.0035
   7503.18    0.0000   -0.0025   -0.0035
   7504.21    0.0000   -0.0025   -0.0035
   7505.24    0.0000   -0.0025   -0.0036
   7506.28    0.0000   -0.0025   -0.0036
   7507.31    0.0000   -0.0025   -0.0036
   7508.34    0.0000   -0.0025   -0.0036
   7509.37    0.0000   -0.0025   -0.0037
   7510.41    0.0000   -0.0025   -0.0037
   7511.44    0.0000   -0.0025   -0.0037
   7512.47    0.0000   -0.0025   -0.0038
   7513.50    0.0000   -0.0025   -0.0038
   7514.54    0.0000   -0.0025   -0.0038
   7515.57    0.0000   -0.0025   -0.0038
   7516.60    0.0000   -0.0025   -0.0038
   7517.63    0.0000   -0.0025   -0.0039
   7518.67    0.0000   -0.0025   -0.0039
   7519.70    0.0000   -0.0025   -0.0039
   7520.73    0.0000   -0.0025   -0.0039
   7521.76    0.0000   -0.0025   -0.0039
   7522.80    0.0000   -0.0025   -0.0039
   7523.83    0.0000   -0.0025   -0.0040
   7524.86    0.0000   -0.0025   -0.0040
   7525.89    0.0000   -0.0025   -0.0040
   7526.93    0.0000   -0.0025   -0.0041
   7527.96    0.0000   -0.0025   -0.0041
   7528.99    0.0000   -0.0025   -0.0041
   7530.02    0.0000   -0.0025   -0.0042
   7531.06    0.0000   -0.0025   -0.0042
   7532.09    0.0000   -0.0026   -0.0042
   7533.12    0.0000   -0.0026   -0.0043
   7534.15    0.0000   -0.0026   -0.0043
   7535.19    0.0000   -0.0026   -0.0043
   7536.22    0.0000   -0.0027   -0.0044
   7537.25    0.0000   -0.0027   -0.0044
   7538.28    0.0000   -0.0027   -0.0044
   7539.32    0.0000   -0.0028   -0.0044
   7540.35    0.0000   -0.0028   -0.0045
   7541.38    0.0000   -0.0028   -0.0045
   7542.41    0.0000   -0.0029   -0.0045
   7543.45    0.0000   -0.0029   -0.0046
   7544.48    0.0000   -0.0029   -0.0046
   7545.51    0.0000   -0.0030   -0.0047
   7546.54    0.0000   -0.0030   -0.0047
   7547.58    0.0000   -0.0031   -0.0048
   7548.61    0.0000   -0.0031   -0.0048
   7549.64    0.0000   -0.0032   -0.0049
   7550.67    0.0000   -0.0033   -0.0049
   7551.71    0.0000   -0.0033   -0.0050
   7552.74    0.0000   -0.0034   -0.0050
   7553.77    0.0000   -0.0035   -0.0051
   7554.80    0.0000   -0.0035   -0.0051
   7555.84    0.0000   -0.0036   -0.0052
   7556.87    0.0000   -0.0037   -0.0052
   7557.90    0.0000   -0.0038   -0.0053
   7558.93    0.0000   -0.0039   -0.0053
   7559.97    0.0000   -0.0040   -0.0054
   7561.00    0.0000   -0.0041   -0.0054
   7562.03    0.0000   -0.0042   -0.0055
   7563.06    0.0000   -0.0043   -0.0056
   7564.10    0.0001   -0.0044   -0.0056
   7565.13    0.0001   -0.0045   -0.0057
   7566.16    0.0001   -0.0046   -0.0057
   7567.19    0.0001   -0.0047   -0.0058
   7568.23    0.0001   -0.0049   -0.0059
   7569.26    0.0001   -0.0050   -0.0059
   7570.29    0.0001   -0.0051   -0.0060
   7571.32    0.0001   -0.0052   -0.0060
   7572.36    0.0001   -0.0054   -0.0061
   7573.39    0.0001   -0.0055   -0.0062
   7574.42    0.0001   -0.0056   -0.0063
   7575.45    0.0001   -0.0058   -0.0063
   7576.49    0.0001   -0.0059   -0.0064
   7577.52    0.0001   -0.0061   -0.0065
   7578.55    0.0001   -0.0063   -0.0065
   7579.58    0.0001   -0.0064   -0.0066
   7580.62    0.0001   -0.0066   -0.0067
   7581.65    0.0001   -0.0068   -0.0068
   7582.68    0.0001   -0.0070   -0.0068
   7583.71    0.0001   -0.0071   -0.0069
   7584.75    0.0001   -0.0073   -0.0070
   7585.78    0.0001   -0.0075   -0.0071
   7586.81    0.0001   -0.0077   -0.0071
   7587.84    0.0001   -0.0079   -0.0072
   7588.88    0.0001   -0.0081   -0.0073
   7589.91    0.0001   -0.0083   -0.0074
   7590.94    0.0001   -0.0085   -0.0074
   7591.97    0.0001   -0.0087   -0.0075
   7593.01    0.0001   -0.0089   -0.0076
   7594.04    0.0001   -0.0091   -0.0077
   7595.07    0.0001   -0.0093   -0.0077
   7596.10    0.0002   -0.0096   -0.0078
   7597.14    0.0002   -0.0098   -0.0079
   7598.17    0.0002   -0.0100   -0.0080
   7599.20    0.0002   -0.0102   -0.0080
   7600.23    0.0002   -0.0105   -0.0081
   7601.27    0.0002   -0.0107   -0.0082
   7602.30    0.0002   -0.0109   -0.0083
   7603.33    0.0002   -0.0112   -0.0083
   7604.36    0.0002   -0.0114   -0.0084
   7605.40    0.0002   -0.0116   -0.0085
   7606.43    0.0002   -0.0119   -0.0086
   7607.46    0.0002   -0.0121   -0.0086
   7608.49    0.0002   -0.0124   -0.0087
   7609.53    0.0002   -0.0126   -0.0088
   7610.56    0.0002   -0.0129   -0.0089
   7611.59    0.0003   -0.0131   -0.0089
   7612.62    0.0003   -0.0134   -0.0090
   7613.66    0.0003   -0.0136   -0.0091
   7614.69    0.0003   -0.0139   -0.0091
   7615.72    0.0003   -0.0141   -0.0092
   7616.75    0.0003   -0.0144   -0.0093
   7617.79    0.0003   -0.0146   -0.0093
   7618.82    0.0003   -0.0149   -0.0094
   7619.85    0.0003   -0.0151   -0.0095
   7620.88    0.0003   -0.0154   -0.0095
   7621.92    0.0003   -0.0156   -0.0096
   7622.95    0.0003   -0.0159   -0.0096
   7623.98    0.0004   -0.0161   -0.0097
   7625.01    0.0004   -0.0164   -0.0098
   7626.05    0.0004   -0.0166   -0.0098
   7627.08    0.0004   -0.0168   -0.0099
   7628.11    0.0004   -0.0171   -0.0099
   7629.14    0.0004   -0.0173   -0.0100
   7630.18    0.0004   -0.0176   -0.0100
   7631.21    0.0004   -0.0178   -0.0101
   7632.24    0.0004   -0.0180   -0.0101
   7633.27    0.0004   -0.0183   -0.0102
   7634.31    0.0004   -0.0185   -0.0102
   7635.34    0.0005   -0.0187   -0.0103
   7636.37    0.0005   -0.0189   -0.0103
   7637.40    0.0005   -0.0191   -0.0103
   7638.44    0.0005   -0.0194   -0.0104
   7639.47    0.0005   -0.0196   -0.0104
   7640.50    0.0005   -0.0198   -0.0105
   7641.53    0.0005   -0.0200   -0.0105
   7642.57    0.0005   -0.0202   -0.0106
   7643.60    0.0005   -0.0204   -0.0106
   7644.63    0.0005   -0.0206   -0.0107
   7645.66    0.0005   -0.0208   -0.0107
   7646.70    0.0006   -0.0210   -0.0107
   7647.73    0.0006   -0.0212   -0.0108
   7648.76    0.0006   -0.0213   -0.0108
   7649.79    0.0006   -0.0215   -0.0108
   7650.83    0.0006   -0.0217   -0.0108
   7651.86    0.0006   -0.0219   -0.0108
   7652.89    0.0006   -0.0220   -0.0109
   7653.92    0.0006   -0.0222   -0.0109
   7654.96    0.0006   -0.0223   -0.0109
   7655.99    0.0006   -0.0225   -0.0110
   7657.02    0.0006   -0.0226   -0.0110
   7658.05    0.0006   -0.0228   -0.0111
   7659.09    0.0006   -0.0229   -0.0111
   7660.12    0.0007   -0.0231   -0.0111
   7661.15    0.0007   -0.0232   -0.0112
   7662.18    0.0007   -0.0233   -0.0112
   7663.22    0.0007   -0.0235   -0.0112
   7664.25    0.0007   -0.0236   -0.0112
   7665.28    0.0007   -0.0237   -0.0112
   7666.31    0.0007   -0.0238   -0.0113
   7667.35    0.0007   -0.0239   -0.0113
   7668.38    0.0007   -0.0241   -0.0113
   7669.41    0.0007   -0.0242   -0.0113
   7670.44    0.0007   -0.0243   -0.0113
   7671.48    0.0007   -0.0245   -0.0114
   7672.51    0.0007   -0.0246   -0.0114
   7673.54    0.0007   -0.0247   -0.0114
   7674.57    0.0007   -0.0249   -0.0114
   7675.61    0.0008   -0.0250   -0.0114
   7676.64    0.0008   -0.0250   -0.0115
   7677.67    0.0008   -0.0251   -0.0115
   7678.70    0.0008   -0.0252   -0.0115
   7679.74    0.0008   -0.0253   -0.0115
   7680.77    0.0008   -0.0253   -0.0116
   7681.80    0.0008   -0.0254   -0.0116
   7682.83    0.0008   -0.0255   -0.0116
   7683.87    0.0008   -0.0256   -0.0117
   7684.90    0.0008   -0.0257   -0.0117
   7685.93    0.0008   -0.0258   -0.0117
   7686.96    0.0008   -0.0259   -0.0118
   7688.00    0.0008   -0.0260   -0.0118
   7689.03    0.0008   -0.0261   -0.0118
   7690.06    0.0008   -0.0261   -0.0118
   7691.09    0.0008   -0.0262   -0.0119
   7692.13    0.0008   -0.0263   -0.0119
   7693.16    0.0008   -0.0263   -0.0119
   7694.19    0.0008   -0.0264   -0.0119
   7695.22    0.0008   -0.0264   -0.0120
   7696.26    0.0008   -0.0265   -0.0120
   7697.29    0.0008   -0.0265   -0.0120
   7698.32    0.0008   -0.0265   -0.0121
   7699.35    0.0009   -0.0266   -0.0121
   7700.39    0.0009   -0.0266   -0.0121
   7701.42    0.0009   -0.0267   -0.0122
   7702.45    0.0009   -0.0267   -0.0122
   7703.48    0.0009   -0.0268   -0.0123
   7704.52    0.0009   -0.0269   -0.0123
   7705.55    0.0009   -0.0269   -0.0124
   7706.58    0.0009   -0.0270   -0.0124
   7707.61    0.0009   -0.0271   -0.0124
   7708.65    0.0009   -0.0272   -0.0125
   7709.68    0.0009   -0.0272   -0.0125
   7710.71    0.0009   -0.0273   -0.0126
   7711.74    0.0009   -0.0274   -0.0126
   7712.78    0.0009   -0.0274   -0.0126
   7713.81    0.0009   -0.0275   -0.0126
   7714.84    0.0009   -0.0276   -0.0127
   7715.87    0.0009   -0.0276   -0.0127
   7716.91    0.0009   -0.0277   -0.0127
   7717.94    0.0009   -0.0277   -0.0127
   7718.97    0.0009   -0.0278   -0.0128
   7720.00    0.0009   -0.0278   -0.0128
   7721.04    0.0009   -0.0279   -0.0128
   7722.07    0.0009   -0.0279   -0.0128
   7723.10    0.0009   -0.0280   -0.0128
   7724.13    0.0009   -0.0280   -0.0129
   7725.17    0.0010   -0.0280   -0.0129
   7726.20    0.0010   -0.0281   -0.0129
   7727.23    0.0010   -0.0281   -0.0129
   7728.26    0.0010   -0.0282   -0.0129
   7729.30    0.0010   -0.0282   -0.0130
   7730.33    0.0010   -0.0283   -0.0130
   7731.36    0.0010   -0.0283   -0.0130
   7732.39    0.0010   -0.0284   -0.0130
   7733.43    0.0010   -0.0284   -0.0131
   7734.46    0.0010   -0.0285   -0.0131
   7735.49    0.0010   -0.0286   -0.0131
   7736.52    0.0010   -0.0286   -0.0131
   7737.56    0.0010   -0.0287   -0.0131
   7738.59    0.0010   -0.0288   -0.0131
   7739.62    0.0010   -0.0288   -0.0132
   7740.65    0.0010   -0.0289   -0.0132
   7741.69    0.0010   -0.0290   -0.0132
   7742.72    0.0010   -0.0291   -0.0132
   7743.75    0.0010   -0.0291   -0.0132
   7744.78    0.0010   -0.0292   -0.0132
   7745.82    0.0010   -0.0293   -0.0131
   7746.85    0.0010   -0.0294   -0.0131
   7747.88    0.0010   -0.0295   -0.0131
   7748.91    0.0010   -0.0296   -0.0131
   7749.95    0.0011   -0.0297   -0.0131
   7750.98    0.0011   -0.0297   -0.0130
   7752.01    0.0011   -0.0298   -0.0130
   7753.04    0.0011   -0.0299   -0.0130
   7754.08    0.0011   -0.0300   -0.0129
   7755.11    0.0011   -0.0301   -0.0129
   7756.14    0.0011   -0.0302   -0.0128
   7757.17    0.0011   -0.0302   -0.0128
   7758.21    0.0011   -0.0303   -0.0128
   7759.24    0.0011   -0.0304   -0.0127
   7760.27    0.0011   -0.0304   -0.0127
   7761.30    0.0011   -0.0305   -0.0126
   7762.34    0.0011   -0.0306   -0.0126
   7763.37    0.0011   -0.0306   -0.0125
   7764.40    0.0011   -0.0307   -0.0124
   7765.43    0.0011   -0.0308   -0.0124
   7766.47    0.0011   -0.0308   -0.0123
   7767.50    0.0011   -0.0309   -0.0123
   7768.53    0.0011   -0.0309   -0.0122
   7769.56    0.0011   -0.0310   -0.0121
   7770.60    0.0011   -0.0310   -0.0121
   7771.63    0.0011   -0.0311   -0.0120
   7772.66    0.0011   -0.0311   -0.0119
   7773.69    0.0011   -0.0312   -0.0119
   7774.73    0.0011   -0.0313   -0.0118
   7775.76    0.0011   -0.0313   -0.0117
   7776.79    0.0011   -0.0314   -0.0116
   7777.82    0.0011   -0.0314   -0.0115
   7778.86    0.0011   -0.0315   -0.0115
   7779.89    0.0011   -0.0316   -0.0114
   7780.92    0.0011   -0.0316   -0.0113
   7781.95    0.0011   -0.0317   -0.0112
   7782.99    0.0011   -0.0318   -0.0111
   7784.02    0.0011   -0.0318   -0.0109
   7785.05    0.0011   -0.0319   -0.0108
   7786.08    0.0011   -0.0321   -0.0106
   7787.12    0.0012   -0.0324   -0.0103
   7788.15    0.0012   -0.0328   -0.0100
   7789.18    0.0012   -0.0332   -0.0097
   7790.21    0.0012   -0.0336   -0.0095
   7791.25    0.0012   -0.0340   -0.0093
   7792.28    0.0013   -0.0344   -0.0092
   7793.31    0.0013   -0.0347   -0.0090
   7794.34    0.0013   -0.0349   -0.0089
   7795.38    0.0013   -0.0351   -0.0089
   7796.41    0.0013   -0.0352   -0.0088
   7797.44    0.0013   -0.0354   -0.0086
   7798.47    0.0013   -0.0355   -0.0085
   7799.51    0.0013   -0.0357   -0.0083
   7800.54    0.0014   -0.0360   -0.0080
   7801.57    0.0014   -0.0364   -0.0078
   7802.60    0.0014   -0.0368   -0.0075
   7803.64    0.0014   -0.0372   -0.0072
   7804.67    0.0015   -0.0377   -0.0070
   7805.70    0.0015   -0.0381   -0.0067
   7806.73    0.0015   -0.0386   -0.0065
   7807.77    0.0016   -0.0390   -0.0063
   7808.80    0.0016   -0.0393   -0.0061
   7809.83    0.0016   -0.0396   -0.0059
   7810.86    0.0016   -0.0398   -0.0058
   7811.90    0.0016   -0.0400   -0.0056
   7812.93    0.0016   -0.0401   -0.0055
   7813.96    0.0017   -0.0404   -0.0053
   7814.99    0.0017   -0.0406   -0.0050
   7816.03    0.0017   -0.0409   -0.0047
   7817.06    0.0017   -0.0413   -0.0043
   7818.09    0.0017   -0.0415   -0.0040
   7819.12    0.0018   -0.0417   -0.0037
   7820.16    0.0018   -0.0418   -0.0036
   7821.19    0.0018   -0.0419   -0.0034
   7822.22    0.0018   -0.0420   -0.0032
   7823.25    0.0018   -0.0421   -0.0031
   7824.29    0.0018   -0.0423   -0.0028
   7825.32    0.0018   -0.0425   -0.0025
   7826.35    0.0018   -0.0427   -0.0022
   7827.38    0.0018   -0.0429   -0.0019
   7828.42    0.0019   -0.0431   -0.0016
   7829.45    0.0019   -0.0432   -0.0014
   7830.48    0.0019   -0.0432   -0.0012
   7831.51    0.0019   -0.0432   -0.0010
   7832.55    0.0019   -0.0432   -0.0009
   7833.58    0.0019   -0.0432   -0.0007
   7834.61    0.0019   -0.0433   -0.0005
   7835.64    0.0019   -0.0435   -0.0003
   7836.68    0.0019   -0.0437   -0.0001
   7837.71    0.0019   -0.0439    0.0002
   7838.74    0.0019   -0.0441    0.0004
   7839.77    0.0020   -0.0442    0.0007
   7840.81    0.0020   -0.0443    0.0008
   7841.84    0.0020   -0.0443    0.0010
   7842.87    0.0020   -0.0443    0.0011
   7843.90    0.0020   -0.0442    0.0012
   7844.94    0.0020   -0.0442    0.0013
   7845.97    0.0020   -0.0443    0.0014
   7847.00    0.0020   -0.0444    0.0016
   7848.03    0.0020   -0.0446    0.0017
   7849.07    0.0020   -0.0448    0.0019
   7850.10    0.0020   -0.0451    0.0021
   7851.13    0.0021   -0.0453    0.0023
   7852.16    0.0021   -0.0454    0.0024
   7853.20    0.0021   -0.0455    0.0026
   7854.23    0.0021   -0.0456    0.0027
   7855.26    0.0021   -0.0455    0.0028
   7856.29    0.0021   -0.0455    0.0029
   7857.33    0.0021   -0.0454    0.0030
   7858.36    0.0021   -0.0454    0.0031
   7859.39    0.0021   -0.0455    0.0032
   7860.42    0.0021   -0.0456    0.0034
   7861.46    0.0021   -0.0457    0.0035
   7862.49    0.0021   -0.0459    0.0037
   7863.52    0.0021   -0.0461    0.0038
   7864.55    0.0022   -0.0462    0.0040
   7865.59    0.0022   -0.0463    0.0041
   7866.62    0.0022   -0.0463    0.0043
   7867.65    0.0022   -0.0463    0.0044
   7868.68    0.0022   -0.0462    0.0046
   7869.72    0.0021   -0.0460    0.0047
   7870.75    0.0021   -0.0459    0.0048
   7871.78    0.0021   -0.0457    0.0050
   7872.81    0.0021   -0.0456    0.0051
   7873.85    0.0021   -0.0456    0.0052
   7874.88    0.0021   -0.0456    0.0053
   7875.91    0.0021   -0.0456    0.0054
   7876.94    0.0021   -0.0457    0.0055
   7877.98    0.0021   -0.0458    0.0056
   7879.01    0.0021   -0.0458    0.0057
   7880.04    0.0021   -0.0458    0.0058
   7881.07    0.0021   -0.0458    0.0058
   7882.11    0.0021   -0.0457    0.0059
   7883.14    0.0021   -0.0455    0.0060
   7884.17    0.0021   -0.0454    0.0061
   7885.20    0.0021   -0.0452    0.0062
   7886.24    0.0021   -0.0450    0.0062
   7887.27    0.0021   -0.0449    0.0063
   7888.30    0.0020   -0.0448    0.0063
   7889.33    0.0020   -0.0447    0.0063
   7890.37    0.0020   -0.0448    0.0063
   7891.40    0.0020   -0.0448    0.0063
   7892.43    0.0021   -0.0449    0.0062
   7893.46    0.0021   -0.0449    0.0060
   7894.50    0.0021   -0.0449    0.0059
   7895.53    0.0020   -0.0449    0.0059
   7896.56    0.0020   -0.0448    0.0059
   7897.59    0.0020   -0.0447    0.0060
   7898.63    0.0020   -0.0446    0.0061
   7899.66    0.0020   -0.0446    0.0061
   7900.69    0.0020   -0.0447    0.0061
   7901.72    0.0020   -0.0448    0.0061
   7902.76    0.0020   -0.0448    0.0060
   7903.79    0.0020   -0.0449    0.0059
   7904.82    0.0020   -0.0448    0.0058
   7905.85    0.0020   -0.0448    0.0057
   7906.89    0.0020   -0.0447    0.0058
   7907.92    0.0020   -0.0446    0.0059
   7908.95    0.0020   -0.0445    0.0060
   7909.98    0.0020   -0.0445    0.0061
   7911.02    0.0020   -0.0445    0.0063
   7912.05    0.0020   -0.0445    0.0063
   7913.08    0.0020   -0.0445    0.0063
   7914.11    0.0020   -0.0445    0.0062
   7915.15    0.0020   -0.0445    0.0061
   7916.18    0.0020   -0.0444    0.0060
   7917.21    0.0020   -0.0444    0.0060
   7918.24    0.0020   -0.0443    0.0060
   7919.28    0.0020   -0.0442    0.0061
   7920.31    0.0020   -0.0441    0.0062
   7921.34    0.0020   -0.0441    0.0063
   7922.37    0.0020   -0.0441    0.0064
   7923.41    0.0020   -0.0441    0.0064
   7924.44    0.0020   -0.0442    0.0063
   7925.47    0.0020   -0.0442    0.0062
   7926.50    0.0020   -0.0442    0.0060
   7927.54    0.0020   -0.0442    0.0059
   7928.57    0.0020   -0.0442    0.0057
   7929.60    0.0020   -0.0442    0.0056
   7930.63    0.0020   -0.0441    0.0056
   7931.67    0.0020   -0.0441    0.0056
   7932.70    0.0020   -0.0442    0.0057
   7933.73    0.0020   -0.0442    0.0057
   7934.76    0.0020   -0.0443    0.0058
   7935.80    0.0020   -0.0444    0.0058
   7936.83    0.0020   -0.0445    0.0058
   7937.86    0.0020   -0.0445    0.0057
   7938.89    0.0020   -0.0446    0.0056
   7939.93    0.0020   -0.0446    0.0055
   7940.96    0.0020   -0.0446    0.0054
   7941.99    0.0020   -0.0446    0.0054
   7943.02    0.0020   -0.0445    0.0054
   7944.06    0.0020   -0.0445    0.0055
   7945.09    0.0020   -0.0446    0.0057
   7946.12    0.0020   -0.0446    0.0058
   7947.15    0.0020   -0.0447    0.0060
   7948.19    0.0020   -0.0448    0.0061
   7949.22    0.0021   -0.0449    0.0061
   7950.25    0.0021   -0.0450    0.0060
   7951.28    0.0021   -0.0451    0.0060
   7952.32    0.0021   -0.0451    0.0059
   7953.35    0.0021   -0.0451    0.0058
   7954.38    0.0021   -0.0451    0.0057
   7955.41    0.0021   -0.0451    0.0057
   7956.45    0.0021   -0.0451    0.0057
   7957.48    0.0021   -0.0452    0.0057
   7958.51    0.0021   -0.0453    0.0058
   7959.54    0.0021   -0.0455    0.0059
   7960.58    0.0021   -0.0456    0.0060
   7961.61    0.0021   -0.0458    0.0061
   7962.64    0.0021   -0.0459    0.0061
   7963.67    0.0022   -0.0460    0.0061
   7964.71    0.0022   -0.0461    0.0061
   7965.74    0.0022   -0.0462    0.0061
   7966.77    0.0022   -0.0462    0.0061
   7967.80    0.0022   -0.0462    0.0062
   7968.84    0.0022   -0.0463    0.0063
   7969.87    0.0022   -0.0464    0.0065
   7970.90    0.0022   -0.0465    0.0066
   7971.93    0.0022   -0.0466    0.0068
   7972.97    0.0022   -0.0468    0.0070
   7974.00    0.0023   -0.0469    0.0071
   7975.03    0.0023   -0.0471    0.0072
   7976.06    0.0023   -0.0472    0.0073
   7977.10    0.0023   -0.0473    0.0073
   7978.13    0.0023   -0.0474    0.0072
   7979.16    0.0023   -0.0474    0.0072
   7980.19    0.0023   -0.0475    0.0073
   7981.23    0.0023   -0.0476    0.0074
   7982.26    0.0023   -0.0477    0.0075
   7983.29    0.0023   -0.0478    0.0077
   7984.32    0.0024   -0.0480    0.0079
   7985.36    0.0024   -0.0482    0.0082
   7986.39    0.0024   -0.0484    0.0084
   7987.42    0.0024   -0.0485    0.0086
   7988.45    0.0024   -0.0487    0.0088
   7989.49    0.0025   -0.0488    0.0089
   7990.52    0.0025   -0.0489    0.0090
   7991.55    0.0025   -0.0490    0.0092
   7992.58    0.0025   -0.0490    0.0093
   7993.62    0.0025   -0.0491    0.0094
   7994.65    0.0025   -0.0492    0.0096
   7995.68    0.0025   -0.0493    0.0098
   7996.71    0.0025   -0.0494    0.0100
   7997.75    0.0026   -0.0496    0.0102
   7998.78    0.0026   -0.0497    0.0104
   7999.81    0.0026   -0.0499    0.0106
   8000.84    0.0026   -0.0501    0.0108
   8001.88    0.0026   -0.0502    0.0109
   8002.91    0.0026   -0.0502    0.0111
   8003.94    0.0027   -0.0503    0.0113
   8004.97    0.0027   -0.0503    0.0115
   8006.01    0.0027   -0.0504    0.0118
   8007.04    0.0027   -0.0505    0.0120
   8008.07    0.0027   -0.0505    0.0123
   8009.10    0.0027   -0.0507    0.0125
   8010.14    0.0027   -0.0508    0.0128
   8011.17    0.0028   -0.0509    0.0130
   8012.20    0.0028   -0.0510    0.0132
   8013.23    0.0028   -0.0511    0.0134
   8014.27    0.0028   -0.0512    0.0136
   8015.30    0.0028   -0.0512    0.0138
   8016.33    0.0028   -0.0512    0.0141
   8017.36    0.0028   -0.0512    0.0143
   8018.40    0.0028   -0.0513    0.0146
   8019.43    0.0029   -0.0513    0.0149
   8020.46    0.0029   -0.0514    0.0151
   8021.49    0.0029   -0.0515    0.0154
   8022.53    0.0029   -0.0515    0.0156
   8023.56    0.0029   -0.0516    0.0159
   8024.59    0.0029   -0.0516    0.0161
   8025.62    0.0029   -0.0517    0.0163
   8026.66    0.0029   -0.0517    0.0166
   8027.69    0.0030   -0.0517    0.0168
   8028.72    0.0030   -0.0517    0.0171
   8029.75    0.0030   -0.0517    0.0173
   8030.79    0.0030   -0.0516    0.0175
   8031.82    0.0030   -0.0516    0.0178
   8032.85    0.0030   -0.0515    0.0180
   8033.88    0.0030   -0.0515    0.0182
   8034.92    0.0030   -0.0514    0.0185
   8035.95    0.0030   -0.0513    0.0187
   8036.98    0.0030   -0.0512    0.0189
   8038.01    0.0030   -0.0510    0.0191
   8039.05    0.0030   -0.0509    0.0193
   8040.08    0.0030   -0.0508    0.0195
   8041.11    0.0030   -0.0506    0.0197
   8042.14    0.0029   -0.0505    0.0199
   8043.18    0.0029   -0.0503    0.0201
   8044.21    0.0029   -0.0502    0.0203
   8045.24    0.0029   -0.0500    0.0205
   8046.27    0.0029   -0.0498    0.0207
   8047.31    0.0029   -0.0497    0.0208
   8048.34    0.0029   -0.0495    0.0210
   8049.37    0.0029   -0.0494    0.0212
   8050.40    0.0029   -0.0492    0.0213
   8051.44    0.0029   -0.0490    0.0215
   8052.47    0.0029   -0.0489    0.0216
   8053.50    0.0028   -0.0487    0.0217
   8054.53    0.0028   -0.0486    0.0219
   8055.57    0.0028   -0.0484    0.0220
   8056.60    0.0028   -0.0483    0.0221
   8057.63    0.0028   -0.0481    0.0222
   8058.66    0.0028   -0.0479    0.0223
   8059.70    0.0028   -0.0478    0.0224
   8060.73    0.0028   -0.0476    0.0226
   8061.76    0.0028   -0.0475    0.0227
   8062.79    0.0028   -0.0473    0.0227
   8063.83    0.0027   -0.0472    0.0228
   8064.86    0.0027   -0.0470    0.0229
   8065.89    0.0027   -0.0469    0.0230
   8066.92    0.0027   -0.0468    0.0231
   8067.96    0.0027   -0.0466    0.0232
   8068.99    0.0027   -0.0464    0.0233
   8070.02    0.0027   -0.0463    0.0233
   8071.05    0.0027   -0.0461    0.0234
   8072.09    0.0027   -0.0460    0.0235
   8073.12    0.0027   -0.0458    0.0235
   8074.15    0.0026   -0.0456    0.0236
   8075.18    0.0026   -0.0455    0.0236
   8076.22    0.0026   -0.0453    0.0237
   8077.25    0.0026   -0.0451    0.0237
   8078.28    0.0026   -0.0449    0.0237
   8079.31    0.0026   -0.0446    0.0237
   8080.35    0.0025   -0.0444    0.0237
   8081.38    0.0025   -0.0442    0.0237
   8082.41    0.0025   -0.0440    0.0237
   8083.44    0.0025   -0.0439    0.0237
   8084.48    0.0025   -0.0437    0.0236
   8085.51    0.0025   -0.0436    0.0236
   8086.54    0.0024   -0.0435    0.0235
   8087.57    0.0024   -0.0434    0.0235
   8088.61    0.0024   -0.0433    0.0234
   8089.64    0.0024   -0.0432    0.0234
   8090.67    0.0024   -0.0430    0.0233
   8091.70    0.0024   -0.0428    0.0233
   8092.74    0.0024   -0.0426    0.0233
   8093.77    0.0023   -0.0424    0.0232
   8094.80    0.0023   -0.0422    0.0232
   8095.83    0.0023   -0.0420    0.0231
   8096.87    0.0023   -0.0417    0.0231
   8097.90    0.0023   -0.0415    0.0231
   8098.93    0.0022   -0.0413    0.0230
   8099.96    0.0022   -0.0411    0.0229
   8101.00    0.0022   -0.0409    0.0229
   8102.03    0.0022   -0.0408    0.0228
   8103.06    0.0022   -0.0406    0.0228
   8104.09    0.0021   -0.0404    0.0227
   8105.13    0.0021   -0.0403    0.0226
   8106.16    0.0021   -0.0401    0.0225
   8107.19    0.0021   -0.0400    0.0225
   8108.22    0.0021   -0.0398    0.0224
   8109.26    0.0021   -0.0397    0.0224
   8110.29    0.0021   -0.0395    0.0223
   8111.32    0.0020   -0.0393    0.0223
   8112.35    0.0020   -0.0392    0.0223
   8113.39    0.0020   -0.0390    0.0222
   8114.42    0.0020   -0.0388    0.0222
   8115.45    0.0020   -0.0386    0.0222
   8116.48    0.0020   -0.0384    0.0222
   8117.52    0.0020   -0.0382    0.0222
   8118.55    0.0019   -0.0380    0.0222
   8119.58    0.0019   -0.0378    0.0222
   8120.61    0.0019   -0.0376    0.0222
   8121.65    0.0019   -0.0374    0.0222
   8122.68    0.0019   -0.0372    0.0222
   8123.71    0.0019   -0.0370    0.0223
   8124.74    0.0019   -0.0368    0.0223
   8125.78    0.0018   -0.0366    0.0223
   8126.81    0.0018   -0.0364    0.0223
   8127.84    0.0018   -0.0362    0.0222
   8128.87    0.0018   -0.0360    0.0222
   8129.91    0.0018   -0.0358    0.0222
   8130.94    0.0018   -0.0356    0.0222
   8131.97    0.0018   -0.0355    0.0222
   8133.00    0.0018   -0.0355    0.0223
   8134.04    0.0018   -0.0354    0.0223
   8135.07    0.0017   -0.0353    0.0223
   8136.10    0.0017   -0.0352    0.0224
   8137.13    0.0017   -0.0350    0.0224
   8138.17    0.0017   -0.0349    0.0224
   8139.20    0.0017   -0.0347    0.0224
   8140.23    0.0017   -0.0346    0.0224
   8141.26    0.0017   -0.0345    0.0225
   8142.30    0.0017   -0.0345    0.0225
   8143.33    0.0017   -0.0346    0.0226
   8144.36    0.0017   -0.0345    0.0226
   8145.39    0.0017   -0.0345    0.0227
   8146.43    0.0017   -0.0344    0.0228
   8147.46    0.0017   -0.0342    0.0229
   8148.49    0.0017   -0.0340    0.0230
   8149.52    0.0017   -0.0338    0.0231
   8150.56    0.0017   -0.0336    0.0232
   8151.59    0.0017   -0.0335    0.0233
   8152.62    0.0017   -0.0335    0.0234
   8153.65    0.0017   -0.0334    0.0235
   8154.69    0.0017   -0.0334    0.0235
   8155.72    0.0017   -0.0334    0.0236
   8156.75    0.0017   -0.0333    0.0236
   8157.78    0.0017   -0.0332    0.0237
   8158.82    0.0017   -0.0330    0.0237
   8159.85    0.0016   -0.0329    0.0238
   8160.88    0.0016   -0.0327    0.0238
   8161.91    0.0016   -0.0326    0.0239
   8162.95    0.0016   -0.0324    0.0240
   8163.98    0.0016   -0.0324    0.0241
   8165.01    0.0016   -0.0324    0.0241
   8166.04    0.0016   -0.0324    0.0242
   8167.08    0.0016   -0.0324    0.0243
   8168.11    0.0016   -0.0324    0.0244
   8169.14    0.0016   -0.0324    0.0245
   8170.17    0.0017   -0.0324    0.0246
   8171.21    0.0017   -0.0323    0.0247
   8172.24    0.0017   -0.0322    0.0248
   8173.27    0.0017   -0.0320    0.0250
   8174.30    0.0016   -0.0319    0.0251
   8175.34    0.0016   -0.0317    0.0253
   8176.37    0.0016   -0.0316    0.0255
   8177.40    0.0016   -0.0315    0.0256
   8178.43    0.0016   -0.0314    0.0258
   8179.47    0.0017   -0.0313    0.0259
   8180.50    0.0017   -0.0313    0.0260
   8181.53    0.0017   -0.0312    0.0262
   8182.56    0.0017   -0.0311    0.0263
   8183.60    0.0017   -0.0311    0.0264
   8184.63    0.0017   -0.0310    0.0265
   8185.66    0.0017   -0.0308    0.0266
   8186.69    0.0017   -0.0307    0.0267
   8187.73    0.0017   -0.0305    0.0268
   8188.76    0.0016   -0.0304    0.0269
   8189.79    0.0016   -0.0303    0.0270
   8190.82    0.0016   -0.0302    0.0271
   8191.86    0.0016   -0.0301    0.0271
   8192.89    0.0016   -0.0301    0.0272
   8193.92    0.0016   -0.0301    0.0272
   8194.95    0.0016   -0.0300    0.0273
   8195.99    0.0016   -0.0299    0.0274
   8197.02    0.0016   -0.0299    0.0275
   8198.05    0.0016   -0.0298    0.0276
   8199.08    0.0016   -0.0297    0.0277
   8200.12    0.0017   -0.0296    0.0279
   8201.15    0.0017   -0.0295    0.0280
   8202.18    0.0017   -0.0294    0.0281
   8203.21    0.0017   -0.0294    0.0282
   8204.25    0.0017   -0.0294    0.0283
   8205.28    0.0017   -0.0294    0.0284
   8206.31    0.0017   -0.0294    0.0284
   8207.34    0.0017   -0.0294    0.0285
   8208.38    0.0017   -0.0294    0.0286
   8209.41    0.0017   -0.0294    0.0288
   8210.44    0.0017   -0.0293    0.0289
   8211.47    0.0017   -0.0293    0.0291
   8212.51    0.0017   -0.0293    0.0292
   8213.54    0.0017   -0.0292    0.0294
   8214.57    0.0017   -0.0292    0.0296
   8215.60    0.0017   -0.0291    0.0298
   8216.64    0.0017   -0.0291    0.0299
   8217.67    0.0017   -0.0291    0.0301
   8218.70    0.0018   -0.0290    0.0302
   8219.73    0.0018   -0.0290    0.0303
   8220.77    0.0018   -0.0289    0.0304
   8221.80    0.0018   -0.0289    0.0305
   8222.83    0.0018   -0.0289    0.0306
   8223.86    0.0018   -0.0288    0.0306
   8224.90    0.0018   -0.0288    0.0307
   8225.93    0.0018   -0.0287    0.0308
   8226.96    0.0018   -0.0287    0.0309
   8227.99    0.0018   -0.0286    0.0310
   8229.03    0.0018   -0.0285    0.0312
   8230.06    0.0018   -0.0284    0.0313
   8231.09    0.0018   -0.0284    0.0314
   8232.12    0.0018   -0.0283    0.0316
   8233.16    0.0018   -0.0282    0.0317
   8234.19    0.0018   -0.0281    0.0318
   8235.22    0.0018   -0.0280    0.0320
   8236.25    0.0018   -0.0279    0.0321
   8237.29    0.0018   -0.0278    0.0322
   8238.32    0.0018   -0.0276    0.0322
   8239.35    0.0018   -0.0275    0.0323
   8240.38    0.0018   -0.0274    0.0324
   8241.42    0.0018   -0.0273    0.0324
   8242.45    0.0018   -0.0272    0.0324
   8243.48    0.0018   -0.0271    0.0325
   8244.51    0.0018   -0.0269    0.0325
   8245.55    0.0018   -0.0268    0.0325
   8246.58    0.0018   -0.0267    0.0325
   8247.61    0.0018   -0.0266    0.0325
   8248.64    0.0018   -0.0265    0.0326
   8249.68    0.0018   -0.0264    0.0326
   8250.71    0.0018   -0.0263    0.0326
   8251.74    0.0018   -0.0262    0.0326
   8252.77    0.0018   -0.0262    0.0327
   8253.81    0.0018   -0.0261    0.0327
   8254.84    0.0018   -0.0260    0.0328
   8255.87    0.0018   -0.0260    0.0328
   8256.90    0.0018   -0.0259    0.0329
   8257.94    0.0018   -0.0259    0.0330
   8258.97    0.0018   -0.0259    0.0330
   8260.00    0.0018   -0.0258    0.0331
   8261.03    0.0018   -0.0258    0.0331
   8262.07    0.0018   -0.0258    0.0331
   8263.10    0.0018   -0.0257    0.0332
   8264.13    0.0018   -0.0257    0.0332
   8265.16    0.0018   -0.0257    0.0332
   8266.20    0.0018   -0.0257    0.0332
   8267.23    0.0018   -0.0256    0.0332
   8268.26    0.0018   -0.0256    0.0332
   8269.29    0.0018   -0.0256    0.0332
   8270.33    0.0018   -0.0255    0.0332
   8271.36    0.0018   -0.0255    0.0332
   8272.39    0.0017   -0.0255    0.0332
   8273.42    0.0017   -0.0254    0.0331
   8274.46    0.0017   -0.0254    0.0331
   8275.49    0.0017   -0.0254    0.0330
   8276.52    0.0017   -0.0253    0.0330
   8277.55    0.0017   -0.0253    0.0330
   8278.59    0.0017   -0.0253    0.0329
   8279.62    0.0017   -0.0253    0.0329
   8280.65    0.0017   -0.0252    0.0328
   8281.68    0.0017   -0.0252    0.0328
   8282.72    0.0017   -0.0252    0.0327
   8283.75    0.0017   -0.0252    0.0327
   8284.78    0.0017   -0.0252    0.0327
   8285.81    0.0017   -0.0252    0.0326
   8286.85    0.0017   -0.0252    0.0326
   8287.88    0.0017   -0.0252    0.0326
   8288.91    0.0017   -0.0252    0.0326
   8289.94    0.0017   -0.0253    0.0325
   8290.98    0.0017   -0.0253    0.0325
   8292.01    0.0017   -0.0253    0.0325
   8293.04    0.0017   -0.0254    0.0325
   8294.07    0.0017   -0.0254    0.0325
   8295.11    0.0017   -0.0255    0.0325
   8296.14    0.0017   -0.0255    0.0325
   8297.17    0.0017   -0.0255    0.0325
   8298.20    0.0017   -0.0256    0.0326
   8299.24    0.0017   -0.0256    0.0326
   8300.27    0.0017   -0.0257    0.0326
   8301.30    0.0017   -0.0257    0.0326
   8302.33    0.0017   -0.0258    0.0327
