     #Time      Norm      Real      Imag
   7395.80    0.0000    0.0000   -0.0000
   7396.83    0.0000    0.0000   -0.0000
   7397.86    0.0000    0.0000   -0.0000
   7398.90    0.0000    0.0000   -0.0000
   7399.93    0.0000    0.0000   -0.0000
   7400.96    0.0000    0.0000   -0.0000
   7401.99    0.0000    0.0000   -0.0001
   7403.03    0.0000    0.0000   -0.0001
   7404.06    0.0000    0.0000   -0.0001
   7405.09    0.0000    0.0000   -0.0001
   7406.12    0.0000    0.0000   -0.0001
   7407.16    0.0000    0.0000   -0.0001
   7408.19    0.0000    0.0000   -0.0001
   7409.22    0.0000    0.0000   -0.0001
   7410.25    0.0000    0.0000   -0.0001
   7411.29    0.0000    0.0000   -0.0001
   7412.32    0.0000    0.0000   -0.0001
   7413.35    0.0000    0.0000   -0.0001
   7414.38    0.0000    0.0000   -0.0001
   7415.42    0.0000    0.0000   -0.0001
   7416.45    0.0000    0.0000   -0.0002
   7417.48    0.0000    0.0001   -0.0002
   7418.51    0.0000    0.0001   -0.0002
   7419.55    0.0000    0.0001   -0.0002
   7420.58    0.0000    0.0001   -0.0002
   7421.61    0.0000    0.0001   -0.0002
   7422.64    0.0000    0.0001   -0.0002
   7423.68    0.0000    0.0001   -0.0002
   7424.71    0.0000    0.0001   -0.0002
   7425.74    0.0000    0.0001   -0.0002
   7426.77    0.0000    0.0001   -0.0002
   7427.81    0.0000    0.0001   -0.0002
   7428.84    0.0000    0.0001   -0.0002
   7429.87    0.0000    0.0001   -0.0002
   7430.90    0.0000    0.0001   -0.0002
   7431.94    0.0000    0.0001   -0.0003
   7432.97    0.0000    0.0001   -0.0003
   7434.00    0.0000    0.0001   -0.0003
   7435.03    0.0000    0.0001   -0.0003
   7436.07    0.0000    0.0001   -0.0003
   7437.10    0.0000    0.0001   -0.0003
   7438.13    0.0000    0.0001   -0.0003
   7439.16    0.0000    0.0001   -0.0003
   7440.20    0.0000    0.0001   -0.0003
   7441.23    0.0000    0.0001   -0.0003
   7442.26    0.0000    0.0001   -0.0003
   7443.29    0.0000    0.0001   -0.0003
   7444.33    0.0000    0.0001   -0.0003
   7445.36    0.0000    0.0001   -0.0003
   7446.39    0.0000    0.0001   -0.0003
   7447.42    0.0000    0.0001   -0.0003
   7448.46    0.0000    0.0001   -0.0003
   7449.49    0.0000    0.0000   -0.0003
   7450.52    0.0000    0.0000   -0.0003
   7451.55    0.0000    0.0000   -0.0003
   7452.59    0.0000    0.0000   -0.0003
   7453.62    0.0000    0.0000   -0.0003
   7454.65    0.0000    0.0000   -0.0003
   7455.68    0.0000    0.0000   -0.0003
   7456.72    0.0000    0.0000   -0.0004
   7457.75    0.0000    0.0000   -0.0004
   7458.78    0.0000    0.0000   -0.0004
   7459.81    0.0000    0.0000   -0.0004
   7460.85    0.0000    0.0000   -0.0004
   7461.88    0.0000    0.0000   -0.0004
   7462.91    0.0000    0.0000   -0.0004
   7463.94    0.0000    0.0000   -0.0004
   7464.98    0.0000    0.0000   -0.0004
   7466.01    0.0000    0.0000   -0.0004
   7467.04    0.0000    0.0000   -0.0004
   7468.07    0.0000    0.0000   -0.0004
   7469.11    0.0000    0.0000   -0.0004
   7470.14    0.0000    0.0000   -0.0004
   7471.17    0.0000    0.0000   -0.0004
   7472.20    0.0000    0.0000   -0.0004
   7473.24    0.0000    0.0000   -0.0004
   7474.27    0.0000    0.0000   -0.0004
   7475.30    0.0000    0.0000   -0.0004
   7476.33    0.0000    0.0000   -0.0004
   7477.37    0.0000    0.0000   -0.0004
   7478.40    0.0000    0.0000   -0.0004
   7479.43    0.0000    0.0000   -0.0004
   7480.46    0.0000    0.0000   -0.0004
   7481.50    0.0000    0.0000   -0.0004
   7482.53    0.0000    0.0000   -0.0004
   7483.56    0.0000    0.0000   -0.0004
   7484.59    0.0000    0.0000   -0.0004
   7485.63    0.0000    0.0000   -0.0004
   7486.66    0.0000    0.0000   -0.0004
   7487.69    0.0000    0.0000   -0.0004
   7488.72    0.0000    0.0000   -0.0004
   7489.76    0.0000    0.0001   -0.0004
   7490.79    0.0000    0.0001   -0.0004
   7491.82    0.0000    0.0001   -0.0004
   7492.85    0.0000    0.0001   -0.0004
   7493.89    0.0000    0.0001   -0.0004
   7494.92    0.0000    0.0000   -0.0004
   7495.95    0.0000    0.0000   -0.0004
   7496.98    0.0000    0.0000   -0.0004
   7498.02    0.0000    0.0000   -0.0004
   7499.05    0.0000    0.0000   -0.0004
   7500.08    0.0000    0.0001   -0.0004
   7501.11    0.0000    0.0001   -0.0004
   7502.15    0.0000    0.0001   -0.0004
   7503.18    0.0000    0.0001   -0.0004
   7504.21    0.0000    0.0001   -0.0004
   7505.24    0.0000    0.0001   -0.0004
   7506.28    0.0000    0.0001   -0.0004
   7507.31    0.0000    0.0001   -0.0004
   7508.34    0.0000    0.0001   -0.0004
   7509.37    0.0000    0.0001   -0.0004
   7510.41    0.0000    0.0001   -0.0004
   7511.44    0.0000    0.0001   -0.0004
   7512.47    0.0000    0.0001   -0.0004
   7513.50    0.0000    0.0001   -0.0004
   7514.54    0.0000    0.0001   -0.0004
   7515.57    0.0000    0.0001   -0.0004
   7516.60    0.0000    0.0001   -0.0004
   7517.63    0.0000    0.0001   -0.0004
   7518.67    0.0000    0.0001   -0.0004
   7519.70    0.0000    0.0001   -0.0004
   7520.73    0.0000    0.0001   -0.0004
   7521.76    0.0000    0.0001   -0.0004
   7522.80    0.0000    0.0001   -0.0004
   7523.83    0.0000    0.0001   -0.0004
   7524.86    0.0000    0.0001   -0.0004
   7525.89    0.0000    0.0001   -0.0005
   7526.93    0.0000    0.0001   -0.0005
   7527.96    0.0000    0.0001   -0.0005
   7528.99    0.0000    0.0001   -0.0005
   7530.02    0.0000    0.0001   -0.0005
   7531.06    0.0000    0.0001   -0.0005
   7532.09    0.0000    0.0001   -0.0005
   7533.12    0.0000    0.0001   -0.0005
   7534.15    0.0000    0.0001   -0.0005
   7535.19    0.0000    0.0001   -0.0005
   7536.22    0.0000    0.0001   -0.0005
   7537.25    0.0000    0.0001   -0.0005
   7538.28    0.0000    0.0001   -0.0005
   7539.32    0.0000    0.0001   -0.0005
   7540.35    0.0000    0.0001   -0.0005
   7541.38    0.0000    0.0001   -0.0005
   7542.41    0.0000    0.0001   -0.0005
   7543.45    0.0000    0.0001   -0.0005
   7544.48    0.0000    0.0001   -0.0005
   7545.51    0.0000    0.0001   -0.0005
   7546.54    0.0000    0.0001   -0.0005
   7547.58    0.0000    0.0001   -0.0005
   7548.61    0.0000    0.0001   -0.0005
   7549.64    0.0000    0.0001   -0.0005
   7550.67    0.0000    0.0001   -0.0005
   7551.71    0.0000    0.0001   -0.0005
   7552.74    0.0000    0.0001   -0.0005
   7553.77    0.0000    0.0001   -0.0005
   7554.80    0.0000    0.0001   -0.0005
   7555.84    0.0000    0.0001   -0.0005
   7556.87    0.0000    0.0001   -0.0005
   7557.90    0.0000    0.0001   -0.0005
   7558.93    0.0000    0.0001   -0.0005
   7559.97    0.0000    0.0001   -0.0005
   7561.00    0.0000    0.0001   -0.0005
   7562.03    0.0000    0.0001   -0.0005
   7563.06    0.0000    0.0001   -0.0005
   7564.10    0.0000    0.0001   -0.0005
   7565.13    0.0000    0.0001   -0.0005
   7566.16    0.0000    0.0001   -0.0005
   7567.19    0.0000    0.0001   -0.0005
   7568.23    0.0000    0.0001   -0.0006
   7569.26    0.0000    0.0001   -0.0006
   7570.29    0.0000    0.0001   -0.0006
   7571.32    0.0000    0.0001   -0.0006
   7572.36    0.0000    0.0001   -0.0006
   7573.39    0.0000    0.0001   -0.0006
   7574.42    0.0000    0.0001   -0.0006
   7575.45    0.0000    0.0001   -0.0006
   7576.49    0.0000    0.0001   -0.0006
   7577.52    0.0000    0.0001   -0.0006
   7578.55    0.0000    0.0001   -0.0006
   7579.58    0.0000    0.0001   -0.0006
   7580.62    0.0000    0.0001   -0.0006
   7581.65    0.0000    0.0001   -0.0006
   7582.68    0.0000    0.0001   -0.0006
   7583.71    0.0000    0.0001   -0.0006
   7584.75    0.0000    0.0001   -0.0006
   7585.78    0.0000    0.0001   -0.0006
   7586.81    0.0000    0.0001   -0.0006
   7587.84    0.0000    0.0001   -0.0006
   7588.88    0.0000    0.0001   -0.0006
   7589.91    0.0000    0.0001   -0.0006
   7590.94    0.0000    0.0001   -0.0006
   7591.97    0.0000    0.0001   -0.0006
   7593.01    0.0000    0.0001   -0.0006
   7594.04    0.0000    0.0001   -0.0006
   7595.07    0.0000    0.0001   -0.0006
   7596.10    0.0000    0.0001   -0.0006
   7597.14    0.0000    0.0001   -0.0007
   7598.17    0.0000    0.0001   -0.0007
   7599.20    0.0000    0.0001   -0.0007
   7600.23    0.0000    0.0001   -0.0007
   7601.27    0.0000    0.0001   -0.0007
   7602.30    0.0000    0.0001   -0.0007
   7603.33    0.0000    0.0001   -0.0007
   7604.36    0.0000    0.0001   -0.0007
   7605.40    0.0000    0.0001   -0.0007
   7606.43    0.0000    0.0001   -0.0007
   7607.46    0.0000    0.0001   -0.0007
   7608.49    0.0000    0.0000   -0.0007
   7609.53    0.0000    0.0000   -0.0007
   7610.56    0.0000    0.0000   -0.0007
   7611.59    0.0000    0.0000   -0.0007
   7612.62    0.0000    0.0000   -0.0007
   7613.66    0.0000    0.0000   -0.0007
   7614.69    0.0000    0.0000   -0.0007
   7615.72    0.0000    0.0000   -0.0007
   7616.75    0.0000   -0.0000   -0.0007
   7617.79    0.0000   -0.0000   -0.0007
   7618.82    0.0000   -0.0000   -0.0007
   7619.85    0.0000   -0.0000   -0.0007
   7620.88    0.0000   -0.0000   -0.0007
   7621.92    0.0000   -0.0000   -0.0007
   7622.95    0.0000   -0.0000   -0.0007
   7623.98    0.0000   -0.0000   -0.0007
   7625.01    0.0000   -0.0000   -0.0007
   7626.05    0.0000   -0.0000   -0.0007
   7627.08    0.0000   -0.0000   -0.0007
   7628.11    0.0000   -0.0000   -0.0007
   7629.14    0.0000   -0.0000   -0.0007
   7630.18    0.0000   -0.0000   -0.0007
   7631.21    0.0000   -0.0000   -0.0007
   7632.24    0.0000   -0.0000   -0.0007
   7633.27    0.0000   -0.0000   -0.0008
   7634.31    0.0000   -0.0000   -0.0008
   7635.34    0.0000   -0.0000   -0.0008
   7636.37    0.0000   -0.0000   -0.0008
   7637.40    0.0000   -0.0001   -0.0008
   7638.44    0.0000   -0.0001   -0.0008
   7639.47    0.0000   -0.0001   -0.0008
   7640.50    0.0000   -0.0001   -0.0008
   7641.53    0.0000   -0.0001   -0.0008
   7642.57    0.0000   -0.0001   -0.0007
   7643.60    0.0000   -0.0001   -0.0007
   7644.63    0.0000   -0.0001   -0.0007
   7645.66    0.0000   -0.0001   -0.0008
   7646.70    0.0000   -0.0001   -0.0008
   7647.73    0.0000   -0.0001   -0.0008
   7648.76    0.0000   -0.0001   -0.0008
   7649.79    0.0000   -0.0001   -0.0008
   7650.83    0.0000   -0.0001   -0.0008
   7651.86    0.0000   -0.0001   -0.0008
   7652.89    0.0000   -0.0001   -0.0008
   7653.92    0.0000   -0.0002   -0.0008
   7654.96    0.0000   -0.0002   -0.0008
   7655.99    0.0000   -0.0002   -0.0007
   7657.02    0.0000   -0.0002   -0.0007
   7658.05    0.0000   -0.0002   -0.0007
   7659.09    0.0000   -0.0002   -0.0008
   7660.12    0.0000   -0.0002   -0.0008
   7661.15    0.0000   -0.0002   -0.0008
   7662.18    0.0000   -0.0002   -0.0008
   7663.22    0.0000   -0.0002   -0.0008
   7664.25    0.0000   -0.0002   -0.0008
   7665.28    0.0000   -0.0002   -0.0008
   7666.31    0.0000   -0.0002   -0.0008
   7667.35    0.0000   -0.0002   -0.0008
   7668.38    0.0000   -0.0002   -0.0008
   7669.41    0.0000   -0.0002   -0.0007
   7670.44    0.0000   -0.0002   -0.0007
   7671.48    0.0000   -0.0002   -0.0007
   7672.51    0.0000   -0.0002   -0.0008
   7673.54    0.0000   -0.0002   -0.0008
   7674.57    0.0000   -0.0002   -0.0008
   7675.61    0.0000   -0.0002   -0.0008
   7676.64    0.0000   -0.0002   -0.0008
   7677.67    0.0000   -0.0002   -0.0008
   7678.70    0.0000   -0.0002   -0.0008
   7679.74    0.0000   -0.0002   -0.0008
   7680.77    0.0000   -0.0002   -0.0008
   7681.80    0.0000   -0.0002   -0.0008
   7682.83    0.0000   -0.0002   -0.0008
   7683.87    0.0000   -0.0002   -0.0007
   7684.90    0.0000   -0.0002   -0.0007
   7685.93    0.0000   -0.0002   -0.0007
   7686.96    0.0000   -0.0002   -0.0007
   7688.00    0.0000   -0.0002   -0.0008
   7689.03    0.0000   -0.0002   -0.0008
   7690.06    0.0000   -0.0002   -0.0008
   7691.09    0.0000   -0.0002   -0.0008
   7692.13    0.0000   -0.0002   -0.0008
   7693.16    0.0000   -0.0002   -0.0008
   7694.19    0.0000   -0.0002   -0.0008
   7695.22    0.0000   -0.0003   -0.0008
   7696.26    0.0000   -0.0003   -0.0008
   7697.29    0.0000   -0.0003   -0.0008
   7698.32    0.0000   -0.0002   -0.0008
   7699.35    0.0000   -0.0002   -0.0008
   7700.39    0.0000   -0.0002   -0.0008
   7701.42    0.0000   -0.0002   -0.0008
   7702.45    0.0000   -0.0002   -0.0008
   7703.48    0.0000   -0.0002   -0.0008
   7704.52    0.0000   -0.0002   -0.0008
   7705.55    0.0000   -0.0002   -0.0008
   7706.58    0.0000   -0.0002   -0.0008
   7707.61    0.0000   -0.0002   -0.0008
   7708.65    0.0000   -0.0002   -0.0008
   7709.68    0.0000   -0.0002   -0.0008
   7710.71    0.0000   -0.0002   -0.0008
   7711.74    0.0000   -0.0002   -0.0008
   7712.78    0.0000   -0.0002   -0.0008
   7713.81    0.0000   -0.0002   -0.0008
   7714.84    0.0000   -0.0003   -0.0008
   7715.87    0.0000   -0.0003   -0.0008
   7716.91    0.0000   -0.0003   -0.0008
   7717.94    0.0000   -0.0003   -0.0008
   7718.97    0.0000   -0.0003   -0.0009
   7720.00    0.0000   -0.0003   -0.0009
   7721.04    0.0000   -0.0003   -0.0009
   7722.07    0.0000   -0.0003   -0.0009
   7723.10    0.0000   -0.0003   -0.0009
   7724.13    0.0000   -0.0003   -0.0009
   7725.17    0.0000   -0.0003   -0.0009
   7726.20    0.0000   -0.0003   -0.0009
   7727.23    0.0000   -0.0003   -0.0009
   7728.26    0.0000   -0.0003   -0.0009
   7729.30    0.0000   -0.0003   -0.0008
   7730.33    0.0000   -0.0003   -0.0008
   7731.36    0.0000   -0.0003   -0.0008
   7732.39    0.0000   -0.0003   -0.0008
   7733.43    0.0000   -0.0003   -0.0008
   7734.46    0.0000   -0.0003   -0.0008
   7735.49    0.0000   -0.0003   -0.0008
   7736.52    0.0000   -0.0003   -0.0008
   7737.56    0.0000   -0.0003   -0.0008
   7738.59    0.0000   -0.0002   -0.0008
   7739.62    0.0000   -0.0002   -0.0008
   7740.65    0.0000   -0.0002   -0.0008
   7741.69    0.0000   -0.0002   -0.0008
   7742.72    0.0000   -0.0002   -0.0008
   7743.75    0.0000   -0.0002   -0.0008
   7744.78    0.0000   -0.0002   -0.0008
   7745.82    0.0000   -0.0002   -0.0008
   7746.85    0.0000   -0.0003   -0.0008
   7747.88    0.0000   -0.0003   -0.0008
   7748.91    0.0000   -0.0003   -0.0008
   7749.95    0.0000   -0.0003   -0.0009
   7750.98    0.0000   -0.0003   -0.0009
   7752.01    0.0000   -0.0003   -0.0009
   7753.04    0.0000   -0.0003   -0.0009
   7754.08    0.0000   -0.0003   -0.0009
   7755.11    0.0000   -0.0003   -0.0009
   7756.14    0.0000   -0.0003   -0.0009
   7757.17    0.0000   -0.0003   -0.0009
   7758.21    0.0000   -0.0003   -0.0010
   7759.24    0.0000   -0.0003   -0.0010
   7760.27    0.0000   -0.0003   -0.0010
   7761.30    0.0000   -0.0003   -0.0010
   7762.34    0.0000   -0.0003   -0.0010
   7763.37    0.0000   -0.0003   -0.0010
   7764.40    0.0000   -0.0003   -0.0010
   7765.43    0.0000   -0.0003   -0.0010
   7766.47    0.0000   -0.0003   -0.0010
   7767.50    0.0000   -0.0003   -0.0010
   7768.53    0.0000   -0.0003   -0.0010
   7769.56    0.0000   -0.0003   -0.0010
   7770.60    0.0000   -0.0003   -0.0009
   7771.63    0.0000   -0.0003   -0.0009
   7772.66    0.0000   -0.0003   -0.0009
   7773.69    0.0000   -0.0003   -0.0009
   7774.73    0.0000   -0.0003   -0.0009
   7775.76    0.0000   -0.0003   -0.0009
   7776.79    0.0000   -0.0003   -0.0009
   7777.82    0.0000   -0.0003   -0.0009
   7778.86    0.0000   -0.0003   -0.0009
   7779.89    0.0000   -0.0003   -0.0008
   7780.92    0.0000   -0.0003   -0.0008
   7781.95    0.0000   -0.0002   -0.0008
   7782.99    0.0000   -0.0002   -0.0008
   7784.02    0.0000   -0.0002   -0.0008
   7785.05    0.0000   -0.0002   -0.0008
   7786.08    0.0000   -0.0002   -0.0008
   7787.12    0.0000   -0.0002   -0.0008
   7788.15    0.0000   -0.0002   -0.0008
   7789.18    0.0000   -0.0002   -0.0008
   7790.21    0.0000   -0.0002   -0.0008
   7791.25    0.0000   -0.0002   -0.0008
   7792.28    0.0000   -0.0002   -0.0008
   7793.31    0.0000   -0.0002   -0.0008
   7794.34    0.0000   -0.0002   -0.0008
   7795.38    0.0000   -0.0002   -0.0008
   7796.41    0.0000   -0.0002   -0.0008
   7797.44    0.0000   -0.0002   -0.0008
   7798.47    0.0000   -0.0002   -0.0008
   7799.51    0.0000   -0.0002   -0.0009
   7800.54    0.0000   -0.0002   -0.0009
   7801.57    0.0000   -0.0002   -0.0009
   7802.60    0.0000   -0.0002   -0.0009
   7803.64    0.0000   -0.0003   -0.0009
   7804.67    0.0000   -0.0003   -0.0009
   7805.70    0.0000   -0.0003   -0.0009
   7806.73    0.0000   -0.0003   -0.0009
   7807.77    0.0000   -0.0003   -0.0009
   7808.80    0.0000   -0.0003   -0.0009
   7809.83    0.0000   -0.0003   -0.0009
   7810.86    0.0000   -0.0003   -0.0009
   7811.90    0.0000   -0.0003   -0.0008
   7812.93    0.0000   -0.0003   -0.0008
   7813.96    0.0000   -0.0004   -0.0008
   7814.99    0.0000   -0.0004   -0.0008
   7816.03    0.0000   -0.0004   -0.0008
   7817.06    0.0000   -0.0004   -0.0008
   7818.09    0.0000   -0.0004   -0.0008
   7819.12    0.0000   -0.0004   -0.0008
   7820.16    0.0000   -0.0004   -0.0008
   7821.19    0.0000   -0.0004   -0.0008
   7822.22    0.0000   -0.0004   -0.0007
   7823.25    0.0000   -0.0004   -0.0007
   7824.29    0.0000   -0.0004   -0.0007
   7825.32    0.0000   -0.0003   -0.0007
   7826.35    0.0000   -0.0003   -0.0007
   7827.38    0.0000   -0.0003   -0.0007
   7828.42    0.0000   -0.0003   -0.0007
   7829.45    0.0000   -0.0003   -0.0007
   7830.48    0.0000   -0.0003   -0.0006
   7831.51    0.0000   -0.0003   -0.0006
   7832.55    0.0000   -0.0003   -0.0006
   7833.58    0.0000   -0.0003   -0.0006
   7834.61    0.0000   -0.0002   -0.0006
   7835.64    0.0000   -0.0002   -0.0006
   7836.68    0.0000   -0.0002   -0.0006
   7837.71    0.0000   -0.0002   -0.0006
   7838.74    0.0000   -0.0002   -0.0006
   7839.77    0.0000   -0.0002   -0.0006
   7840.81    0.0000   -0.0002   -0.0006
   7841.84    0.0000   -0.0002   -0.0006
   7842.87    0.0000   -0.0002   -0.0006
   7843.90    0.0000   -0.0002   -0.0006
   7844.94    0.0000   -0.0002   -0.0006
   7845.97    0.0000   -0.0002   -0.0006
   7847.00    0.0000   -0.0002   -0.0006
   7848.03    0.0000   -0.0002   -0.0006
   7849.07    0.0000   -0.0002   -0.0006
   7850.10    0.0000   -0.0002   -0.0006
   7851.13    0.0000   -0.0002   -0.0006
   7852.16    0.0000   -0.0002   -0.0006
   7853.20    0.0000   -0.0002   -0.0007
   7854.23    0.0000   -0.0002   -0.0007
   7855.26    0.0000   -0.0002   -0.0007
   7856.29    0.0000   -0.0002   -0.0007
   7857.33    0.0000   -0.0003   -0.0007
   7858.36    0.0000   -0.0003   -0.0007
   7859.39    0.0000   -0.0003   -0.0007
   7860.42    0.0000   -0.0003   -0.0007
   7861.46    0.0000   -0.0003   -0.0007
   7862.49    0.0000   -0.0003   -0.0007
   7863.52    0.0000   -0.0003   -0.0007
   7864.55    0.0000   -0.0003   -0.0006
   7865.59    0.0000   -0.0003   -0.0006
   7866.62    0.0000   -0.0003   -0.0006
   7867.65    0.0000   -0.0003   -0.0006
   7868.68    0.0000   -0.0003   -0.0006
   7869.72    0.0000   -0.0003   -0.0006
   7870.75    0.0000   -0.0003   -0.0006
   7871.78    0.0000   -0.0003   -0.0006
   7872.81    0.0000   -0.0003   -0.0006
   7873.85    0.0000   -0.0003   -0.0005
   7874.88    0.0000   -0.0003   -0.0005
   7875.91    0.0000   -0.0003   -0.0005
   7876.94    0.0000   -0.0003   -0.0005
   7877.98    0.0000   -0.0002   -0.0005
   7879.01    0.0000   -0.0002   -0.0005
   7880.04    0.0000   -0.0002   -0.0005
   7881.07    0.0000   -0.0002   -0.0005
   7882.11    0.0000   -0.0002   -0.0005
   7883.14    0.0000   -0.0002   -0.0005
   7884.17    0.0000   -0.0002   -0.0005
   7885.20    0.0000   -0.0002   -0.0005
   7886.24    0.0000   -0.0002   -0.0005
   7887.27    0.0000   -0.0002   -0.0005
   7888.30    0.0000   -0.0002   -0.0005
   7889.33    0.0000   -0.0002   -0.0005
   7890.37    0.0000   -0.0002   -0.0005
   7891.40    0.0000   -0.0002   -0.0005
   7892.43    0.0000   -0.0002   -0.0005
   7893.46    0.0000   -0.0002   -0.0005
   7894.50    0.0000   -0.0002   -0.0005
   7895.53    0.0000   -0.0002   -0.0006
   7896.56    0.0000   -0.0002   -0.0006
   7897.59    0.0000   -0.0002   -0.0006
   7898.63    0.0000   -0.0002   -0.0006
   7899.66    0.0000   -0.0003   -0.0006
   7900.69    0.0000   -0.0003   -0.0006
   7901.72    0.0000   -0.0003   -0.0006
   7902.76    0.0000   -0.0003   -0.0006
   7903.79    0.0000   -0.0003   -0.0006
   7904.82    0.0000   -0.0003   -0.0006
   7905.85    0.0000   -0.0003   -0.0006
   7906.89    0.0000   -0.0003   -0.0006
   7907.92    0.0000   -0.0003   -0.0006
   7908.95    0.0000   -0.0003   -0.0006
   7909.98    0.0000   -0.0003   -0.0006
   7911.02    0.0000   -0.0003   -0.0006
   7912.05    0.0000   -0.0003   -0.0005
   7913.08    0.0000   -0.0003   -0.0005
   7914.11    0.0000   -0.0003   -0.0005
   7915.15    0.0000   -0.0003   -0.0005
   7916.18    0.0000   -0.0003   -0.0005
   7917.21    0.0000   -0.0003   -0.0004
   7918.24    0.0000   -0.0003   -0.0004
   7919.28    0.0000   -0.0003   -0.0004
   7920.31    0.0000   -0.0003   -0.0004
   7921.34    0.0000   -0.0003   -0.0004
   7922.37    0.0000   -0.0003   -0.0004
   7923.41    0.0000   -0.0002   -0.0004
   7924.44    0.0000   -0.0002   -0.0004
   7925.47    0.0000   -0.0002   -0.0004
   7926.50    0.0000   -0.0002   -0.0004
   7927.54    0.0000   -0.0002   -0.0004
   7928.57    0.0000   -0.0003   -0.0005
   7929.60    0.0000   -0.0003   -0.0005
   7930.63    0.0000   -0.0003   -0.0005
   7931.67    0.0000   -0.0003   -0.0005
   7932.70    0.0000   -0.0003   -0.0005
   7933.73    0.0000   -0.0003   -0.0005
   7934.76    0.0000   -0.0003   -0.0005
   7935.80    0.0000   -0.0003   -0.0005
   7936.83    0.0000   -0.0003   -0.0005
   7937.86    0.0000   -0.0003   -0.0005
   7938.89    0.0000   -0.0003   -0.0005
   7939.93    0.0000   -0.0003   -0.0005
   7940.96    0.0000   -0.0003   -0.0005
   7941.99    0.0000   -0.0003   -0.0004
   7943.02    0.0000   -0.0003   -0.0004
   7944.06    0.0000   -0.0003   -0.0004
   7945.09    0.0000   -0.0003   -0.0004
   7946.12    0.0000   -0.0003   -0.0004
   7947.15    0.0000   -0.0003   -0.0003
   7948.19    0.0000   -0.0003   -0.0003
   7949.22    0.0000   -0.0003   -0.0003
   7950.25    0.0000   -0.0003   -0.0003
   7951.28    0.0000   -0.0003   -0.0003
   7952.32    0.0000   -0.0003   -0.0003
   7953.35    0.0000   -0.0003   -0.0003
   7954.38    0.0000   -0.0003   -0.0003
   7955.41    0.0000   -0.0003   -0.0003
   7956.45    0.0000   -0.0003   -0.0003
   7957.48    0.0000   -0.0003   -0.0004
   7958.51    0.0000   -0.0003   -0.0004
   7959.54    0.0000   -0.0003   -0.0004
   7960.58    0.0000   -0.0003   -0.0004
   7961.61    0.0000   -0.0003   -0.0004
   7962.64    0.0000   -0.0003   -0.0004
   7963.67    0.0000   -0.0003   -0.0004
   7964.71    0.0000   -0.0003   -0.0003
   7965.74    0.0000   -0.0003   -0.0003
   7966.77    0.0000   -0.0003   -0.0003
   7967.80    0.0000   -0.0003   -0.0003
   7968.84    0.0000   -0.0003   -0.0002
   7969.87    0.0000   -0.0003   -0.0002
   7970.90    0.0000   -0.0003   -0.0002
   7971.93    0.0000   -0.0003   -0.0002
   7972.97    0.0000   -0.0003   -0.0002
   7974.00    0.0000   -0.0003   -0.0002
   7975.03    0.0000   -0.0003   -0.0002
   7976.06    0.0000   -0.0003   -0.0002
   7977.10    0.0000   -0.0003   -0.0002
   7978.13    0.0000   -0.0003   -0.0002
   7979.16    0.0000   -0.0003   -0.0002
   7980.19    0.0000   -0.0003   -0.0002
   7981.23    0.0000   -0.0003   -0.0002
   7982.26    0.0000   -0.0003   -0.0002
   7983.29    0.0000   -0.0003   -0.0002
   7984.32    0.0000   -0.0003   -0.0002
   7985.36    0.0000   -0.0003   -0.0001
   7986.39    0.0000   -0.0003   -0.0001
   7987.42    0.0000   -0.0003   -0.0001
   7988.45    0.0000   -0.0003   -0.0000
   7989.49    0.0000   -0.0003   -0.0000
   7990.52    0.0000   -0.0003   -0.0000
   7991.55    0.0000   -0.0003    0.0000
   7992.58    0.0000   -0.0003    0.0000
   7993.62    0.0000   -0.0003    0.0000
   7994.65    0.0000   -0.0003    0.0000
   7995.68    0.0000   -0.0003   -0.0000
   7996.71    0.0000   -0.0003   -0.0000
   7997.75    0.0000   -0.0003   -0.0000
   7998.78    0.0000   -0.0003    0.0000
   7999.81    0.0000   -0.0003    0.0000
   8000.84    0.0000   -0.0003    0.0000
   8001.88    0.0000   -0.0003    0.0000
   8002.91    0.0000   -0.0003    0.0001
   8003.94    0.0000   -0.0003    0.0001
   8004.97    0.0000   -0.0003    0.0001
   8006.01    0.0000   -0.0003    0.0001
   8007.04    0.0000   -0.0003    0.0001
   8008.07    0.0000   -0.0003    0.0001
   8009.10    0.0000   -0.0003    0.0001
   8010.14    0.0000   -0.0003    0.0001
   8011.17    0.0000   -0.0003    0.0002
   8012.20    0.0000   -0.0003    0.0002
   8013.23    0.0000   -0.0003    0.0002
   8014.27    0.0000   -0.0003    0.0002
   8015.30    0.0000   -0.0003    0.0002
   8016.33    0.0000   -0.0003    0.0002
   8017.36    0.0000   -0.0003    0.0002
   8018.40    0.0000   -0.0003    0.0002
   8019.43    0.0000   -0.0003    0.0002
   8020.46    0.0000   -0.0003    0.0003
   8021.49    0.0000   -0.0003    0.0003
   8022.53    0.0000   -0.0003    0.0003
   8023.56    0.0000   -0.0003    0.0003
   8024.59    0.0000   -0.0004    0.0003
   8025.62    0.0000   -0.0004    0.0003
   8026.66    0.0000   -0.0004    0.0003
   8027.69    0.0000   -0.0004    0.0003
   8028.72    0.0000   -0.0004    0.0004
   8029.75    0.0000   -0.0003    0.0004
   8030.79    0.0000   -0.0003    0.0004
   8031.82    0.0000   -0.0003    0.0004
   8032.85    0.0000   -0.0003    0.0004
   8033.88    0.0000   -0.0003    0.0004
   8034.92    0.0000   -0.0003    0.0004
   8035.95    0.0000   -0.0003    0.0005
   8036.98    0.0000   -0.0003    0.0005
   8038.01    0.0000   -0.0003    0.0005
   8039.05    0.0000   -0.0003    0.0005
   8040.08    0.0000   -0.0003    0.0005
   8041.11    0.0000   -0.0003    0.0005
   8042.14    0.0000   -0.0003    0.0006
   8043.18    0.0000   -0.0003    0.0006
   8044.21    0.0000   -0.0003    0.0006
   8045.24    0.0000   -0.0003    0.0006
   8046.27    0.0000   -0.0003    0.0006
   8047.31    0.0000   -0.0003    0.0006
   8048.34    0.0000   -0.0003    0.0007
   8049.37    0.0000   -0.0003    0.0007
   8050.40    0.0000   -0.0003    0.0007
   8051.44    0.0000   -0.0003    0.0007
   8052.47    0.0000   -0.0002    0.0007
   8053.50    0.0000   -0.0002    0.0007
   8054.53    0.0000   -0.0002    0.0007
   8055.57    0.0000   -0.0002    0.0007
   8056.60    0.0000   -0.0002    0.0008
   8057.63    0.0000   -0.0002    0.0008
   8058.66    0.0000   -0.0002    0.0008
   8059.70    0.0000   -0.0002    0.0008
   8060.73    0.0000   -0.0002    0.0008
   8061.76    0.0000   -0.0002    0.0008
   8062.79    0.0000   -0.0002    0.0008
   8063.83    0.0000   -0.0002    0.0008
   8064.86    0.0000   -0.0002    0.0008
   8065.89    0.0000   -0.0002    0.0008
   8066.92    0.0000   -0.0003    0.0008
   8067.96    0.0000   -0.0003    0.0008
   8068.99    0.0000   -0.0003    0.0008
   8070.02    0.0000   -0.0003    0.0008
   8071.05    0.0000   -0.0003    0.0009
   8072.09    0.0000   -0.0003    0.0009
   8073.12    0.0000   -0.0004    0.0009
   8074.15    0.0000   -0.0004    0.0009
   8075.18    0.0000   -0.0004    0.0009
   8076.22    0.0000   -0.0004    0.0009
   8077.25    0.0000   -0.0004    0.0009
   8078.28    0.0000   -0.0004    0.0009
   8079.31    0.0000   -0.0004    0.0009
   8080.35    0.0000   -0.0005    0.0009
   8081.38    0.0000   -0.0005    0.0009
   8082.41    0.0000   -0.0005    0.0009
   8083.44    0.0000   -0.0005    0.0010
   8084.48    0.0000   -0.0005    0.0010
   8085.51    0.0000   -0.0005    0.0010
   8086.54    0.0000   -0.0005    0.0010
   8087.57    0.0000   -0.0005    0.0010
   8088.61    0.0000   -0.0005    0.0010
   8089.64    0.0000   -0.0005    0.0010
   8090.67    0.0000   -0.0005    0.0010
   8091.70    0.0000   -0.0005    0.0010
   8092.74    0.0000   -0.0005    0.0010
   8093.77    0.0000   -0.0005    0.0010
   8094.80    0.0000   -0.0005    0.0010
   8095.83    0.0000   -0.0006    0.0010
   8096.87    0.0000   -0.0006    0.0010
   8097.90    0.0000   -0.0006    0.0010
   8098.93    0.0000   -0.0006    0.0010
   8099.96    0.0000   -0.0006    0.0010
   8101.00    0.0000   -0.0006    0.0010
   8102.03    0.0000   -0.0006    0.0010
   8103.06    0.0000   -0.0006    0.0010
   8104.09    0.0000   -0.0007    0.0011
   8105.13    0.0000   -0.0007    0.0011
   8106.16    0.0000   -0.0007    0.0011
   8107.19    0.0000   -0.0007    0.0011
   8108.22    0.0000   -0.0007    0.0011
   8109.26    0.0000   -0.0007    0.0011
   8110.29    0.0000   -0.0007    0.0011
   8111.32    0.0000   -0.0007    0.0011
   8112.35    0.0000   -0.0007    0.0011
   8113.39    0.0000   -0.0007    0.0011
   8114.42    0.0000   -0.0007    0.0011
   8115.45    0.0000   -0.0007    0.0012
   8116.48    0.0000   -0.0007    0.0012
   8117.52    0.0000   -0.0007    0.0012
   8118.55    0.0000   -0.0007    0.0012
   8119.58    0.0000   -0.0007    0.0012
   8120.61    0.0000   -0.0007    0.0012
   8121.65    0.0000   -0.0007    0.0012
   8122.68    0.0000   -0.0008    0.0012
   8123.71    0.0000   -0.0008    0.0012
   8124.74    0.0000   -0.0008    0.0012
   8125.78    0.0000   -0.0008    0.0012
   8126.81    0.0000   -0.0008    0.0012
   8127.84    0.0000   -0.0008    0.0012
   8128.87    0.0000   -0.0008    0.0013
   8129.91    0.0000   -0.0008    0.0013
   8130.94    0.0000   -0.0008    0.0013
   8131.97    0.0000   -0.0008    0.0013
   8133.00    0.0000   -0.0009    0.0013
   8134.04    0.0000   -0.0009    0.0013
   8135.07    0.0000   -0.0009    0.0013
   8136.10    0.0000   -0.0009    0.0013
   8137.13    0.0000   -0.0009    0.0013
   8138.17    0.0000   -0.0009    0.0014
   8139.20    0.0000   -0.0009    0.0014
   8140.23    0.0000   -0.0009    0.0014
   8141.26    0.0000   -0.0009    0.0014
   8142.30    0.0000   -0.0010    0.0014
   8143.33    0.0000   -0.0010    0.0014
   8144.36    0.0000   -0.0010    0.0014
   8145.39    0.0000   -0.0010    0.0014
   8146.43    0.0000   -0.0010    0.0015
   8147.46    0.0000   -0.0010    0.0015
   8148.49    0.0000   -0.0010    0.0015
   8149.52    0.0000   -0.0010    0.0015
   8150.56    0.0000   -0.0010    0.0015
   8151.59    0.0000   -0.0010    0.0015
   8152.62    0.0000   -0.0010    0.0015
   8153.65    0.0000   -0.0010    0.0015
   8154.69    0.0000   -0.0011    0.0016
   8155.72    0.0000   -0.0011    0.0016
   8156.75    0.0000   -0.0011    0.0016
   8157.78    0.0000   -0.0011    0.0016
   8158.82    0.0000   -0.0011    0.0016
   8159.85    0.0000   -0.0011    0.0016
   8160.88    0.0000   -0.0011    0.0017
   8161.91    0.0000   -0.0011    0.0017
   8162.95    0.0000   -0.0011    0.0017
   8163.98    0.0000   -0.0011    0.0017
   8165.01    0.0000   -0.0011    0.0017
   8166.04    0.0000   -0.0011    0.0017
   8167.08    0.0000   -0.0011    0.0018
   8168.11    0.0000   -0.0011    0.0018
   8169.14    0.0000   -0.0011    0.0018
   8170.17    0.0000   -0.0011    0.0018
   8171.21    0.0000   -0.0011    0.0018
   8172.24    0.0000   -0.0011    0.0018
   8173.27    0.0000   -0.0011    0.0019
   8174.30    0.0000   -0.0011    0.0019
   8175.34    0.0000   -0.0011    0.0019
   8176.37    0.0000   -0.0011    0.0019
   8177.40    0.0000   -0.0011    0.0019
   8178.43    0.0000   -0.0011    0.0019
   8179.47    0.0000   -0.0011    0.0020
   8180.50    0.0000   -0.0011    0.0020
   8181.53    0.0000   -0.0011    0.0020
   8182.56    0.0000   -0.0012    0.0020
   8183.60    0.0000   -0.0012    0.0020
   8184.63    0.0000   -0.0012    0.0020
   8185.66    0.0000   -0.0012    0.0021
   8186.69    0.0000   -0.0012    0.0021
   8187.73    0.0000   -0.0012    0.0021
   8188.76    0.0000   -0.0012    0.0021
   8189.79    0.0000   -0.0012    0.0021
   8190.82    0.0000   -0.0012    0.0021
   8191.86    0.0000   -0.0012    0.0021
   8192.89    0.0000   -0.0012    0.0022
   8193.92    0.0000   -0.0012    0.0022
   8194.95    0.0000   -0.0012    0.0022
   8195.99    0.0000   -0.0012    0.0022
   8197.02    0.0000   -0.0012    0.0022
   8198.05    0.0000   -0.0012    0.0022
   8199.08    0.0000   -0.0012    0.0023
   8200.12    0.0000   -0.0013    0.0023
   8201.15    0.0000   -0.0013    0.0023
   8202.18    0.0000   -0.0013    0.0023
   8203.21    0.0000   -0.0013    0.0023
   8204.25    0.0000   -0.0013    0.0023
   8205.28    0.0000   -0.0013    0.0024
   8206.31    0.0000   -0.0013    0.0024
   8207.34    0.0000   -0.0013    0.0024
   8208.38    0.0000   -0.0013    0.0024
   8209.41    0.0000   -0.0013    0.0024
   8210.44    0.0000   -0.0013    0.0025
   8211.47    0.0000   -0.0013    0.0025
   8212.51    0.0000   -0.0013    0.0025
   8213.54    0.0000   -0.0013    0.0025
   8214.57    0.0000   -0.0014    0.0025
   8215.60    0.0000   -0.0014    0.0026
   8216.64    0.0000   -0.0014    0.0026
   8217.67    0.0000   -0.0014    0.0026
   8218.70    0.0000   -0.0014    0.0026
   8219.73    0.0000   -0.0014    0.0026
   8220.77    0.0000   -0.0014    0.0026
   8221.80    0.0000   -0.0014    0.0027
   8222.83    0.0000   -0.0014    0.0027
   8223.86    0.0000   -0.0014    0.0027
   8224.90    0.0000   -0.0014    0.0027
   8225.93    0.0000   -0.0014    0.0027
   8226.96    0.0000   -0.0015    0.0027
   8227.99    0.0000   -0.0015    0.0027
   8229.03    0.0000   -0.0015    0.0027
   8230.06    0.0000   -0.0015    0.0028
   8231.09    0.0000   -0.0015    0.0028
   8232.12    0.0000   -0.0015    0.0028
   8233.16    0.0000   -0.0015    0.0028
   8234.19    0.0000   -0.0015    0.0028
   8235.22    0.0000   -0.0015    0.0028
   8236.25    0.0000   -0.0016    0.0028
   8237.29    0.0000   -0.0016    0.0028
   8238.32    0.0000   -0.0016    0.0028
   8239.35    0.0000   -0.0016    0.0028
   8240.38    0.0000   -0.0016    0.0029
   8241.42    0.0000   -0.0016    0.0029
   8242.45    0.0000   -0.0016    0.0029
   8243.48    0.0000   -0.0016    0.0029
   8244.51    0.0000   -0.0016    0.0029
   8245.55    0.0000   -0.0016    0.0029
   8246.58    0.0000   -0.0017    0.0029
   8247.61    0.0000   -0.0017    0.0029
   8248.64    0.0000   -0.0017    0.0029
   8249.68    0.0000   -0.0017    0.0029
   8250.71    0.0000   -0.0017    0.0029
   8251.74    0.0000   -0.0017    0.0029
   8252.77    0.0000   -0.0017    0.0029
   8253.81    0.0000   -0.0018    0.0029
   8254.84    0.0000   -0.0018    0.0029
   8255.87    0.0000   -0.0018    0.0029
   8256.90    0.0000   -0.0018    0.0029
   8257.94    0.0000   -0.0018    0.0029
   8258.97    0.0000   -0.0018    0.0029
   8260.00    0.0000   -0.0019    0.0029
   8261.03    0.0000   -0.0019    0.0029
   8262.07    0.0000   -0.0019    0.0030
   8263.10    0.0000   -0.0019    0.0030
   8264.13    0.0000   -0.0020    0.0030
   8265.16    0.0000   -0.0020    0.0030
   8266.20    0.0000   -0.0020    0.0030
   8267.23    0.0000   -0.0020    0.0030
   8268.26    0.0000   -0.0020    0.0030
   8269.29    0.0000   -0.0021    0.0030
   8270.33    0.0000   -0.0021    0.0030
   8271.36    0.0000   -0.0021    0.0030
   8272.39    0.0000   -0.0021    0.0030
   8273.42    0.0000   -0.0021    0.0030
   8274.46    0.0000   -0.0022    0.0030
   8275.49    0.0000   -0.0022    0.0030
   8276.52    0.0000   -0.0022    0.0030
   8277.55    0.0000   -0.0022    0.0030
   8278.59    0.0000   -0.0022    0.0030
   8279.62    0.0000   -0.0022    0.0031
   8280.65    0.0000   -0.0023    0.0031
   8281.68    0.0000   -0.0023    0.0031
   8282.72    0.0000   -0.0023    0.0031
   8283.75    0.0000   -0.0023    0.0031
   8284.78    0.0000   -0.0023    0.0031
   8285.81    0.0000   -0.0024    0.0031
   8286.85    0.0000   -0.0024    0.0031
   8287.88    0.0000   -0.0024    0.0031
   8288.91    0.0000   -0.0024    0.0031
   8289.94    0.0000   -0.0024    0.0031
   8290.98    0.0000   -0.0025    0.0031
   8292.01    0.0000   -0.0025    0.0031
   8293.04    0.0000   -0.0025    0.0031
   8294.07    0.0000   -0.0025    0.0031
   8295.11    0.0000   -0.0025    0.0031
   8296.14    0.0000   -0.0026    0.0031
   8297.17    0.0000   -0.0026    0.0031
   8298.20    0.0000   -0.0026    0.0032
   8299.24    0.0000   -0.0026    0.0032
   8300.27    0.0000   -0.0026    0.0032
   8301.30    0.0000   -0.0027    0.0032
   8302.33    0.0000   -0.0027    0.0032
