     #Time      Norm      Real      Imag
   7386.51    0.0000    0.0000   -0.0000
   7387.54    0.0000    0.0000   -0.0000
   7388.57    0.0000    0.0000   -0.0000
   7389.60    0.0000    0.0000   -0.0000
   7390.64    0.0000    0.0000   -0.0000
   7391.67    0.0000    0.0000   -0.0001
   7392.70    0.0000    0.0001   -0.0001
   7393.73    0.0000    0.0001   -0.0001
   7394.77    0.0000    0.0001   -0.0001
   7395.80    0.0000    0.0001   -0.0001
   7396.83    0.0000    0.0001   -0.0001
   7397.86    0.0000    0.0001   -0.0001
   7398.90    0.0000    0.0001   -0.0001
   7399.93    0.0000    0.0001   -0.0001
   7400.96    0.0000    0.0001   -0.0002
   7401.99    0.0000    0.0001   -0.0002
   7403.03    0.0000    0.0001   -0.0002
   7404.06    0.0000    0.0001   -0.0002
   7405.09    0.0000    0.0001   -0.0002
   7406.12    0.0000    0.0002   -0.0002
   7407.16    0.0000    0.0002   -0.0002
   7408.19    0.0000    0.0002   -0.0003
   7409.22    0.0000    0.0002   -0.0003
   7410.25    0.0000    0.0002   -0.0003
   7411.29    0.0000    0.0002   -0.0003
   7412.32    0.0000    0.0002   -0.0003
   7413.35    0.0000    0.0002   -0.0003
   7414.38    0.0000    0.0002   -0.0003
   7415.42    0.0000    0.0002   -0.0003
   7416.45    0.0000    0.0002   -0.0004
   7417.48    0.0000    0.0002   -0.0004
   7418.51    0.0000    0.0002   -0.0004
   7419.55    0.0000    0.0002   -0.0004
   7420.58    0.0000    0.0002   -0.0004
   7421.61    0.0000    0.0002   -0.0004
   7422.64    0.0000    0.0002   -0.0004
   7423.68    0.0000    0.0002   -0.0005
   7424.71    0.0000    0.0002   -0.0005
   7425.74    0.0000    0.0002   -0.0005
   7426.77    0.0000    0.0002   -0.0005
   7427.81    0.0000    0.0002   -0.0005
   7428.84    0.0000    0.0002   -0.0005
   7429.87    0.0000    0.0002   -0.0005
   7430.90    0.0000    0.0002   -0.0005
   7431.94    0.0000    0.0003   -0.0005
   7432.97    0.0000    0.0003   -0.0006
   7434.00    0.0000    0.0003   -0.0006
   7435.03    0.0000    0.0003   -0.0006
   7436.07    0.0000    0.0003   -0.0006
   7437.10    0.0000    0.0003   -0.0006
   7438.13    0.0000    0.0003   -0.0006
   7439.16    0.0000    0.0003   -0.0006
   7440.20    0.0000    0.0003   -0.0006
   7441.23    0.0000    0.0003   -0.0006
   7442.26    0.0000    0.0003   -0.0007
   7443.29    0.0000    0.0003   -0.0007
   7444.33    0.0000    0.0003   -0.0007
   7445.36    0.0000    0.0003   -0.0007
   7446.39    0.0000    0.0003   -0.0007
   7447.42    0.0000    0.0003   -0.0007
   7448.46    0.0000    0.0003   -0.0007
   7449.49    0.0000    0.0003   -0.0007
   7450.52    0.0000    0.0003   -0.0007
   7451.55    0.0000    0.0003   -0.0007
   7452.59    0.0000    0.0003   -0.0007
   7453.62    0.0000    0.0003   -0.0007
   7454.65    0.0000    0.0003   -0.0008
   7455.68    0.0000    0.0003   -0.0008
   7456.72    0.0000    0.0003   -0.0008
   7457.75    0.0000    0.0003   -0.0008
   7458.78    0.0000    0.0003   -0.0008
   7459.81    0.0000    0.0003   -0.0008
   7460.85    0.0000    0.0003   -0.0008
   7461.88    0.0000    0.0003   -0.0008
   7462.91    0.0000    0.0003   -0.0008
   7463.94    0.0000    0.0003   -0.0008
   7464.98    0.0000    0.0003   -0.0008
   7466.01    0.0000    0.0003   -0.0008
   7467.04    0.0000    0.0003   -0.0008
   7468.07    0.0000    0.0003   -0.0008
   7469.11    0.0000    0.0003   -0.0008
   7470.14    0.0000    0.0003   -0.0008
   7471.17    0.0000    0.0003   -0.0008
   7472.20    0.0000    0.0003   -0.0008
   7473.24    0.0000    0.0003   -0.0008
   7474.27    0.0000    0.0003   -0.0008
   7475.30    0.0000    0.0003   -0.0008
   7476.33    0.0000    0.0003   -0.0008
   7477.37    0.0000    0.0003   -0.0008
   7478.40    0.0000    0.0003   -0.0008
   7479.43    0.0000    0.0003   -0.0008
   7480.46    0.0000    0.0003   -0.0008
   7481.50    0.0000    0.0004   -0.0008
   7482.53    0.0000    0.0004   -0.0008
   7483.56    0.0000    0.0004   -0.0008
   7484.59    0.0000    0.0004   -0.0008
   7485.63    0.0000    0.0004   -0.0008
   7486.66    0.0000    0.0004   -0.0008
   7487.69    0.0000    0.0004   -0.0008
   7488.72    0.0000    0.0004   -0.0008
   7489.76    0.0000    0.0004   -0.0008
   7490.79    0.0000    0.0004   -0.0008
   7491.82    0.0000    0.0004   -0.0008
   7492.85    0.0000    0.0004   -0.0008
   7493.89    0.0000    0.0004   -0.0008
   7494.92    0.0000    0.0004   -0.0008
   7495.95    0.0000    0.0004   -0.0008
   7496.98    0.0000    0.0004   -0.0008
   7498.02    0.0000    0.0004   -0.0008
   7499.05    0.0000    0.0005   -0.0008
   7500.08    0.0000    0.0005   -0.0008
   7501.11    0.0000    0.0005   -0.0007
   7502.15    0.0000    0.0005   -0.0007
   7503.18    0.0000    0.0005   -0.0007
   7504.21    0.0000    0.0005   -0.0007
   7505.24    0.0000    0.0005   -0.0007
   7506.28    0.0000    0.0005   -0.0007
   7507.31    0.0000    0.0005   -0.0007
   7508.34    0.0000    0.0005   -0.0007
   7509.37    0.0000    0.0005   -0.0007
   7510.41    0.0000    0.0005   -0.0007
   7511.44    0.0000    0.0005   -0.0007
   7512.47    0.0000    0.0006   -0.0007
   7513.50    0.0000    0.0006   -0.0007
   7514.54    0.0000    0.0006   -0.0007
   7515.57    0.0000    0.0006   -0.0007
   7516.60    0.0000    0.0006   -0.0007
   7517.63    0.0000    0.0006   -0.0007
   7518.67    0.0000    0.0006   -0.0006
   7519.70    0.0000    0.0006   -0.0006
   7520.73    0.0000    0.0006   -0.0006
   7521.76    0.0000    0.0006   -0.0006
   7522.80    0.0000    0.0006   -0.0006
   7523.83    0.0000    0.0006   -0.0006
   7524.86    0.0000    0.0007   -0.0006
   7525.89    0.0000    0.0007   -0.0006
   7526.93    0.0000    0.0007   -0.0006
   7527.96    0.0000    0.0007   -0.0006
   7528.99    0.0000    0.0007   -0.0006
   7530.02    0.0000    0.0007   -0.0006
   7531.06    0.0000    0.0007   -0.0006
   7532.09    0.0000    0.0007   -0.0006
   7533.12    0.0000    0.0007   -0.0006
   7534.15    0.0000    0.0007   -0.0006
   7535.19    0.0000    0.0007   -0.0006
   7536.22    0.0000    0.0007   -0.0006
   7537.25    0.0000    0.0007   -0.0006
   7538.28    0.0000    0.0008   -0.0005
   7539.32    0.0000    0.0008   -0.0005
   7540.35    0.0000    0.0008   -0.0005
   7541.38    0.0000    0.0008   -0.0005
   7542.41    0.0000    0.0008   -0.0005
   7543.45    0.0000    0.0008   -0.0005
   7544.48    0.0000    0.0008   -0.0005
   7545.51    0.0000    0.0008   -0.0005
   7546.54    0.0000    0.0008   -0.0005
   7547.58    0.0000    0.0008   -0.0005
   7548.61    0.0000    0.0008   -0.0005
   7549.64    0.0000    0.0008   -0.0005
   7550.67    0.0000    0.0008   -0.0005
   7551.71    0.0000    0.0008   -0.0005
   7552.74    0.0000    0.0009   -0.0005
   7553.77    0.0000    0.0009   -0.0005
   7554.80    0.0000    0.0009   -0.0005
   7555.84    0.0000    0.0009   -0.0005
   7556.87    0.0000    0.0009   -0.0005
   7557.90    0.0000    0.0009   -0.0005
   7558.93    0.0000    0.0009   -0.0005
   7559.97    0.0000    0.0009   -0.0005
   7561.00    0.0000    0.0009   -0.0005
   7562.03    0.0000    0.0009   -0.0005
   7563.06    0.0000    0.0009   -0.0005
   7564.10    0.0000    0.0009   -0.0004
   7565.13    0.0000    0.0009   -0.0004
   7566.16    0.0000    0.0009   -0.0004
   7567.19    0.0000    0.0009   -0.0004
   7568.23    0.0000    0.0009   -0.0004
   7569.26    0.0000    0.0009   -0.0004
   7570.29    0.0000    0.0009   -0.0004
   7571.32    0.0000    0.0009   -0.0004
   7572.36    0.0000    0.0009   -0.0004
   7573.39    0.0000    0.0009   -0.0004
   7574.42    0.0000    0.0009   -0.0004
   7575.45    0.0000    0.0009   -0.0004
   7576.49    0.0000    0.0009   -0.0004
   7577.52    0.0000    0.0009   -0.0004
   7578.55    0.0000    0.0009   -0.0004
   7579.58    0.0000    0.0009   -0.0004
   7580.62    0.0000    0.0009   -0.0004
   7581.65    0.0000    0.0009   -0.0004
   7582.68    0.0000    0.0009   -0.0004
   7583.71    0.0000    0.0009   -0.0004
   7584.75    0.0000    0.0009   -0.0004
   7585.78    0.0000    0.0009   -0.0004
   7586.81    0.0000    0.0009   -0.0004
   7587.84    0.0000    0.0009   -0.0004
   7588.88    0.0000    0.0009   -0.0004
   7589.91    0.0000    0.0009   -0.0004
   7590.94    0.0000    0.0009   -0.0004
   7591.97    0.0000    0.0009   -0.0004
   7593.01    0.0000    0.0009   -0.0004
   7594.04    0.0000    0.0009   -0.0004
   7595.07    0.0000    0.0009   -0.0004
   7596.10    0.0000    0.0009   -0.0004
   7597.14    0.0000    0.0009   -0.0004
   7598.17    0.0000    0.0009   -0.0004
   7599.20    0.0000    0.0009   -0.0004
   7600.23    0.0000    0.0009   -0.0004
   7601.27    0.0000    0.0009   -0.0004
   7602.30    0.0000    0.0009   -0.0004
   7603.33    0.0000    0.0009   -0.0004
   7604.36    0.0000    0.0009   -0.0004
   7605.40    0.0000    0.0009   -0.0004
   7606.43    0.0000    0.0008   -0.0003
   7607.46    0.0000    0.0008   -0.0003
   7608.49    0.0000    0.0008   -0.0003
   7609.53    0.0000    0.0008   -0.0003
   7610.56    0.0000    0.0008   -0.0003
   7611.59    0.0000    0.0008   -0.0003
   7612.62    0.0000    0.0008   -0.0003
   7613.66    0.0000    0.0008   -0.0003
   7614.69    0.0000    0.0008   -0.0003
   7615.72    0.0000    0.0008   -0.0003
   7616.75    0.0000    0.0007   -0.0003
   7617.79    0.0000    0.0007   -0.0003
   7618.82    0.0000    0.0007   -0.0003
   7619.85    0.0000    0.0007   -0.0003
   7620.88    0.0000    0.0007   -0.0003
   7621.92    0.0000    0.0007   -0.0003
   7622.95    0.0000    0.0007   -0.0003
   7623.98    0.0000    0.0007   -0.0002
   7625.01    0.0000    0.0007   -0.0002
   7626.05    0.0000    0.0007   -0.0002
   7627.08    0.0000    0.0007   -0.0002
   7628.11    0.0000    0.0007   -0.0002
   7629.14    0.0000    0.0006   -0.0002
   7630.18    0.0000    0.0006   -0.0002
   7631.21    0.0000    0.0006   -0.0002
   7632.24    0.0000    0.0006   -0.0002
   7633.27    0.0000    0.0006   -0.0002
   7634.31    0.0000    0.0006   -0.0002
   7635.34    0.0000    0.0006   -0.0002
   7636.37    0.0000    0.0006   -0.0002
   7637.40    0.0000    0.0006   -0.0002
   7638.44    0.0000    0.0005   -0.0001
   7639.47    0.0000    0.0005   -0.0001
   7640.50    0.0000    0.0005   -0.0001
   7641.53    0.0000    0.0005   -0.0001
   7642.57    0.0000    0.0005   -0.0001
   7643.60    0.0000    0.0005   -0.0001
   7644.63    0.0000    0.0005   -0.0001
   7645.66    0.0000    0.0005   -0.0001
   7646.70    0.0000    0.0005   -0.0001
   7647.73    0.0000    0.0004   -0.0000
   7648.76    0.0000    0.0004   -0.0000
   7649.79    0.0000    0.0004   -0.0000
   7650.83    0.0000    0.0004   -0.0000
   7651.86    0.0000    0.0004   -0.0000
   7652.89    0.0000    0.0004    0.0000
   7653.92    0.0000    0.0004    0.0000
   7654.96    0.0000    0.0004    0.0000
   7655.99    0.0000    0.0004    0.0000
   7657.02    0.0000    0.0004    0.0001
   7658.05    0.0000    0.0003    0.0001
   7659.09    0.0000    0.0003    0.0001
   7660.12    0.0000    0.0003    0.0001
   7661.15    0.0000    0.0003    0.0001
   7662.18    0.0000    0.0003    0.0001
   7663.22    0.0000    0.0003    0.0001
   7664.25    0.0000    0.0003    0.0002
   7665.28    0.0000    0.0003    0.0002
   7666.31    0.0000    0.0003    0.0002
   7667.35    0.0000    0.0003    0.0002
   7668.38    0.0000    0.0003    0.0002
   7669.41    0.0000    0.0003    0.0002
   7670.44    0.0000    0.0003    0.0003
   7671.48    0.0000    0.0003    0.0003
   7672.51    0.0000    0.0003    0.0003
   7673.54    0.0000    0.0003    0.0003
   7674.57    0.0000    0.0003    0.0003
   7675.61    0.0000    0.0002    0.0003
   7676.64    0.0000    0.0002    0.0003
   7677.67    0.0000    0.0002    0.0003
   7678.70    0.0000    0.0002    0.0004
   7679.74    0.0000    0.0002    0.0004
   7680.77    0.0000    0.0002    0.0004
   7681.80    0.0000    0.0002    0.0004
   7682.83    0.0000    0.0002    0.0004
   7683.87    0.0000    0.0002    0.0005
   7684.90    0.0000    0.0002    0.0005
   7685.93    0.0000    0.0002    0.0005
   7686.96    0.0000    0.0002    0.0005
   7688.00    0.0000    0.0002    0.0005
   7689.03    0.0000    0.0002    0.0005
   7690.06    0.0000    0.0002    0.0005
   7691.09    0.0000    0.0002    0.0006
   7692.13    0.0000    0.0002    0.0006
   7693.16    0.0000    0.0002    0.0006
   7694.19    0.0000    0.0002    0.0006
   7695.22    0.0000    0.0002    0.0006
   7696.26    0.0000    0.0002    0.0006
   7697.29    0.0000    0.0002    0.0006
   7698.32    0.0000    0.0002    0.0007
   7699.35    0.0000    0.0002    0.0007
   7700.39    0.0000    0.0002    0.0007
   7701.42    0.0000    0.0002    0.0007
   7702.45    0.0000    0.0002    0.0007
   7703.48    0.0000    0.0002    0.0008
   7704.52    0.0000    0.0002    0.0008
   7705.55    0.0000    0.0002    0.0008
   7706.58    0.0000    0.0002    0.0008
   7707.61    0.0000    0.0002    0.0008
   7708.65    0.0000    0.0002    0.0008
   7709.68    0.0000    0.0002    0.0009
   7710.71    0.0000    0.0002    0.0009
   7711.74    0.0000    0.0002    0.0009
   7712.78    0.0000    0.0002    0.0009
   7713.81    0.0000    0.0002    0.0009
   7714.84    0.0000    0.0002    0.0009
   7715.87    0.0000    0.0002    0.0009
   7716.91    0.0000    0.0002    0.0009
   7717.94    0.0000    0.0002    0.0010
   7718.97    0.0000    0.0002    0.0010
   7720.00    0.0000    0.0002    0.0010
   7721.04    0.0000    0.0002    0.0010
   7722.07    0.0000    0.0002    0.0010
   7723.10    0.0000    0.0002    0.0010
   7724.13    0.0000    0.0002    0.0010
   7725.17    0.0000    0.0002    0.0011
   7726.20    0.0000    0.0002    0.0011
   7727.23    0.0000    0.0002    0.0011
   7728.26    0.0000    0.0002    0.0011
   7729.30    0.0000    0.0002    0.0011
   7730.33    0.0000    0.0002    0.0012
   7731.36    0.0000    0.0002    0.0012
   7732.39    0.0000    0.0002    0.0012
   7733.43    0.0000    0.0002    0.0012
   7734.46    0.0000    0.0002    0.0012
   7735.49    0.0000    0.0002    0.0013
   7736.52    0.0000    0.0002    0.0013
   7737.56    0.0000    0.0002    0.0013
   7738.59    0.0000    0.0002    0.0013
   7739.62    0.0000    0.0002    0.0013
   7740.65    0.0000    0.0002    0.0013
   7741.69    0.0000    0.0002    0.0014
   7742.72    0.0000    0.0002    0.0014
   7743.75    0.0000    0.0002    0.0014
   7744.78    0.0000    0.0002    0.0014
   7745.82    0.0000    0.0002    0.0014
   7746.85    0.0000    0.0002    0.0014
   7747.88    0.0000    0.0002    0.0015
   7748.91    0.0000    0.0002    0.0015
   7749.95    0.0000    0.0003    0.0015
   7750.98    0.0000    0.0003    0.0015
   7752.01    0.0000    0.0003    0.0015
   7753.04    0.0000    0.0003    0.0015
   7754.08    0.0000    0.0003    0.0015
   7755.11    0.0000    0.0003    0.0016
   7756.14    0.0000    0.0003    0.0016
   7757.17    0.0000    0.0003    0.0016
   7758.21    0.0000    0.0003    0.0016
   7759.24    0.0000    0.0003    0.0016
   7760.27    0.0000    0.0003    0.0016
   7761.30    0.0000    0.0003    0.0016
   7762.34    0.0000    0.0003    0.0017
   7763.37    0.0000    0.0003    0.0017
   7764.40    0.0000    0.0003    0.0017
   7765.43    0.0000    0.0003    0.0017
   7766.47    0.0000    0.0003    0.0017
   7767.50    0.0000    0.0003    0.0018
   7768.53    0.0000    0.0003    0.0018
   7769.56    0.0000    0.0003    0.0018
   7770.60    0.0000    0.0003    0.0018
   7771.63    0.0000    0.0003    0.0018
   7772.66    0.0000    0.0003    0.0019
   7773.69    0.0000    0.0003    0.0019
   7774.73    0.0000    0.0003    0.0019
   7775.76    0.0000    0.0003    0.0019
   7776.79    0.0000    0.0003    0.0020
   7777.82    0.0000    0.0003    0.0020
   7778.86    0.0000    0.0003    0.0020
   7779.89    0.0000    0.0003    0.0020
   7780.92    0.0000    0.0003    0.0021
   7781.95    0.0000    0.0003    0.0021
   7782.99    0.0000    0.0003    0.0021
   7784.02    0.0000    0.0003    0.0021
   7785.05    0.0000    0.0003    0.0022
   7786.08    0.0000    0.0003    0.0022
   7787.12    0.0000    0.0003    0.0022
   7788.15    0.0000    0.0003    0.0022
   7789.18    0.0000    0.0003    0.0022
   7790.21    0.0000    0.0003    0.0022
   7791.25    0.0000    0.0003    0.0023
   7792.28    0.0000    0.0003    0.0023
   7793.31    0.0000    0.0003    0.0023
   7794.34    0.0000    0.0003    0.0023
   7795.38    0.0000    0.0003    0.0023
   7796.41    0.0000    0.0003    0.0023
   7797.44    0.0000    0.0003    0.0023
   7798.47    0.0000    0.0003    0.0024
   7799.51    0.0000    0.0003    0.0024
   7800.54    0.0000    0.0003    0.0024
   7801.57    0.0000    0.0003    0.0024
   7802.60    0.0000    0.0003    0.0024
   7803.64    0.0000    0.0003    0.0024
   7804.67    0.0000    0.0003    0.0024
   7805.70    0.0000    0.0003    0.0024
   7806.73    0.0000    0.0003    0.0024
   7807.77    0.0000    0.0003    0.0024
   7808.80    0.0000    0.0003    0.0025
   7809.83    0.0000    0.0003    0.0025
   7810.86    0.0000    0.0003    0.0025
   7811.90    0.0000    0.0003    0.0025
   7812.93    0.0000    0.0003    0.0025
   7813.96    0.0000    0.0003    0.0025
   7814.99    0.0000    0.0003    0.0025
   7816.03    0.0000    0.0003    0.0026
   7817.06    0.0000    0.0003    0.0026
   7818.09    0.0000    0.0003    0.0026
   7819.12    0.0000    0.0003    0.0026
   7820.16    0.0000    0.0003    0.0026
   7821.19    0.0000    0.0003    0.0027
   7822.22    0.0000    0.0003    0.0027
   7823.25    0.0000    0.0003    0.0027
   7824.29    0.0000    0.0003    0.0027
   7825.32    0.0000    0.0003    0.0027
   7826.35    0.0000    0.0003    0.0028
   7827.38    0.0000    0.0003    0.0028
   7828.42    0.0000    0.0003    0.0028
   7829.45    0.0000    0.0003    0.0028
   7830.48    0.0000    0.0003    0.0028
   7831.51    0.0000    0.0003    0.0029
   7832.55    0.0000    0.0003    0.0029
   7833.58    0.0000    0.0003    0.0029
   7834.61    0.0000    0.0003    0.0029
   7835.64    0.0000    0.0003    0.0030
   7836.68    0.0000    0.0003    0.0030
   7837.71    0.0000    0.0003    0.0030
   7838.74    0.0000    0.0003    0.0030
   7839.77    0.0000    0.0003    0.0030
   7840.81    0.0000    0.0003    0.0030
   7841.84    0.0000    0.0003    0.0031
   7842.87    0.0000    0.0003    0.0031
   7843.90    0.0000    0.0003    0.0031
   7844.94    0.0000    0.0004    0.0031
   7845.97    0.0000    0.0004    0.0031
   7847.00    0.0000    0.0004    0.0031
   7848.03    0.0000    0.0004    0.0031
   7849.07    0.0000    0.0004    0.0032
   7850.10    0.0000    0.0004    0.0032
   7851.13    0.0000    0.0004    0.0032
   7852.16    0.0000    0.0004    0.0032
   7853.20    0.0000    0.0004    0.0032
   7854.23    0.0000    0.0004    0.0032
   7855.26    0.0000    0.0004    0.0032
   7856.29    0.0000    0.0004    0.0032
   7857.33    0.0000    0.0004    0.0032
   7858.36    0.0000    0.0004    0.0032
   7859.39    0.0000    0.0004    0.0032
   7860.42    0.0000    0.0004    0.0033
   7861.46    0.0000    0.0004    0.0033
   7862.49    0.0000    0.0005    0.0033
   7863.52    0.0000    0.0005    0.0033
   7864.55    0.0000    0.0005    0.0033
   7865.59    0.0000    0.0005    0.0033
   7866.62    0.0000    0.0005    0.0033
   7867.65    0.0000    0.0005    0.0033
   7868.68    0.0000    0.0005    0.0033
   7869.72    0.0000    0.0005    0.0034
   7870.75    0.0000    0.0005    0.0034
   7871.78    0.0000    0.0005    0.0034
   7872.81    0.0000    0.0005    0.0034
   7873.85    0.0000    0.0005    0.0034
   7874.88    0.0000    0.0005    0.0034
   7875.91    0.0000    0.0005    0.0035
   7876.94    0.0000    0.0005    0.0035
   7877.98    0.0000    0.0005    0.0035
   7879.01    0.0000    0.0005    0.0035
   7880.04    0.0000    0.0005    0.0035
   7881.07    0.0000    0.0005    0.0035
   7882.11    0.0000    0.0005    0.0035
   7883.14    0.0000    0.0006    0.0035
   7884.17    0.0000    0.0006    0.0036
   7885.20    0.0000    0.0006    0.0036
   7886.24    0.0000    0.0006    0.0036
   7887.27    0.0000    0.0006    0.0036
   7888.30    0.0000    0.0006    0.0036
   7889.33    0.0000    0.0006    0.0036
   7890.37    0.0000    0.0006    0.0036
   7891.40    0.0000    0.0006    0.0036
   7892.43    0.0000    0.0006    0.0036
   7893.46    0.0000    0.0007    0.0036
   7894.50    0.0000    0.0007    0.0037
   7895.53    0.0000    0.0007    0.0037
   7896.56    0.0000    0.0007    0.0037
   7897.59    0.0000    0.0007    0.0037
   7898.63    0.0000    0.0007    0.0037
   7899.66    0.0000    0.0007    0.0037
   7900.69    0.0000    0.0007    0.0037
   7901.72    0.0000    0.0007    0.0037
   7902.76    0.0000    0.0007    0.0037
   7903.79    0.0000    0.0007    0.0037
   7904.82    0.0000    0.0008    0.0037
   7905.85    0.0000    0.0008    0.0037
   7906.89    0.0000    0.0008    0.0037
   7907.92    0.0000    0.0008    0.0037
   7908.95    0.0000    0.0008    0.0037
   7909.98    0.0000    0.0008    0.0037
   7911.02    0.0000    0.0007    0.0038
   7912.05    0.0000    0.0008    0.0038
   7913.08    0.0000    0.0008    0.0038
   7914.11    0.0000    0.0008    0.0038
   7915.15    0.0000    0.0008    0.0038
   7916.18    0.0000    0.0008    0.0038
   7917.21    0.0000    0.0008    0.0038
   7918.24    0.0000    0.0008    0.0038
   7919.28    0.0000    0.0008    0.0039
   7920.31    0.0000    0.0008    0.0039
   7921.34    0.0000    0.0008    0.0039
   7922.37    0.0000    0.0008    0.0039
   7923.41    0.0000    0.0008    0.0039
   7924.44    0.0000    0.0008    0.0039
   7925.47    0.0000    0.0008    0.0039
   7926.50    0.0000    0.0008    0.0039
   7927.54    0.0000    0.0009    0.0039
   7928.57    0.0000    0.0009    0.0039
   7929.60    0.0000    0.0009    0.0039
   7930.63    0.0000    0.0009    0.0039
   7931.67    0.0000    0.0009    0.0039
   7932.70    0.0000    0.0009    0.0040
   7933.73    0.0000    0.0009    0.0040
   7934.76    0.0000    0.0009    0.0040
   7935.80    0.0000    0.0009    0.0040
   7936.83    0.0000    0.0009    0.0040
   7937.86    0.0000    0.0009    0.0040
   7938.89    0.0000    0.0009    0.0040
   7939.93    0.0000    0.0009    0.0040
   7940.96    0.0000    0.0009    0.0040
   7941.99    0.0000    0.0009    0.0040
   7943.02    0.0000    0.0009    0.0040
   7944.06    0.0000    0.0009    0.0040
   7945.09    0.0000    0.0009    0.0041
   7946.12    0.0000    0.0009    0.0041
   7947.15    0.0000    0.0009    0.0041
   7948.19    0.0000    0.0009    0.0041
   7949.22    0.0000    0.0009    0.0041
   7950.25    0.0000    0.0009    0.0041
   7951.28    0.0000    0.0009    0.0041
   7952.32    0.0000    0.0010    0.0041
   7953.35    0.0000    0.0010    0.0042
   7954.38    0.0000    0.0010    0.0042
   7955.41    0.0000    0.0010    0.0042
   7956.45    0.0000    0.0010    0.0042
   7957.48    0.0000    0.0010    0.0042
   7958.51    0.0000    0.0010    0.0042
   7959.54    0.0000    0.0010    0.0042
   7960.58    0.0000    0.0010    0.0042
   7961.61    0.0000    0.0010    0.0042
   7962.64    0.0000    0.0010    0.0042
   7963.67    0.0000    0.0010    0.0042
   7964.71    0.0000    0.0010    0.0043
   7965.74    0.0000    0.0011    0.0043
   7966.77    0.0000    0.0011    0.0043
   7967.80    0.0000    0.0011    0.0043
   7968.84    0.0000    0.0011    0.0043
   7969.87    0.0000    0.0011    0.0043
   7970.90    0.0000    0.0010    0.0044
   7971.93    0.0000    0.0010    0.0044
   7972.97    0.0000    0.0010    0.0044
   7974.00    0.0000    0.0011    0.0044
   7975.03    0.0000    0.0011    0.0044
   7976.06    0.0000    0.0011    0.0044
   7977.10    0.0000    0.0011    0.0044
   7978.13    0.0000    0.0011    0.0045
   7979.16    0.0000    0.0011    0.0045
   7980.19    0.0000    0.0011    0.0045
   7981.23    0.0000    0.0011    0.0045
   7982.26    0.0000    0.0011    0.0045
   7983.29    0.0000    0.0011    0.0045
   7984.32    0.0000    0.0011    0.0045
   7985.36    0.0000    0.0011    0.0046
   7986.39    0.0000    0.0011    0.0046
   7987.42    0.0000    0.0011    0.0046
   7988.45    0.0000    0.0011    0.0046
   7989.49    0.0000    0.0011    0.0046
   7990.52    0.0000    0.0011    0.0046
   7991.55    0.0000    0.0012    0.0047
   7992.58    0.0000    0.0012    0.0047
   7993.62    0.0000    0.0012    0.0047
   7994.65    0.0000    0.0012    0.0047
   7995.68    0.0000    0.0012    0.0047
   7996.71    0.0000    0.0012    0.0048
   7997.75    0.0000    0.0012    0.0048
   7998.78    0.0000    0.0012    0.0048
   7999.81    0.0000    0.0012    0.0048
   8000.84    0.0000    0.0012    0.0048
   8001.88    0.0000    0.0012    0.0048
   8002.91    0.0000    0.0012    0.0049
   8003.94    0.0000    0.0013    0.0049
   8004.97    0.0000    0.0013    0.0049
   8006.01    0.0000    0.0013    0.0049
   8007.04    0.0000    0.0013    0.0049
   8008.07    0.0000    0.0013    0.0049
   8009.10    0.0000    0.0013    0.0050
   8010.14    0.0000    0.0013    0.0050
   8011.17    0.0000    0.0013    0.0050
   8012.20    0.0000    0.0013    0.0050
   8013.23    0.0000    0.0013    0.0050
   8014.27    0.0000    0.0013    0.0050
   8015.30    0.0000    0.0013    0.0051
   8016.33    0.0000    0.0013    0.0051
   8017.36    0.0000    0.0013    0.0051
   8018.40    0.0000    0.0013    0.0051
   8019.43    0.0000    0.0013    0.0051
   8020.46    0.0000    0.0014    0.0051
   8021.49    0.0000    0.0014    0.0052
   8022.53    0.0000    0.0014    0.0052
   8023.56    0.0000    0.0014    0.0052
   8024.59    0.0000    0.0014    0.0052
   8025.62    0.0000    0.0014    0.0052
   8026.66    0.0000    0.0014    0.0052
   8027.69    0.0000    0.0014    0.0053
   8028.72    0.0000    0.0014    0.0053
   8029.75    0.0000    0.0014    0.0053
   8030.79    0.0000    0.0014    0.0053
   8031.82    0.0000    0.0014    0.0053
   8032.85    0.0000    0.0014    0.0053
   8033.88    0.0000    0.0014    0.0054
   8034.92    0.0000    0.0014    0.0054
   8035.95    0.0000    0.0015    0.0054
   8036.98    0.0000    0.0015    0.0054
   8038.01    0.0000    0.0015    0.0054
   8039.05    0.0000    0.0015    0.0055
   8040.08    0.0000    0.0015    0.0055
   8041.11    0.0000    0.0015    0.0055
   8042.14    0.0000    0.0015    0.0055
   8043.18    0.0000    0.0015    0.0055
   8044.21    0.0000    0.0015    0.0056
   8045.24    0.0000    0.0015    0.0056
   8046.27    0.0000    0.0015    0.0056
   8047.31    0.0000    0.0015    0.0056
   8048.34    0.0000    0.0015    0.0056
   8049.37    0.0000    0.0015    0.0057
   8050.40    0.0000    0.0015    0.0057
   8051.44    0.0000    0.0015    0.0057
   8052.47    0.0000    0.0016    0.0057
   8053.50    0.0000    0.0016    0.0057
   8054.53    0.0000    0.0016    0.0057
   8055.57    0.0000    0.0016    0.0058
   8056.60    0.0000    0.0016    0.0058
   8057.63    0.0000    0.0016    0.0058
   8058.66    0.0000    0.0016    0.0058
   8059.70    0.0000    0.0016    0.0058
   8060.73    0.0000    0.0016    0.0058
   8061.76    0.0000    0.0016    0.0058
   8062.79    0.0000    0.0016    0.0058
   8063.83    0.0000    0.0016    0.0058
   8064.86    0.0000    0.0016    0.0058
   8065.89    0.0000    0.0016    0.0058
   8066.92    0.0000    0.0016    0.0058
   8067.96    0.0000    0.0016    0.0059
   8068.99    0.0000    0.0016    0.0059
   8070.02    0.0000    0.0016    0.0059
   8071.05    0.0000    0.0016    0.0059
   8072.09    0.0000    0.0016    0.0059
   8073.12    0.0000    0.0016    0.0059
   8074.15    0.0000    0.0016    0.0059
   8075.18    0.0000    0.0016    0.0059
   8076.22    0.0000    0.0016    0.0059
   8077.25    0.0000    0.0016    0.0059
   8078.28    0.0000    0.0016    0.0059
   8079.31    0.0000    0.0017    0.0059
   8080.35    0.0000    0.0017    0.0059
   8081.38    0.0000    0.0017    0.0059
   8082.41    0.0000    0.0017    0.0059
   8083.44    0.0000    0.0017    0.0059
   8084.48    0.0000    0.0017    0.0059
   8085.51    0.0000    0.0017    0.0059
   8086.54    0.0000    0.0017    0.0059
   8087.57    0.0000    0.0017    0.0059
   8088.61    0.0000    0.0017    0.0059
   8089.64    0.0000    0.0017    0.0059
   8090.67    0.0000    0.0017    0.0059
   8091.70    0.0000    0.0018    0.0059
   8092.74    0.0000    0.0018    0.0059
   8093.77    0.0000    0.0018    0.0059
   8094.80    0.0000    0.0018    0.0059
   8095.83    0.0000    0.0018    0.0059
   8096.87    0.0000    0.0018    0.0059
   8097.90    0.0000    0.0018    0.0059
   8098.93    0.0000    0.0018    0.0059
   8099.96    0.0000    0.0018    0.0059
   8101.00    0.0000    0.0018    0.0059
   8102.03    0.0000    0.0018    0.0059
   8103.06    0.0000    0.0018    0.0059
   8104.09    0.0000    0.0019    0.0059
   8105.13    0.0000    0.0019    0.0059
   8106.16    0.0000    0.0019    0.0059
   8107.19    0.0000    0.0019    0.0059
   8108.22    0.0000    0.0019    0.0059
   8109.26    0.0000    0.0019    0.0059
   8110.29    0.0000    0.0019    0.0059
   8111.32    0.0000    0.0019    0.0059
   8112.35    0.0000    0.0019    0.0059
   8113.39    0.0000    0.0019    0.0059
   8114.42    0.0000    0.0019    0.0059
   8115.45    0.0000    0.0020    0.0059
   8116.48    0.0000    0.0020    0.0060
   8117.52    0.0000    0.0020    0.0060
   8118.55    0.0000    0.0020    0.0060
   8119.58    0.0000    0.0020    0.0060
   8120.61    0.0000    0.0020    0.0060
   8121.65    0.0000    0.0020    0.0060
   8122.68    0.0000    0.0020    0.0060
   8123.71    0.0000    0.0020    0.0060
   8124.74    0.0000    0.0020    0.0060
   8125.78    0.0000    0.0020    0.0060
   8126.81    0.0000    0.0020    0.0060
   8127.84    0.0000    0.0020    0.0060
   8128.87    0.0000    0.0020    0.0060
   8129.91    0.0000    0.0021    0.0060
   8130.94    0.0000    0.0021    0.0060
   8131.97    0.0000    0.0021    0.0060
   8133.00    0.0000    0.0021    0.0060
   8134.04    0.0000    0.0021    0.0060
   8135.07    0.0000    0.0021    0.0060
   8136.10    0.0000    0.0021    0.0060
   8137.13    0.0000    0.0021    0.0060
   8138.17    0.0000    0.0021    0.0060
   8139.20    0.0000    0.0021    0.0061
   8140.23    0.0000    0.0021    0.0061
   8141.26    0.0000    0.0021    0.0061
   8142.30    0.0000    0.0021    0.0060
   8143.33    0.0000    0.0022    0.0060
   8144.36    0.0000    0.0022    0.0060
   8145.39    0.0000    0.0022    0.0060
   8146.43    0.0000    0.0022    0.0060
   8147.46    0.0000    0.0022    0.0060
   8148.49    0.0000    0.0022    0.0061
   8149.52    0.0000    0.0022    0.0061
   8150.56    0.0000    0.0022    0.0061
   8151.59    0.0000    0.0022    0.0061
   8152.62    0.0000    0.0022    0.0061
   8153.65    0.0000    0.0022    0.0061
   8154.69    0.0000    0.0022    0.0061
   8155.72    0.0000    0.0022    0.0061
   8156.75    0.0000    0.0022    0.0061
   8157.78    0.0000    0.0022    0.0061
   8158.82    0.0000    0.0022    0.0061
   8159.85    0.0000    0.0022    0.0061
   8160.88    0.0000    0.0023    0.0061
   8161.91    0.0000    0.0023    0.0061
   8162.95    0.0000    0.0023    0.0061
   8163.98    0.0000    0.0023    0.0062
   8165.01    0.0000    0.0023    0.0062
   8166.04    0.0000    0.0023    0.0062
   8167.08    0.0000    0.0023    0.0061
   8168.11    0.0000    0.0023    0.0061
   8169.14    0.0000    0.0023    0.0061
   8170.17    0.0000    0.0023    0.0061
   8171.21    0.0000    0.0023    0.0061
   8172.24    0.0000    0.0023    0.0061
   8173.27    0.0000    0.0023    0.0062
   8174.30    0.0000    0.0023    0.0062
   8175.34    0.0000    0.0023    0.0062
   8176.37    0.0000    0.0023    0.0062
   8177.40    0.0000    0.0023    0.0062
   8178.43    0.0000    0.0024    0.0062
   8179.47    0.0000    0.0024    0.0062
   8180.50    0.0000    0.0024    0.0062
   8181.53    0.0000    0.0024    0.0062
   8182.56    0.0000    0.0024    0.0062
   8183.60    0.0000    0.0024    0.0062
   8184.63    0.0000    0.0024    0.0063
   8185.66    0.0000    0.0024    0.0063
   8186.69    0.0000    0.0024    0.0063
   8187.73    0.0000    0.0024    0.0063
   8188.76    0.0000    0.0024    0.0063
   8189.79    0.0000    0.0024    0.0063
   8190.82    0.0000    0.0024    0.0063
   8191.86    0.0000    0.0024    0.0063
   8192.89    0.0000    0.0025    0.0063
   8193.92    0.0000    0.0025    0.0063
   8194.95    0.0000    0.0025    0.0063
   8195.99    0.0000    0.0025    0.0063
   8197.02    0.0000    0.0025    0.0064
   8198.05    0.0000    0.0025    0.0064
   8199.08    0.0000    0.0025    0.0064
   8200.12    0.0000    0.0025    0.0064
   8201.15    0.0000    0.0025    0.0064
   8202.18    0.0000    0.0025    0.0064
   8203.21    0.0000    0.0025    0.0064
   8204.25    0.0000    0.0025    0.0064
   8205.28    0.0000    0.0025    0.0064
   8206.31    0.0000    0.0025    0.0064
   8207.34    0.0000    0.0025    0.0064
   8208.38    0.0000    0.0026    0.0064
   8209.41    0.0000    0.0026    0.0064
   8210.44    0.0000    0.0026    0.0064
   8211.47    0.0000    0.0026    0.0064
   8212.51    0.0000    0.0026    0.0064
   8213.54    0.0000    0.0025    0.0064
   8214.57    0.0000    0.0025    0.0064
   8215.60    0.0000    0.0025    0.0064
   8216.64    0.0000    0.0025    0.0064
   8217.67    0.0000    0.0025    0.0064
   8218.70    0.0000    0.0025    0.0064
   8219.73    0.0000    0.0025    0.0064
   8220.77    0.0000    0.0025    0.0064
   8221.80    0.0000    0.0026    0.0064
   8222.83    0.0000    0.0026    0.0064
   8223.86    0.0000    0.0026    0.0064
   8224.90    0.0000    0.0026    0.0064
   8225.93    0.0000    0.0026    0.0064
   8226.96    0.0000    0.0026    0.0064
   8227.99    0.0000    0.0026    0.0064
   8229.03    0.0000    0.0026    0.0064
   8230.06    0.0000    0.0026    0.0064
   8231.09    0.0000    0.0026    0.0064
   8232.12    0.0000    0.0026    0.0064
   8233.16    0.0000    0.0025    0.0064
   8234.19    0.0000    0.0025    0.0064
   8235.22    0.0000    0.0025    0.0064
   8236.25    0.0000    0.0025    0.0064
   8237.29    0.0000    0.0025    0.0064
   8238.32    0.0000    0.0025    0.0064
   8239.35    0.0000    0.0025    0.0064
   8240.38    0.0000    0.0025    0.0064
   8241.42    0.0000    0.0025    0.0064
   8242.45    0.0000    0.0025    0.0065
   8243.48    0.0000    0.0026    0.0065
   8244.51    0.0000    0.0026    0.0065
   8245.55    0.0000    0.0026    0.0065
   8246.58    0.0000    0.0026    0.0065
   8247.61    0.0000    0.0026    0.0065
   8248.64    0.0000    0.0026    0.0065
   8249.68    0.0000    0.0026    0.0065
   8250.71    0.0000    0.0026    0.0065
   8251.74    0.0000    0.0026    0.0065
   8252.77    0.0000    0.0026    0.0065
   8253.81    0.0000    0.0026    0.0065
   8254.84    0.0000    0.0026    0.0065
   8255.87    0.0000    0.0026    0.0065
   8256.90    0.0000    0.0026    0.0065
   8257.94    0.0000    0.0026    0.0065
   8258.97    0.0000    0.0026    0.0065
   8260.00    0.0000    0.0026    0.0065
   8261.03    0.0000    0.0026    0.0064
   8262.07    0.0000    0.0026    0.0064
   8263.10    0.0000    0.0026    0.0064
   8264.13    0.0000    0.0026    0.0064
   8265.16    0.0000    0.0026    0.0064
   8266.20    0.0000    0.0026    0.0064
   8267.23    0.0000    0.0026    0.0064
   8268.26    0.0000    0.0026    0.0064
   8269.29    0.0000    0.0026    0.0064
   8270.33    0.0000    0.0026    0.0064
   8271.36    0.0000    0.0026    0.0064
   8272.39    0.0000    0.0026    0.0064
   8273.42    0.0000    0.0026    0.0064
   8274.46    0.0000    0.0026    0.0064
   8275.49    0.0000    0.0026    0.0064
   8276.52    0.0000    0.0026    0.0064
   8277.55    0.0000    0.0027    0.0064
   8278.59    0.0000    0.0027    0.0064
   8279.62    0.0000    0.0027    0.0064
   8280.65    0.0000    0.0027    0.0064
   8281.68    0.0000    0.0027    0.0064
   8282.72    0.0000    0.0027    0.0064
   8283.75    0.0000    0.0027    0.0064
   8284.78    0.0000    0.0027    0.0063
   8285.81    0.0000    0.0027    0.0063
   8286.85    0.0000    0.0027    0.0063
   8287.88    0.0000    0.0027    0.0063
   8288.91    0.0000    0.0027    0.0063
   8289.94    0.0000    0.0027    0.0063
   8290.98    0.0000    0.0027    0.0063
   8292.01    0.0000    0.0027    0.0063
   8293.04    0.0000    0.0027    0.0063
   8294.07    0.0000    0.0027    0.0063
   8295.11    0.0000    0.0027    0.0063
   8296.14    0.0000    0.0027    0.0063
   8297.17    0.0000    0.0027    0.0062
   8298.20    0.0000    0.0027    0.0062
   8299.24    0.0000    0.0027    0.0062
   8300.27    0.0000    0.0027    0.0062
   8301.30    0.0000    0.0027    0.0062
   8302.33    0.0000    0.0027    0.0062
