     #Time      Norm      Real      Imag
   7395.80    0.0000    0.0000   -0.0000
   7396.83    0.0000    0.0000   -0.0001
   7397.86    0.0000    0.0001   -0.0001
   7398.90    0.0000    0.0001   -0.0001
   7399.93    0.0000    0.0001   -0.0002
   7400.96    0.0000    0.0001   -0.0002
   7401.99    0.0000    0.0001   -0.0002
   7403.03    0.0000    0.0001   -0.0003
   7404.06    0.0000    0.0001   -0.0003
   7405.09    0.0000    0.0001   -0.0004
   7406.12    0.0000    0.0001   -0.0004
   7407.16    0.0000    0.0002   -0.0005
   7408.19    0.0000    0.0002   -0.0005
   7409.22    0.0000    0.0002   -0.0006
   7410.25    0.0000    0.0001   -0.0006
   7411.29    0.0000    0.0001   -0.0006
   7412.32    0.0000    0.0001   -0.0007
   7413.35    0.0000    0.0001   -0.0007
   7414.38    0.0000    0.0001   -0.0008
   7415.42    0.0000    0.0001   -0.0009
   7416.45    0.0000    0.0001   -0.0009
   7417.48    0.0000    0.0001   -0.0010
   7418.51    0.0000    0.0001   -0.0010
   7419.55    0.0000    0.0000   -0.0011
   7420.58    0.0000    0.0000   -0.0011
   7421.61    0.0000    0.0000   -0.0012
   7422.64    0.0000   -0.0000   -0.0012
   7423.68    0.0000   -0.0000   -0.0013
   7424.71    0.0000   -0.0001   -0.0014
   7425.74    0.0000   -0.0001   -0.0014
   7426.77    0.0000   -0.0001   -0.0015
   7427.81    0.0000   -0.0001   -0.0016
   7428.84    0.0000   -0.0002   -0.0016
   7429.87    0.0000   -0.0002   -0.0017
   7430.90    0.0000   -0.0002   -0.0017
   7431.94    0.0000   -0.0002   -0.0018
   7432.97    0.0000   -0.0003   -0.0019
   7434.00    0.0000   -0.0003   -0.0019
   7435.03    0.0000   -0.0003   -0.0020
   7436.07    0.0000   -0.0003   -0.0020
   7437.10    0.0000   -0.0003   -0.0020
   7438.13    0.0000   -0.0003   -0.0020
   7439.16    0.0000   -0.0004   -0.0019
   7440.20    0.0000   -0.0004   -0.0019
   7441.23    0.0000   -0.0004   -0.0018
   7442.26    0.0000   -0.0004   -0.0018
   7443.29    0.0000   -0.0004   -0.0018
   7444.33    0.0000   -0.0004   -0.0019
   7445.36    0.0000   -0.0004   -0.0019
   7446.39    0.0000   -0.0004   -0.0020
   7447.42    0.0000   -0.0005   -0.0020
   7448.46    0.0000   -0.0006   -0.0019
   7449.49    0.0000   -0.0006   -0.0018
   7450.52    0.0000   -0.0006   -0.0018
   7451.55    0.0000   -0.0006   -0.0018
   7452.59    0.0000   -0.0006   -0.0019
   7453.62    0.0000   -0.0006   -0.0019
   7454.65    0.0000   -0.0006   -0.0020
   7455.68    0.0000   -0.0007   -0.0020
   7456.72    0.0000   -0.0007   -0.0020
   7457.75    0.0000   -0.0008   -0.0019
   7458.78    0.0000   -0.0009   -0.0019
   7459.81    0.0000   -0.0009   -0.0018
   7460.85    0.0000   -0.0008   -0.0018
   7461.88    0.0000   -0.0008   -0.0018
   7462.91    0.0000   -0.0008   -0.0019
   7463.94    0.0000   -0.0008   -0.0020
   7464.98    0.0000   -0.0008   -0.0020
   7466.01    0.0000   -0.0009   -0.0020
   7467.04    0.0000   -0.0009   -0.0020
   7468.07    0.0000   -0.0010   -0.0019
   7469.11    0.0000   -0.0011   -0.0019
   7470.14    0.0000   -0.0011   -0.0018
   7471.17    0.0000   -0.0011   -0.0018
   7472.20    0.0000   -0.0010   -0.0018
   7473.24    0.0000   -0.0010   -0.0018
   7474.27    0.0000   -0.0010   -0.0019
   7475.30    0.0000   -0.0009   -0.0019
   7476.33    0.0000   -0.0009   -0.0020
   7477.37    0.0000   -0.0010   -0.0020
   7478.40    0.0000   -0.0010   -0.0020
   7479.43    0.0000   -0.0011   -0.0019
   7480.46    0.0000   -0.0012   -0.0019
   7481.50    0.0000   -0.0012   -0.0018
   7482.53    0.0000   -0.0012   -0.0017
   7483.56    0.0000   -0.0012   -0.0017
   7484.59    0.0000   -0.0012   -0.0017
   7485.63    0.0000   -0.0011   -0.0017
   7486.66    0.0000   -0.0011   -0.0017
   7487.69    0.0000   -0.0010   -0.0018
   7488.72    0.0000   -0.0010   -0.0018
   7489.76    0.0000   -0.0010   -0.0019
   7490.79    0.0000   -0.0011   -0.0019
   7491.82    0.0000   -0.0011   -0.0019
   7492.85    0.0000   -0.0012   -0.0018
   7493.89    0.0000   -0.0013   -0.0018
   7494.92    0.0000   -0.0013   -0.0017
   7495.95    0.0000   -0.0013   -0.0016
   7496.98    0.0000   -0.0013   -0.0016
   7498.02    0.0000   -0.0013   -0.0015
   7499.05    0.0000   -0.0012   -0.0015
   7500.08    0.0000   -0.0012   -0.0015
   7501.11    0.0000   -0.0011   -0.0016
   7502.15    0.0000   -0.0011   -0.0016
   7503.18    0.0000   -0.0010   -0.0016
   7504.21    0.0000   -0.0010   -0.0017
   7505.24    0.0000   -0.0011   -0.0017
   7506.28    0.0000   -0.0011   -0.0017
   7507.31    0.0000   -0.0012   -0.0017
   7508.34    0.0000   -0.0013   -0.0016
   7509.37    0.0000   -0.0014   -0.0016
   7510.41    0.0000   -0.0014   -0.0015
   7511.44    0.0000   -0.0015   -0.0015
   7512.47    0.0000   -0.0015   -0.0014
   7513.50    0.0000   -0.0015   -0.0014
   7514.54    0.0000   -0.0014   -0.0013
   7515.57    0.0000   -0.0014   -0.0013
   7516.60    0.0000   -0.0013   -0.0013
   7517.63    0.0000   -0.0012   -0.0013
   7518.67    0.0000   -0.0012   -0.0014
   7519.70    0.0000   -0.0011   -0.0014
   7520.73    0.0000   -0.0011   -0.0014
   7521.76    0.0000   -0.0012   -0.0015
   7522.80    0.0000   -0.0012   -0.0015
   7523.83    0.0000   -0.0013   -0.0015
   7524.86    0.0000   -0.0014   -0.0015
   7525.89    0.0000   -0.0015   -0.0014
   7526.93    0.0000   -0.0016   -0.0014
   7527.96    0.0000   -0.0017   -0.0014
   7528.99    0.0000   -0.0017   -0.0013
   7530.02    0.0000   -0.0018   -0.0012
   7531.06    0.0000   -0.0018   -0.0012
   7532.09    0.0000   -0.0018   -0.0011
   7533.12    0.0000   -0.0018   -0.0011
   7534.15    0.0000   -0.0017   -0.0011
   7535.19    0.0000   -0.0017   -0.0010
   7536.22    0.0000   -0.0016   -0.0010
   7537.25    0.0000   -0.0015   -0.0011
   7538.28    0.0000   -0.0015   -0.0011
   7539.32    0.0000   -0.0015   -0.0011
   7540.35    0.0000   -0.0015   -0.0011
   7541.38    0.0000   -0.0015   -0.0012
   7542.41    0.0000   -0.0016   -0.0012
   7543.45    0.0000   -0.0017   -0.0012
   7544.48    0.0000   -0.0018   -0.0012
   7545.51    0.0000   -0.0019   -0.0012
   7546.54    0.0000   -0.0020   -0.0012
   7547.58    0.0000   -0.0022   -0.0012
   7548.61    0.0000   -0.0023   -0.0012
   7549.64    0.0000   -0.0024   -0.0011
   7550.67    0.0000   -0.0025   -0.0011
   7551.71    0.0000   -0.0025   -0.0010
   7552.74    0.0000   -0.0026   -0.0010
   7553.77    0.0000   -0.0026   -0.0009
   7554.80    0.0000   -0.0026   -0.0009
   7555.84    0.0000   -0.0026   -0.0008
   7556.87    0.0000   -0.0025   -0.0008
   7557.90    0.0000   -0.0025   -0.0008
   7558.93    0.0000   -0.0025   -0.0007
   7559.97    0.0000   -0.0025   -0.0007
   7561.00    0.0000   -0.0025   -0.0008
   7562.03    0.0000   -0.0025   -0.0008
   7563.06    0.0000   -0.0025   -0.0008
   7564.10    0.0000   -0.0026   -0.0008
   7565.13    0.0000   -0.0026   -0.0009
   7566.16    0.0000   -0.0028   -0.0009
   7567.19    0.0000   -0.0029   -0.0009
   7568.23    0.0000   -0.0030   -0.0010
   7569.26    0.0000   -0.0032   -0.0010
   7570.29    0.0000   -0.0033   -0.0010
   7571.32    0.0000   -0.0035   -0.0010
   7572.36    0.0000   -0.0036   -0.0010
   7573.39    0.0000   -0.0038   -0.0009
   7574.42    0.0000   -0.0039   -0.0009
   7575.45    0.0000   -0.0040   -0.0008
   7576.49    0.0000   -0.0041   -0.0008
   7577.52    0.0000   -0.0042   -0.0007
   7578.55    0.0000   -0.0043   -0.0007
   7579.58    0.0000   -0.0043   -0.0006
   7580.62    0.0000   -0.0043   -0.0005
   7581.65    0.0000   -0.0044   -0.0005
   7582.68    0.0000   -0.0044   -0.0004
   7583.71    0.0000   -0.0044   -0.0004
   7584.75    0.0000   -0.0044   -0.0004
   7585.78    0.0000   -0.0045   -0.0003
   7586.81    0.0000   -0.0045   -0.0003
   7587.84    0.0000   -0.0046   -0.0003
   7588.88    0.0000   -0.0046   -0.0004
   7589.91    0.0000   -0.0047   -0.0004
   7590.94    0.0000   -0.0048   -0.0004
   7591.97    0.0000   -0.0050   -0.0004
   7593.01    0.0000   -0.0051   -0.0005
   7594.04    0.0000   -0.0053   -0.0005
   7595.07    0.0000   -0.0055   -0.0006
   7596.10    0.0000   -0.0057   -0.0006
   7597.14    0.0000   -0.0059   -0.0006
   7598.17    0.0000   -0.0061   -0.0006
   7599.20    0.0000   -0.0062   -0.0006
   7600.23    0.0000   -0.0064   -0.0006
   7601.27    0.0000   -0.0066   -0.0006
   7602.30    0.0000   -0.0068   -0.0005
   7603.33    0.0000   -0.0070   -0.0005
   7604.36    0.0001   -0.0071   -0.0004
   7605.40    0.0001   -0.0072   -0.0003
   7606.43    0.0001   -0.0073   -0.0003
   7607.46    0.0001   -0.0074   -0.0002
   7608.49    0.0001   -0.0075   -0.0001
   7609.53    0.0001   -0.0076    0.0000
   7610.56    0.0001   -0.0077    0.0001
   7611.59    0.0001   -0.0078    0.0002
   7612.62    0.0001   -0.0078    0.0002
   7613.66    0.0001   -0.0079    0.0003
   7614.69    0.0001   -0.0080    0.0003
   7615.72    0.0001   -0.0081    0.0003
   7616.75    0.0001   -0.0082    0.0004
   7617.79    0.0001   -0.0083    0.0004
   7618.82    0.0001   -0.0084    0.0003
   7619.85    0.0001   -0.0085    0.0003
   7620.88    0.0001   -0.0087    0.0003
   7621.92    0.0001   -0.0088    0.0003
   7622.95    0.0001   -0.0090    0.0002
   7623.98    0.0001   -0.0092    0.0002
   7625.01    0.0001   -0.0094    0.0002
   7626.05    0.0001   -0.0096    0.0001
   7627.08    0.0001   -0.0098    0.0001
   7628.11    0.0001   -0.0100    0.0001
   7629.14    0.0001   -0.0102    0.0001
   7630.18    0.0001   -0.0104    0.0001
   7631.21    0.0001   -0.0106    0.0001
   7632.24    0.0001   -0.0108    0.0001
   7633.27    0.0001   -0.0110    0.0002
   7634.31    0.0001   -0.0112    0.0003
   7635.34    0.0001   -0.0113    0.0003
   7636.37    0.0001   -0.0115    0.0004
   7637.40    0.0001   -0.0116    0.0005
   7638.44    0.0001   -0.0118    0.0006
   7639.47    0.0001   -0.0119    0.0007
   7640.50    0.0001   -0.0120    0.0008
   7641.53    0.0001   -0.0121    0.0009
   7642.57    0.0001   -0.0122    0.0010
   7643.60    0.0002   -0.0123    0.0010
   7644.63    0.0002   -0.0124    0.0009
   7645.66    0.0002   -0.0126    0.0009
   7646.70    0.0002   -0.0128    0.0009
   7647.73    0.0002   -0.0130    0.0009
   7648.76    0.0002   -0.0131    0.0009
   7649.79    0.0002   -0.0133    0.0009
   7650.83    0.0002   -0.0134    0.0010
   7651.86    0.0002   -0.0135    0.0011
   7652.89    0.0002   -0.0136    0.0012
   7653.92    0.0002   -0.0137    0.0013
   7654.96    0.0002   -0.0138    0.0014
   7655.99    0.0002   -0.0138    0.0014
   7657.02    0.0002   -0.0140    0.0014
   7658.05    0.0002   -0.0141    0.0014
   7659.09    0.0002   -0.0142    0.0014
   7660.12    0.0002   -0.0144    0.0013
   7661.15    0.0002   -0.0145    0.0013
   7662.18    0.0002   -0.0147    0.0013
   7663.22    0.0002   -0.0149    0.0013
   7664.25    0.0002   -0.0150    0.0013
   7665.28    0.0002   -0.0151    0.0013
   7666.31    0.0002   -0.0152    0.0013
   7667.35    0.0002   -0.0152    0.0013
   7668.38    0.0002   -0.0153    0.0013
   7669.41    0.0002   -0.0153    0.0013
   7670.44    0.0002   -0.0154    0.0012
   7671.48    0.0002   -0.0155    0.0013
   7672.51    0.0002   -0.0157    0.0013
   7673.54    0.0003   -0.0159    0.0014
   7674.57    0.0003   -0.0161    0.0015
   7675.61    0.0003   -0.0163    0.0016
   7676.64    0.0003   -0.0164    0.0017
   7677.67    0.0003   -0.0165    0.0017
   7678.70    0.0003   -0.0166    0.0017
   7679.74    0.0003   -0.0167    0.0017
   7680.77    0.0003   -0.0167    0.0017
   7681.80    0.0003   -0.0167    0.0016
   7682.83    0.0003   -0.0168    0.0015
   7683.87    0.0003   -0.0168    0.0015
   7684.90    0.0003   -0.0169    0.0015
   7685.93    0.0003   -0.0170    0.0015
   7686.96    0.0003   -0.0172    0.0015
   7688.00    0.0003   -0.0174    0.0016
   7689.03    0.0003   -0.0175    0.0017
   7690.06    0.0003   -0.0177    0.0018
   7691.09    0.0003   -0.0179    0.0019
   7692.13    0.0003   -0.0181    0.0019
   7693.16    0.0003   -0.0183    0.0020
   7694.19    0.0003   -0.0184    0.0021
   7695.22    0.0003   -0.0185    0.0021
   7696.26    0.0004   -0.0186    0.0021
   7697.29    0.0004   -0.0186    0.0021
   7698.32    0.0004   -0.0187    0.0021
   7699.35    0.0004   -0.0187    0.0020
   7700.39    0.0004   -0.0187    0.0020
   7701.42    0.0004   -0.0188    0.0019
   7702.45    0.0004   -0.0188    0.0019
   7703.48    0.0004   -0.0188    0.0018
   7704.52    0.0004   -0.0189    0.0018
   7705.55    0.0004   -0.0190    0.0017
   7706.58    0.0004   -0.0191    0.0017
   7707.61    0.0004   -0.0192    0.0017
   7708.65    0.0004   -0.0194    0.0017
   7709.68    0.0004   -0.0195    0.0018
   7710.71    0.0004   -0.0197    0.0018
   7711.74    0.0004   -0.0199    0.0019
   7712.78    0.0004   -0.0201    0.0019
   7713.81    0.0004   -0.0203    0.0020
   7714.84    0.0004   -0.0206    0.0021
   7715.87    0.0004   -0.0208    0.0022
   7716.91    0.0004   -0.0210    0.0023
   7717.94    0.0005   -0.0212    0.0024
   7718.97    0.0005   -0.0214    0.0024
   7720.00    0.0005   -0.0215    0.0025
   7721.04    0.0005   -0.0217    0.0025
   7722.07    0.0005   -0.0218    0.0026
   7723.10    0.0005   -0.0220    0.0026
   7724.13    0.0005   -0.0221    0.0026
   7725.17    0.0005   -0.0222    0.0026
   7726.20    0.0005   -0.0222    0.0026
   7727.23    0.0005   -0.0223    0.0026
   7728.26    0.0005   -0.0223    0.0025
   7729.30    0.0005   -0.0224    0.0025
   7730.33    0.0005   -0.0224    0.0024
   7731.36    0.0005   -0.0225    0.0024
   7732.39    0.0005   -0.0225    0.0023
   7733.43    0.0005   -0.0226    0.0023
   7734.46    0.0005   -0.0226    0.0022
   7735.49    0.0005   -0.0227    0.0022
   7736.52    0.0005   -0.0227    0.0021
   7737.56    0.0005   -0.0228    0.0021
   7738.59    0.0005   -0.0229    0.0021
   7739.62    0.0005   -0.0230    0.0021
   7740.65    0.0005   -0.0232    0.0020
   7741.69    0.0005   -0.0233    0.0020
   7742.72    0.0006   -0.0235    0.0021
   7743.75    0.0006   -0.0237    0.0021
   7744.78    0.0006   -0.0239    0.0021
   7745.82    0.0006   -0.0241    0.0021
   7746.85    0.0006   -0.0243    0.0022
   7747.88    0.0006   -0.0245    0.0022
   7748.91    0.0006   -0.0248    0.0023
   7749.95    0.0006   -0.0250    0.0023
   7750.98    0.0006   -0.0253    0.0024
   7752.01    0.0007   -0.0256    0.0025
   7753.04    0.0007   -0.0258    0.0026
   7754.08    0.0007   -0.0261    0.0026
   7755.11    0.0007   -0.0264    0.0027
   7756.14    0.0007   -0.0266    0.0028
   7757.17    0.0007   -0.0269    0.0028
   7758.21    0.0007   -0.0271    0.0029
   7759.24    0.0008   -0.0273    0.0029
   7760.27    0.0008   -0.0275    0.0030
   7761.30    0.0008   -0.0277    0.0030
   7762.34    0.0008   -0.0279    0.0031
   7763.37    0.0008   -0.0281    0.0031
   7764.40    0.0008   -0.0282    0.0031
   7765.43    0.0008   -0.0283    0.0031
   7766.47    0.0008   -0.0285    0.0031
   7767.50    0.0008   -0.0286    0.0032
   7768.53    0.0008   -0.0287    0.0031
   7769.56    0.0008   -0.0287    0.0031
   7770.60    0.0008   -0.0288    0.0031
   7771.63    0.0008   -0.0289    0.0031
   7772.66    0.0008   -0.0289    0.0031
   7773.69    0.0008   -0.0290    0.0031
   7774.73    0.0009   -0.0290    0.0030
   7775.76    0.0009   -0.0291    0.0030
   7776.79    0.0009   -0.0291    0.0030
   7777.82    0.0009   -0.0292    0.0030
   7778.86    0.0009   -0.0293    0.0030
   7779.89    0.0009   -0.0293    0.0029
   7780.92    0.0009   -0.0294    0.0029
   7781.95    0.0009   -0.0295    0.0029
   7782.99    0.0009   -0.0296    0.0029
   7784.02    0.0009   -0.0297    0.0029
   7785.05    0.0009   -0.0298    0.0029
   7786.08    0.0009   -0.0300    0.0029
   7787.12    0.0009   -0.0301    0.0029
   7788.15    0.0009   -0.0302    0.0029
   7789.18    0.0009   -0.0303    0.0030
   7790.21    0.0009   -0.0304    0.0030
   7791.25    0.0009   -0.0305    0.0031
   7792.28    0.0010   -0.0307    0.0032
   7793.31    0.0010   -0.0309    0.0034
   7794.34    0.0010   -0.0311    0.0035
   7795.38    0.0010   -0.0313    0.0036
   7796.41    0.0010   -0.0315    0.0038
   7797.44    0.0010   -0.0318    0.0039
   7798.47    0.0010   -0.0320    0.0041
   7799.51    0.0011   -0.0322    0.0043
   7800.54    0.0011   -0.0324    0.0044
   7801.57    0.0011   -0.0325    0.0046
   7802.60    0.0011   -0.0327    0.0048
   7803.64    0.0011   -0.0328    0.0050
   7804.67    0.0011   -0.0330    0.0052
   7805.70    0.0011   -0.0331    0.0054
   7806.73    0.0011   -0.0332    0.0057
   7807.77    0.0011   -0.0333    0.0059
   7808.80    0.0012   -0.0334    0.0061
   7809.83    0.0012   -0.0335    0.0063
   7810.86    0.0012   -0.0336    0.0066
   7811.90    0.0012   -0.0337    0.0068
   7812.93    0.0012   -0.0338    0.0070
   7813.96    0.0012   -0.0339    0.0072
   7814.99    0.0012   -0.0339    0.0073
   7816.03    0.0012   -0.0340    0.0075
   7817.06    0.0012   -0.0340    0.0076
   7818.09    0.0012   -0.0340    0.0078
   7819.12    0.0012   -0.0340    0.0079
   7820.16    0.0012   -0.0340    0.0080
   7821.19    0.0012   -0.0340    0.0081
   7822.22    0.0012   -0.0340    0.0082
   7823.25    0.0012   -0.0340    0.0082
   7824.29    0.0012   -0.0340    0.0083
   7825.32    0.0012   -0.0340    0.0083
   7826.35    0.0012   -0.0340    0.0084
   7827.38    0.0012   -0.0340    0.0084
   7828.42    0.0012   -0.0339    0.0084
   7829.45    0.0012   -0.0339    0.0084
   7830.48    0.0012   -0.0339    0.0084
   7831.51    0.0012   -0.0340    0.0084
   7832.55    0.0012   -0.0340    0.0084
   7833.58    0.0012   -0.0340    0.0083
   7834.61    0.0012   -0.0340    0.0083
   7835.64    0.0012   -0.0341    0.0083
   7836.68    0.0012   -0.0341    0.0083
   7837.71    0.0012   -0.0341    0.0083
   7838.74    0.0012   -0.0342    0.0083
   7839.77    0.0012   -0.0342    0.0083
   7840.81    0.0012   -0.0343    0.0083
   7841.84    0.0013   -0.0344    0.0084
   7842.87    0.0013   -0.0345    0.0084
   7843.90    0.0013   -0.0346    0.0084
   7844.94    0.0013   -0.0347    0.0085
   7845.97    0.0013   -0.0348    0.0086
   7847.00    0.0013   -0.0349    0.0086
   7848.03    0.0013   -0.0351    0.0087
   7849.07    0.0013   -0.0352    0.0088
   7850.10    0.0013   -0.0353    0.0090
   7851.13    0.0013   -0.0354    0.0091
   7852.16    0.0013   -0.0355    0.0092
   7853.20    0.0014   -0.0356    0.0093
   7854.23    0.0014   -0.0357    0.0095
   7855.26    0.0014   -0.0358    0.0096
   7856.29    0.0014   -0.0359    0.0098
   7857.33    0.0014   -0.0360    0.0099
   7858.36    0.0014   -0.0361    0.0100
   7859.39    0.0014   -0.0361    0.0102
   7860.42    0.0014   -0.0362    0.0103
   7861.46    0.0014   -0.0362    0.0104
   7862.49    0.0014   -0.0362    0.0105
   7863.52    0.0014   -0.0362    0.0106
   7864.55    0.0014   -0.0362    0.0107
   7865.59    0.0014   -0.0362    0.0108
   7866.62    0.0014   -0.0361    0.0108
   7867.65    0.0014   -0.0361    0.0109
   7868.68    0.0014   -0.0361    0.0109
   7869.72    0.0014   -0.0360    0.0109
   7870.75    0.0014   -0.0359    0.0109
   7871.78    0.0014   -0.0359    0.0109
   7872.81    0.0014   -0.0358    0.0108
   7873.85    0.0014   -0.0357    0.0108
   7874.88    0.0014   -0.0357    0.0107
   7875.91    0.0014   -0.0356    0.0106
   7876.94    0.0014   -0.0356    0.0106
   7877.98    0.0014   -0.0355    0.0105
   7879.01    0.0014   -0.0355    0.0104
   7880.04    0.0014   -0.0355    0.0103
   7881.07    0.0014   -0.0355    0.0103
   7882.11    0.0014   -0.0355    0.0102
   7883.14    0.0014   -0.0355    0.0101
   7884.17    0.0014   -0.0355    0.0100
   7885.20    0.0014   -0.0355    0.0100
   7886.24    0.0014   -0.0356    0.0099
   7887.27    0.0014   -0.0357    0.0098
   7888.30    0.0014   -0.0358    0.0098
   7889.33    0.0014   -0.0359    0.0098
   7890.37    0.0014   -0.0360    0.0098
   7891.40    0.0014   -0.0361    0.0098
   7892.43    0.0014   -0.0362    0.0098
   7893.46    0.0014   -0.0364    0.0098
   7894.50    0.0014   -0.0366    0.0099
   7895.53    0.0014   -0.0367    0.0099
   7896.56    0.0015   -0.0369    0.0099
   7897.59    0.0015   -0.0370    0.0100
   7898.63    0.0015   -0.0372    0.0100
   7899.66    0.0015   -0.0373    0.0101
   7900.69    0.0015   -0.0374    0.0101
   7901.72    0.0015   -0.0375    0.0102
   7902.76    0.0015   -0.0376    0.0103
   7903.79    0.0015   -0.0376    0.0103
   7904.82    0.0015   -0.0377    0.0103
   7905.85    0.0015   -0.0377    0.0104
   7906.89    0.0015   -0.0377    0.0104
   7907.92    0.0015   -0.0377    0.0104
   7908.95    0.0015   -0.0376    0.0103
   7909.98    0.0015   -0.0376    0.0103
   7911.02    0.0015   -0.0375    0.0103
   7912.05    0.0015   -0.0374    0.0102
   7913.08    0.0015   -0.0374    0.0102
   7914.11    0.0015   -0.0373    0.0101
   7915.15    0.0015   -0.0373    0.0101
   7916.18    0.0015   -0.0372    0.0100
   7917.21    0.0015   -0.0372    0.0099
   7918.24    0.0015   -0.0372    0.0098
   7919.28    0.0015   -0.0372    0.0097
   7920.31    0.0015   -0.0372    0.0096
   7921.34    0.0015   -0.0373    0.0096
   7922.37    0.0015   -0.0373    0.0095
   7923.41    0.0015   -0.0375    0.0095
   7924.44    0.0015   -0.0376    0.0094
   7925.47    0.0015   -0.0378    0.0094
   7926.50    0.0015   -0.0379    0.0094
   7927.54    0.0015   -0.0381    0.0094
   7928.57    0.0016   -0.0384    0.0094
   7929.60    0.0016   -0.0386    0.0094
   7930.63    0.0016   -0.0388    0.0094
   7931.67    0.0016   -0.0390    0.0094
   7932.70    0.0016   -0.0392    0.0094
   7933.73    0.0016   -0.0393    0.0095
   7934.76    0.0016   -0.0395    0.0095
   7935.80    0.0017   -0.0396    0.0096
   7936.83    0.0017   -0.0397    0.0096
   7937.86    0.0017   -0.0398    0.0097
   7938.89    0.0017   -0.0398    0.0097
   7939.93    0.0017   -0.0399    0.0097
   7940.96    0.0017   -0.0399    0.0097
   7941.99    0.0017   -0.0399    0.0097
   7943.02    0.0017   -0.0399    0.0097
   7944.06    0.0017   -0.0399    0.0097
   7945.09    0.0017   -0.0398    0.0097
   7946.12    0.0017   -0.0398    0.0096
   7947.15    0.0017   -0.0399    0.0096
   7948.19    0.0017   -0.0399    0.0096
   7949.22    0.0017   -0.0400    0.0095
   7950.25    0.0017   -0.0401    0.0095
   7951.28    0.0017   -0.0403    0.0095
   7952.32    0.0017   -0.0405    0.0094
   7953.35    0.0017   -0.0407    0.0094
   7954.38    0.0018   -0.0409    0.0094
   7955.41    0.0018   -0.0412    0.0094
   7956.45    0.0018   -0.0414    0.0094
   7957.48    0.0018   -0.0417    0.0094
   7958.51    0.0019   -0.0420    0.0095
   7959.54    0.0019   -0.0422    0.0095
   7960.58    0.0019   -0.0424    0.0096
   7961.61    0.0019   -0.0426    0.0097
   7962.64    0.0019   -0.0428    0.0098
   7963.67    0.0019   -0.0429    0.0099
   7964.71    0.0019   -0.0430    0.0099
   7965.74    0.0020   -0.0431    0.0100
   7966.77    0.0020   -0.0431    0.0101
   7967.80    0.0020   -0.0432    0.0101
   7968.84    0.0020   -0.0432    0.0101
   7969.87    0.0020   -0.0433    0.0102
   7970.90    0.0020   -0.0434    0.0102
   7971.93    0.0020   -0.0435    0.0102
   7972.97    0.0020   -0.0437    0.0102
   7974.00    0.0020   -0.0439    0.0102
   7975.03    0.0021   -0.0441    0.0103
   7976.06    0.0021   -0.0444    0.0103
   7977.10    0.0021   -0.0447    0.0103
   7978.13    0.0021   -0.0450    0.0104
   7979.16    0.0022   -0.0453    0.0104
   7980.19    0.0022   -0.0456    0.0105
   7981.23    0.0022   -0.0459    0.0106
   7982.26    0.0022   -0.0461    0.0107
   7983.29    0.0023   -0.0463    0.0109
   7984.32    0.0023   -0.0464    0.0110
   7985.36    0.0023   -0.0466    0.0111
   7986.39    0.0023   -0.0467    0.0113
   7987.42    0.0023   -0.0468    0.0114
   7988.45    0.0023   -0.0469    0.0115
   7989.49    0.0023   -0.0470    0.0116
   7990.52    0.0024   -0.0472    0.0117
   7991.55    0.0024   -0.0474    0.0117
   7992.58    0.0024   -0.0476    0.0118
   7993.62    0.0024   -0.0480    0.0119
   7994.65    0.0025   -0.0483    0.0119
   7995.68    0.0025   -0.0486    0.0120
   7996.71    0.0025   -0.0490    0.0121
   7997.75    0.0026   -0.0492    0.0123
   7998.78    0.0026   -0.0495    0.0124
   7999.81    0.0026   -0.0497    0.0126
   8000.84    0.0027   -0.0499    0.0127
   8001.88    0.0027   -0.0501    0.0129
   8002.91    0.0027   -0.0504    0.0131
   8003.94    0.0027   -0.0506    0.0132
   8004.97    0.0028   -0.0508    0.0134
   8006.01    0.0028   -0.0511    0.0136
   8007.04    0.0028   -0.0513    0.0138
   8008.07    0.0028   -0.0515    0.0139
   8009.10    0.0029   -0.0517    0.0141
   8010.14    0.0029   -0.0519    0.0143
   8011.17    0.0029   -0.0522    0.0145
   8012.20    0.0030   -0.0524    0.0147
   8013.23    0.0030   -0.0526    0.0149
   8014.27    0.0030   -0.0528    0.0151
   8015.30    0.0030   -0.0531    0.0153
   8016.33    0.0031   -0.0533    0.0154
   8017.36    0.0031   -0.0535    0.0156
   8018.40    0.0031   -0.0537    0.0158
   8019.43    0.0032   -0.0539    0.0160
   8020.46    0.0032   -0.0541    0.0162
   8021.49    0.0032   -0.0544    0.0164
   8022.53    0.0033   -0.0546    0.0166
   8023.56    0.0033   -0.0548    0.0168
   8024.59    0.0033   -0.0550    0.0170
   8025.62    0.0033   -0.0551    0.0172
   8026.66    0.0034   -0.0553    0.0173
   8027.69    0.0034   -0.0555    0.0175
   8028.72    0.0034   -0.0557    0.0177
   8029.75    0.0034   -0.0559    0.0178
   8030.79    0.0035   -0.0560    0.0180
   8031.82    0.0035   -0.0562    0.0181
   8032.85    0.0035   -0.0563    0.0183
   8033.88    0.0035   -0.0565    0.0184
   8034.92    0.0036   -0.0566    0.0185
   8035.95    0.0036   -0.0568    0.0187
   8036.98    0.0036   -0.0569    0.0188
   8038.01    0.0036   -0.0570    0.0189
   8039.05    0.0036   -0.0572    0.0190
   8040.08    0.0036   -0.0573    0.0191
   8041.11    0.0037   -0.0574    0.0192
   8042.14    0.0037   -0.0575    0.0192
   8043.18    0.0037   -0.0576    0.0193
   8044.21    0.0037   -0.0577    0.0194
   8045.24    0.0037   -0.0578    0.0194
   8046.27    0.0037   -0.0579    0.0195
   8047.31    0.0037   -0.0580    0.0195
   8048.34    0.0038   -0.0581    0.0195
   8049.37    0.0038   -0.0582    0.0195
   8050.40    0.0038   -0.0583    0.0196
   8051.44    0.0038   -0.0584    0.0196
   8052.47    0.0038   -0.0585    0.0196
   8053.50    0.0038   -0.0586    0.0196
   8054.53    0.0038   -0.0587    0.0196
   8055.57    0.0038   -0.0589    0.0196
   8056.60    0.0039   -0.0590    0.0196
   8057.63    0.0039   -0.0591    0.0196
   8058.66    0.0039   -0.0592    0.0196
   8059.70    0.0039   -0.0594    0.0196
   8060.73    0.0039   -0.0595    0.0196
   8061.76    0.0039   -0.0596    0.0196
   8062.79    0.0040   -0.0598    0.0197
   8063.83    0.0040   -0.0599    0.0197
   8064.86    0.0040   -0.0600    0.0198
   8065.89    0.0040   -0.0602    0.0199
   8066.92    0.0040   -0.0603    0.0200
   8067.96    0.0041   -0.0605    0.0201
   8068.99    0.0041   -0.0606    0.0202
   8070.02    0.0041   -0.0607    0.0203
   8071.05    0.0041   -0.0608    0.0204
   8072.09    0.0041   -0.0610    0.0206
   8073.12    0.0042   -0.0611    0.0207
   8074.15    0.0042   -0.0612    0.0208
   8075.18    0.0042   -0.0613    0.0209
   8076.22    0.0042   -0.0614    0.0210
   8077.25    0.0042   -0.0615    0.0211
   8078.28    0.0042   -0.0616    0.0212
   8079.31    0.0043   -0.0617    0.0212
   8080.35    0.0043   -0.0618    0.0212
   8081.38    0.0043   -0.0619    0.0212
   8082.41    0.0043   -0.0620    0.0212
   8083.44    0.0043   -0.0621    0.0213
   8084.48    0.0043   -0.0623    0.0213
   8085.51    0.0043   -0.0624    0.0213
   8086.54    0.0044   -0.0626    0.0213
   8087.57    0.0044   -0.0627    0.0213
   8088.61    0.0044   -0.0629    0.0213
   8089.64    0.0044   -0.0630    0.0213
   8090.67    0.0044   -0.0632    0.0213
   8091.70    0.0045   -0.0633    0.0213
   8092.74    0.0045   -0.0634    0.0213
   8093.77    0.0045   -0.0636    0.0213
   8094.80    0.0045   -0.0637    0.0213
   8095.83    0.0045   -0.0638    0.0214
   8096.87    0.0046   -0.0640    0.0214
   8097.90    0.0046   -0.0641    0.0215
   8098.93    0.0046   -0.0643    0.0216
   8099.96    0.0046   -0.0644    0.0217
   8101.00    0.0046   -0.0646    0.0217
   8102.03    0.0047   -0.0647    0.0218
   8103.06    0.0047   -0.0648    0.0218
   8104.09    0.0047   -0.0650    0.0218
   8105.13    0.0047   -0.0651    0.0218
   8106.16    0.0047   -0.0652    0.0218
   8107.19    0.0047   -0.0654    0.0218
   8108.22    0.0048   -0.0655    0.0218
   8109.26    0.0048   -0.0656    0.0218
   8110.29    0.0048   -0.0657    0.0218
   8111.32    0.0048   -0.0659    0.0218
   8112.35    0.0048   -0.0660    0.0219
   8113.39    0.0049   -0.0661    0.0219
   8114.42    0.0049   -0.0663    0.0220
   8115.45    0.0049   -0.0664    0.0220
   8116.48    0.0049   -0.0665    0.0221
   8117.52    0.0049   -0.0667    0.0221
   8118.55    0.0050   -0.0668    0.0222
   8119.58    0.0050   -0.0669    0.0223
   8120.61    0.0050   -0.0671    0.0224
   8121.65    0.0050   -0.0672    0.0225
   8122.68    0.0051   -0.0674    0.0226
   8123.71    0.0051   -0.0676    0.0227
   8124.74    0.0051   -0.0677    0.0228
   8125.78    0.0051   -0.0679    0.0229
   8126.81    0.0052   -0.0681    0.0230
   8127.84    0.0052   -0.0682    0.0232
   8128.87    0.0052   -0.0684    0.0233
   8129.91    0.0053   -0.0686    0.0235
   8130.94    0.0053   -0.0688    0.0237
   8131.97    0.0053   -0.0690    0.0238
   8133.00    0.0054   -0.0692    0.0241
   8134.04    0.0054   -0.0693    0.0243
   8135.07    0.0054   -0.0695    0.0245
   8136.10    0.0055   -0.0697    0.0246
   8137.13    0.0055   -0.0698    0.0248
   8138.17    0.0055   -0.0700    0.0250
   8139.20    0.0056   -0.0702    0.0252
   8140.23    0.0056   -0.0704    0.0254
   8141.26    0.0056   -0.0706    0.0256
   8142.30    0.0057   -0.0708    0.0259
   8143.33    0.0057   -0.0709    0.0261
   8144.36    0.0058   -0.0711    0.0263
   8145.39    0.0058   -0.0713    0.0265
   8146.43    0.0058   -0.0715    0.0267
   8147.46    0.0059   -0.0716    0.0269
   8148.49    0.0059   -0.0718    0.0271
   8149.52    0.0059   -0.0720    0.0273
   8150.56    0.0060   -0.0722    0.0275
   8151.59    0.0060   -0.0724    0.0278
   8152.62    0.0061   -0.0726    0.0280
   8153.65    0.0061   -0.0728    0.0283
   8154.69    0.0061   -0.0730    0.0285
   8155.72    0.0062   -0.0732    0.0288
   8156.75    0.0062   -0.0734    0.0290
   8157.78    0.0063   -0.0736    0.0292
   8158.82    0.0063   -0.0738    0.0295
   8159.85    0.0063   -0.0739    0.0297
   8160.88    0.0064   -0.0741    0.0299
   8161.91    0.0064   -0.0743    0.0301
   8162.95    0.0065   -0.0745    0.0304
   8163.98    0.0065   -0.0747    0.0306
   8165.01    0.0066   -0.0749    0.0309
   8166.04    0.0066   -0.0751    0.0312
   8167.08    0.0067   -0.0753    0.0315
   8168.11    0.0067   -0.0755    0.0317
   8169.14    0.0068   -0.0757    0.0320
   8170.17    0.0068   -0.0759    0.0322
   8171.21    0.0068   -0.0761    0.0325
   8172.24    0.0069   -0.0762    0.0327
   8173.27    0.0069   -0.0764    0.0329
   8174.30    0.0070   -0.0766    0.0332
   8175.34    0.0070   -0.0768    0.0334
   8176.37    0.0071   -0.0770    0.0336
   8177.40    0.0071   -0.0772    0.0338
   8178.43    0.0071   -0.0774    0.0341
   8179.47    0.0072   -0.0776    0.0343
   8180.50    0.0073   -0.0778    0.0346
   8181.53    0.0073   -0.0780    0.0349
   8182.56    0.0074   -0.0783    0.0351
   8183.60    0.0074   -0.0785    0.0354
   8184.63    0.0075   -0.0787    0.0357
   8185.66    0.0075   -0.0789    0.0359
   8186.69    0.0076   -0.0791    0.0362
   8187.73    0.0076   -0.0794    0.0365
   8188.76    0.0077   -0.0796    0.0367
   8189.79    0.0077   -0.0799    0.0370
   8190.82    0.0078   -0.0801    0.0373
   8191.86    0.0079   -0.0804    0.0376
   8192.89    0.0079   -0.0806    0.0379
   8193.92    0.0080   -0.0808    0.0382
   8194.95    0.0081   -0.0811    0.0384
   8195.99    0.0081   -0.0813    0.0387
   8197.02    0.0082   -0.0815    0.0390
   8198.05    0.0082   -0.0817    0.0393
   8199.08    0.0083   -0.0819    0.0396
   8200.12    0.0083   -0.0821    0.0398
   8201.15    0.0084   -0.0823    0.0401
   8202.18    0.0084   -0.0825    0.0404
   8203.21    0.0085   -0.0827    0.0406
   8204.25    0.0086   -0.0830    0.0409
   8205.28    0.0086   -0.0832    0.0412
   8206.31    0.0087   -0.0834    0.0414
   8207.34    0.0087   -0.0836    0.0417
   8208.38    0.0088   -0.0838    0.0419
   8209.41    0.0088   -0.0839    0.0422
   8210.44    0.0089   -0.0841    0.0425
   8211.47    0.0089   -0.0843    0.0427
   8212.51    0.0090   -0.0845    0.0430
   8213.54    0.0090   -0.0846    0.0432
   8214.57    0.0091   -0.0848    0.0434
   8215.60    0.0091   -0.0850    0.0437
   8216.64    0.0092   -0.0852    0.0439
   8217.67    0.0092   -0.0854    0.0441
   8218.70    0.0093   -0.0856    0.0443
   8219.73    0.0093   -0.0858    0.0445
   8220.77    0.0094   -0.0860    0.0448
   8221.80    0.0094   -0.0862    0.0449
   8222.83    0.0095   -0.0864    0.0451
   8223.86    0.0096   -0.0866    0.0453
   8224.90    0.0096   -0.0869    0.0455
   8225.93    0.0097   -0.0871    0.0457
   8226.96    0.0097   -0.0873    0.0459
   8227.99    0.0098   -0.0876    0.0461
   8229.03    0.0099   -0.0878    0.0463
   8230.06    0.0099   -0.0880    0.0465
   8231.09    0.0100   -0.0883    0.0467
   8232.12    0.0100   -0.0885    0.0468
   8233.16    0.0101   -0.0888    0.0470
   8234.19    0.0102   -0.0890    0.0472
   8235.22    0.0102   -0.0893    0.0473
   8236.25    0.0103   -0.0896    0.0475
   8237.29    0.0103   -0.0899    0.0476
   8238.32    0.0104   -0.0901    0.0478
   8239.35    0.0105   -0.0904    0.0479
   8240.38    0.0105   -0.0907    0.0480
   8241.42    0.0106   -0.0910    0.0482
   8242.45    0.0107   -0.0913    0.0483
   8243.48    0.0107   -0.0916    0.0484
   8244.51    0.0108   -0.0919    0.0485
   8245.55    0.0109   -0.0923    0.0486
   8246.58    0.0109   -0.0926    0.0487
   8247.61    0.0110   -0.0929    0.0489
   8248.64    0.0111   -0.0932    0.0490
   8249.68    0.0112   -0.0935    0.0491
   8250.71    0.0112   -0.0938    0.0492
   8251.74    0.0113   -0.0941    0.0494
   8252.77    0.0114   -0.0944    0.0495
   8253.81    0.0114   -0.0947    0.0497
   8254.84    0.0115   -0.0951    0.0498
   8255.87    0.0116   -0.0954    0.0499
   8256.90    0.0117   -0.0957    0.0501
   8257.94    0.0117   -0.0960    0.0502
   8258.97    0.0118   -0.0963    0.0504
   8260.00    0.0119   -0.0966    0.0506
   8261.03    0.0120   -0.0969    0.0507
   8262.07    0.0120   -0.0973    0.0508
   8263.10    0.0121   -0.0976    0.0510
   8264.13    0.0122   -0.0979    0.0511
   8265.16    0.0123   -0.0982    0.0513
   8266.20    0.0123   -0.0985    0.0514
   8267.23    0.0124   -0.0988    0.0515
   8268.26    0.0125   -0.0991    0.0517
   8269.29    0.0126   -0.0994    0.0518
   8270.33    0.0126   -0.0998    0.0519
   8271.36    0.0127   -0.1001    0.0520
   8272.39    0.0128   -0.1004    0.0522
   8273.42    0.0129   -0.1007    0.0523
   8274.46    0.0129   -0.1010    0.0524
   8275.49    0.0130   -0.1013    0.0525
   8276.52    0.0131   -0.1016    0.0526
   8277.55    0.0132   -0.1019    0.0527
   8278.59    0.0132   -0.1022    0.0528
   8279.62    0.0133   -0.1025    0.0529
   8280.65    0.0134   -0.1028    0.0530
   8281.68    0.0135   -0.1031    0.0531
   8282.72    0.0135   -0.1034    0.0532
   8283.75    0.0136   -0.1038    0.0533
   8284.78    0.0137   -0.1041    0.0534
   8285.81    0.0138   -0.1044    0.0535
   8286.85    0.0138   -0.1047    0.0536
   8287.88    0.0139   -0.1050    0.0537
   8288.91    0.0140   -0.1054    0.0538
   8289.94    0.0141   -0.1057    0.0539
   8290.98    0.0142   -0.1060    0.0540
   8292.01    0.0142   -0.1063    0.0541
   8293.04    0.0143   -0.1067    0.0541
   8294.07    0.0144   -0.1070    0.0542
   8295.11    0.0145   -0.1074    0.0543
   8296.14    0.0146   -0.1077    0.0544
   8297.17    0.0146   -0.1080    0.0545
   8298.20    0.0147   -0.1084    0.0546
   8299.24    0.0148   -0.1087    0.0546
   8300.27    0.0149   -0.1091    0.0547
   8301.30    0.0150   -0.1094    0.0548
   8302.33    0.0150   -0.1097    0.0548
