     #Time      Norm      Real      Imag
   7395.80    0.0000    0.0000   -0.0000
   7396.83    0.0000    0.0000   -0.0001
   7397.86    0.0000    0.0001   -0.0001
   7398.90    0.0000    0.0001   -0.0001
   7399.93    0.0000    0.0001   -0.0002
   7400.96    0.0000    0.0001   -0.0002
   7401.99    0.0000    0.0001   -0.0003
   7403.03    0.0000    0.0001   -0.0003
   7404.06    0.0000    0.0001   -0.0004
   7405.09    0.0000    0.0001   -0.0004
   7406.12    0.0000    0.0001   -0.0005
   7407.16    0.0000    0.0001   -0.0005
   7408.19    0.0000    0.0001   -0.0006
   7409.22    0.0000    0.0001   -0.0006
   7410.25    0.0000    0.0001   -0.0007
   7411.29    0.0000    0.0001   -0.0007
   7412.32    0.0000    0.0001   -0.0008
   7413.35    0.0000    0.0001   -0.0008
   7414.38    0.0000    0.0001   -0.0009
   7415.42    0.0000    0.0001   -0.0009
   7416.45    0.0000    0.0001   -0.0010
   7417.48    0.0000    0.0001   -0.0010
   7418.51    0.0000    0.0001   -0.0011
   7419.55    0.0000    0.0000   -0.0012
   7420.58    0.0000    0.0000   -0.0012
   7421.61    0.0000   -0.0000   -0.0013
   7422.64    0.0000   -0.0000   -0.0014
   7423.68    0.0000   -0.0000   -0.0014
   7424.71    0.0000   -0.0001   -0.0015
   7425.74    0.0000   -0.0001   -0.0015
   7426.77    0.0000   -0.0001   -0.0016
   7427.81    0.0000   -0.0002   -0.0017
   7428.84    0.0000   -0.0002   -0.0017
   7429.87    0.0000   -0.0002   -0.0018
   7430.90    0.0000   -0.0002   -0.0019
   7431.94    0.0000   -0.0003   -0.0020
   7432.97    0.0000   -0.0003   -0.0020
   7434.00    0.0000   -0.0003   -0.0021
   7435.03    0.0000   -0.0003   -0.0022
   7436.07    0.0000   -0.0004   -0.0022
   7437.10    0.0000   -0.0004   -0.0022
   7438.13    0.0000   -0.0004   -0.0022
   7439.16    0.0000   -0.0004   -0.0021
   7440.20    0.0000   -0.0004   -0.0021
   7441.23    0.0000   -0.0004   -0.0020
   7442.26    0.0000   -0.0004   -0.0020
   7443.29    0.0000   -0.0004   -0.0020
   7444.33    0.0000   -0.0004   -0.0021
   7445.36    0.0000   -0.0004   -0.0021
   7446.39    0.0000   -0.0005   -0.0022
   7447.42    0.0000   -0.0005   -0.0022
   7448.46    0.0000   -0.0006   -0.0021
   7449.49    0.0000   -0.0006   -0.0021
   7450.52    0.0000   -0.0006   -0.0020
   7451.55    0.0000   -0.0006   -0.0020
   7452.59    0.0000   -0.0006   -0.0021
   7453.62    0.0000   -0.0006   -0.0022
   7454.65    0.0000   -0.0006   -0.0022
   7455.68    0.0000   -0.0007   -0.0022
   7456.72    0.0000   -0.0007   -0.0022
   7457.75    0.0000   -0.0008   -0.0022
   7458.78    0.0000   -0.0008   -0.0021
   7459.81    0.0000   -0.0008   -0.0021
   7460.85    0.0000   -0.0008   -0.0021
   7461.88    0.0000   -0.0008   -0.0021
   7462.91    0.0000   -0.0008   -0.0022
   7463.94    0.0000   -0.0008   -0.0022
   7464.98    0.0000   -0.0008   -0.0023
   7466.01    0.0000   -0.0008   -0.0023
   7467.04    0.0000   -0.0009   -0.0023
   7468.07    0.0000   -0.0010   -0.0022
   7469.11    0.0000   -0.0010   -0.0022
   7470.14    0.0000   -0.0010   -0.0021
   7471.17    0.0000   -0.0010   -0.0021
   7472.20    0.0000   -0.0010   -0.0021
   7473.24    0.0000   -0.0009   -0.0021
   7474.27    0.0000   -0.0009   -0.0021
   7475.30    0.0000   -0.0009   -0.0022
   7476.33    0.0000   -0.0009   -0.0023
   7477.37    0.0000   -0.0009   -0.0023
   7478.40    0.0000   -0.0010   -0.0023
   7479.43    0.0000   -0.0011   -0.0022
   7480.46    0.0000   -0.0011   -0.0022
   7481.50    0.0000   -0.0011   -0.0021
   7482.53    0.0000   -0.0012   -0.0020
   7483.56    0.0000   -0.0011   -0.0020
   7484.59    0.0000   -0.0011   -0.0020
   7485.63    0.0000   -0.0010   -0.0020
   7486.66    0.0000   -0.0010   -0.0021
   7487.69    0.0000   -0.0009   -0.0021
   7488.72    0.0000   -0.0009   -0.0022
   7489.76    0.0000   -0.0009   -0.0022
   7490.79    0.0000   -0.0010   -0.0022
   7491.82    0.0000   -0.0010   -0.0022
   7492.85    0.0000   -0.0011   -0.0021
   7493.89    0.0000   -0.0012   -0.0021
   7494.92    0.0000   -0.0012   -0.0020
   7495.95    0.0000   -0.0012   -0.0020
   7496.98    0.0000   -0.0012   -0.0019
   7498.02    0.0000   -0.0012   -0.0019
   7499.05    0.0000   -0.0011   -0.0019
   7500.08    0.0000   -0.0010   -0.0019
   7501.11    0.0000   -0.0010   -0.0019
   7502.15    0.0000   -0.0009   -0.0020
   7503.18    0.0000   -0.0009   -0.0020
   7504.21    0.0000   -0.0009   -0.0020
   7505.24    0.0000   -0.0009   -0.0021
   7506.28    0.0000   -0.0010   -0.0021
   7507.31    0.0000   -0.0011   -0.0020
   7508.34    0.0000   -0.0011   -0.0020
   7509.37    0.0000   -0.0012   -0.0019
   7510.41    0.0000   -0.0013   -0.0019
   7511.44    0.0000   -0.0013   -0.0018
   7512.47    0.0000   -0.0013   -0.0018
   7513.50    0.0000   -0.0013   -0.0017
   7514.54    0.0000   -0.0012   -0.0017
   7515.57    0.0000   -0.0012   -0.0017
   7516.60    0.0000   -0.0011   -0.0017
   7517.63    0.0000   -0.0010   -0.0017
   7518.67    0.0000   -0.0010   -0.0017
   7519.70    0.0000   -0.0009   -0.0018
   7520.73    0.0000   -0.0009   -0.0018
   7521.76    0.0000   -0.0010   -0.0018
   7522.80    0.0000   -0.0010   -0.0018
   7523.83    0.0000   -0.0011   -0.0019
   7524.86    0.0000   -0.0012   -0.0018
   7525.89    0.0000   -0.0013   -0.0018
   7526.93    0.0000   -0.0013   -0.0018
   7527.96    0.0000   -0.0014   -0.0017
   7528.99    0.0000   -0.0015   -0.0017
   7530.02    0.0000   -0.0015   -0.0016
   7531.06    0.0000   -0.0015   -0.0016
   7532.09    0.0000   -0.0015   -0.0015
   7533.12    0.0000   -0.0015   -0.0015
   7534.15    0.0000   -0.0015   -0.0014
   7535.19    0.0000   -0.0014   -0.0014
   7536.22    0.0000   -0.0013   -0.0014
   7537.25    0.0000   -0.0013   -0.0014
   7538.28    0.0000   -0.0012   -0.0015
   7539.32    0.0000   -0.0012   -0.0015
   7540.35    0.0000   -0.0012   -0.0015
   7541.38    0.0000   -0.0013   -0.0016
   7542.41    0.0000   -0.0013   -0.0016
   7543.45    0.0000   -0.0014   -0.0016
   7544.48    0.0000   -0.0015   -0.0016
   7545.51    0.0000   -0.0016   -0.0016
   7546.54    0.0000   -0.0017   -0.0016
   7547.58    0.0000   -0.0019   -0.0016
   7548.61    0.0000   -0.0020   -0.0016
   7549.64    0.0000   -0.0021   -0.0015
   7550.67    0.0000   -0.0021   -0.0015
   7551.71    0.0000   -0.0022   -0.0014
   7552.74    0.0000   -0.0022   -0.0014
   7553.77    0.0000   -0.0023   -0.0013
   7554.80    0.0000   -0.0022   -0.0013
   7555.84    0.0000   -0.0022   -0.0012
   7556.87    0.0000   -0.0022   -0.0012
   7557.90    0.0000   -0.0022   -0.0012
   7558.93    0.0000   -0.0021   -0.0012
   7559.97    0.0000   -0.0021   -0.0012
   7561.00    0.0000   -0.0021   -0.0012
   7562.03    0.0000   -0.0021   -0.0012
   7563.06    0.0000   -0.0022   -0.0012
   7564.10    0.0000   -0.0022   -0.0013
   7565.13    0.0000   -0.0023   -0.0013
   7566.16    0.0000   -0.0024   -0.0013
   7567.19    0.0000   -0.0025   -0.0014
   7568.23    0.0000   -0.0027   -0.0014
   7569.26    0.0000   -0.0028   -0.0014
   7570.29    0.0000   -0.0030   -0.0014
   7571.32    0.0000   -0.0031   -0.0014
   7572.36    0.0000   -0.0033   -0.0014
   7573.39    0.0000   -0.0034   -0.0013
   7574.42    0.0000   -0.0035   -0.0013
   7575.45    0.0000   -0.0037   -0.0013
   7576.49    0.0000   -0.0037   -0.0012
   7577.52    0.0000   -0.0038   -0.0011
   7578.55    0.0000   -0.0039   -0.0011
   7579.58    0.0000   -0.0039   -0.0010
   7580.62    0.0000   -0.0039   -0.0010
   7581.65    0.0000   -0.0040   -0.0009
   7582.68    0.0000   -0.0040   -0.0009
   7583.71    0.0000   -0.0040   -0.0008
   7584.75    0.0000   -0.0040   -0.0008
   7585.78    0.0000   -0.0040   -0.0008
   7586.81    0.0000   -0.0041   -0.0008
   7587.84    0.0000   -0.0041   -0.0008
   7588.88    0.0000   -0.0042   -0.0008
   7589.91    0.0000   -0.0043   -0.0008
   7590.94    0.0000   -0.0044   -0.0009
   7591.97    0.0000   -0.0046   -0.0009
   7593.01    0.0000   -0.0047   -0.0009
   7594.04    0.0000   -0.0049   -0.0010
   7595.07    0.0000   -0.0051   -0.0010
   7596.10    0.0000   -0.0052   -0.0010
   7597.14    0.0000   -0.0054   -0.0011
   7598.17    0.0000   -0.0056   -0.0011
   7599.20    0.0000   -0.0058   -0.0011
   7600.23    0.0000   -0.0060   -0.0010
   7601.27    0.0000   -0.0062   -0.0010
   7602.30    0.0000   -0.0064   -0.0010
   7603.33    0.0000   -0.0065   -0.0009
   7604.36    0.0000   -0.0067   -0.0008
   7605.40    0.0000   -0.0068   -0.0008
   7606.43    0.0000   -0.0069   -0.0007
   7607.46    0.0000   -0.0070   -0.0006
   7608.49    0.0001   -0.0071   -0.0005
   7609.53    0.0001   -0.0072   -0.0004
   7610.56    0.0001   -0.0072   -0.0004
   7611.59    0.0001   -0.0073   -0.0003
   7612.62    0.0001   -0.0074   -0.0002
   7613.66    0.0001   -0.0074   -0.0002
   7614.69    0.0001   -0.0075   -0.0001
   7615.72    0.0001   -0.0076   -0.0001
   7616.75    0.0001   -0.0077   -0.0001
   7617.79    0.0001   -0.0078   -0.0001
   7618.82    0.0001   -0.0079   -0.0001
   7619.85    0.0001   -0.0080   -0.0001
   7620.88    0.0001   -0.0082   -0.0002
   7621.92    0.0001   -0.0084   -0.0002
   7622.95    0.0001   -0.0085   -0.0002
   7623.98    0.0001   -0.0087   -0.0003
   7625.01    0.0001   -0.0089   -0.0003
   7626.05    0.0001   -0.0091   -0.0003
   7627.08    0.0001   -0.0093   -0.0004
   7628.11    0.0001   -0.0095   -0.0004
   7629.14    0.0001   -0.0098   -0.0004
   7630.18    0.0001   -0.0100   -0.0004
   7631.21    0.0001   -0.0102   -0.0003
   7632.24    0.0001   -0.0104   -0.0003
   7633.27    0.0001   -0.0105   -0.0002
   7634.31    0.0001   -0.0107   -0.0002
   7635.34    0.0001   -0.0109   -0.0001
   7636.37    0.0001   -0.0110   -0.0000
   7637.40    0.0001   -0.0112    0.0001
   7638.44    0.0001   -0.0113    0.0002
   7639.47    0.0001   -0.0114    0.0003
   7640.50    0.0001   -0.0115    0.0004
   7641.53    0.0001   -0.0116    0.0005
   7642.57    0.0001   -0.0117    0.0005
   7643.60    0.0001   -0.0118    0.0005
   7644.63    0.0001   -0.0120    0.0005
   7645.66    0.0001   -0.0121    0.0005
   7646.70    0.0002   -0.0123    0.0004
   7647.73    0.0002   -0.0125    0.0004
   7648.76    0.0002   -0.0126    0.0005
   7649.79    0.0002   -0.0128    0.0005
   7650.83    0.0002   -0.0129    0.0006
   7651.86    0.0002   -0.0130    0.0007
   7652.89    0.0002   -0.0131    0.0008
   7653.92    0.0002   -0.0132    0.0009
   7654.96    0.0002   -0.0132    0.0010
   7655.99    0.0002   -0.0133    0.0010
   7657.02    0.0002   -0.0134    0.0010
   7658.05    0.0002   -0.0136    0.0010
   7659.09    0.0002   -0.0137    0.0009
   7660.12    0.0002   -0.0139    0.0009
   7661.15    0.0002   -0.0140    0.0009
   7662.18    0.0002   -0.0142    0.0008
   7663.22    0.0002   -0.0144    0.0008
   7664.25    0.0002   -0.0145    0.0009
   7665.28    0.0002   -0.0146    0.0009
   7666.31    0.0002   -0.0147    0.0009
   7667.35    0.0002   -0.0147    0.0009
   7668.38    0.0002   -0.0148    0.0009
   7669.41    0.0002   -0.0148    0.0008
   7670.44    0.0002   -0.0149    0.0008
   7671.48    0.0002   -0.0150    0.0009
   7672.51    0.0002   -0.0152    0.0009
   7673.54    0.0002   -0.0154    0.0010
   7674.57    0.0002   -0.0156    0.0011
   7675.61    0.0003   -0.0158    0.0012
   7676.64    0.0003   -0.0159    0.0013
   7677.67    0.0003   -0.0160    0.0013
   7678.70    0.0003   -0.0161    0.0013
   7679.74    0.0003   -0.0161    0.0013
   7680.77    0.0003   -0.0162    0.0013
   7681.80    0.0003   -0.0162    0.0012
   7682.83    0.0003   -0.0162    0.0012
   7683.87    0.0003   -0.0163    0.0011
   7684.90    0.0003   -0.0164    0.0011
   7685.93    0.0003   -0.0165    0.0011
   7686.96    0.0003   -0.0167    0.0012
   7688.00    0.0003   -0.0168    0.0012
   7689.03    0.0003   -0.0170    0.0013
   7690.06    0.0003   -0.0172    0.0014
   7691.09    0.0003   -0.0174    0.0015
   7692.13    0.0003   -0.0176    0.0016
   7693.16    0.0003   -0.0177    0.0017
   7694.19    0.0003   -0.0178    0.0017
   7695.22    0.0003   -0.0180    0.0018
   7696.26    0.0003   -0.0180    0.0018
   7697.29    0.0003   -0.0181    0.0018
   7698.32    0.0003   -0.0181    0.0017
   7699.35    0.0003   -0.0182    0.0017
   7700.39    0.0003   -0.0182    0.0016
   7701.42    0.0003   -0.0182    0.0016
   7702.45    0.0003   -0.0183    0.0015
   7703.48    0.0003   -0.0183    0.0014
   7704.52    0.0003   -0.0184    0.0014
   7705.55    0.0003   -0.0184    0.0014
   7706.58    0.0003   -0.0185    0.0014
   7707.61    0.0004   -0.0187    0.0014
   7708.65    0.0004   -0.0188    0.0014
   7709.68    0.0004   -0.0190    0.0014
   7710.71    0.0004   -0.0192    0.0015
   7711.74    0.0004   -0.0194    0.0015
   7712.78    0.0004   -0.0196    0.0016
   7713.81    0.0004   -0.0198    0.0017
   7714.84    0.0004   -0.0200    0.0018
   7715.87    0.0004   -0.0202    0.0019
   7716.91    0.0004   -0.0204    0.0020
   7717.94    0.0004   -0.0206    0.0021
   7718.97    0.0004   -0.0208    0.0021
   7720.00    0.0004   -0.0209    0.0022
   7721.04    0.0004   -0.0211    0.0023
   7722.07    0.0005   -0.0212    0.0023
   7723.10    0.0005   -0.0213    0.0023
   7724.13    0.0005   -0.0215    0.0023
   7725.17    0.0005   -0.0215    0.0023
   7726.20    0.0005   -0.0216    0.0023
   7727.23    0.0005   -0.0217    0.0023
   7728.26    0.0005   -0.0217    0.0023
   7729.30    0.0005   -0.0218    0.0022
   7730.33    0.0005   -0.0218    0.0022
   7731.36    0.0005   -0.0219    0.0021
   7732.39    0.0005   -0.0219    0.0021
   7733.43    0.0005   -0.0220    0.0020
   7734.46    0.0005   -0.0220    0.0020
   7735.49    0.0005   -0.0221    0.0019
   7736.52    0.0005   -0.0221    0.0019
   7737.56    0.0005   -0.0222    0.0018
   7738.59    0.0005   -0.0223    0.0018
   7739.62    0.0005   -0.0224    0.0018
   7740.65    0.0005   -0.0226    0.0018
   7741.69    0.0005   -0.0227    0.0018
   7742.72    0.0005   -0.0229    0.0018
   7743.75    0.0005   -0.0231    0.0018
   7744.78    0.0005   -0.0233    0.0018
   7745.82    0.0006   -0.0235    0.0019
   7746.85    0.0006   -0.0237    0.0019
   7747.88    0.0006   -0.0239    0.0020
   7748.91    0.0006   -0.0242    0.0021
   7749.95    0.0006   -0.0244    0.0021
   7750.98    0.0006   -0.0247    0.0022
   7752.01    0.0006   -0.0249    0.0023
   7753.04    0.0006   -0.0252    0.0024
   7754.08    0.0007   -0.0254    0.0024
   7755.11    0.0007   -0.0257    0.0025
   7756.14    0.0007   -0.0259    0.0026
   7757.17    0.0007   -0.0262    0.0027
   7758.21    0.0007   -0.0264    0.0027
   7759.24    0.0007   -0.0266    0.0028
   7760.27    0.0007   -0.0268    0.0028
   7761.30    0.0007   -0.0270    0.0029
   7762.34    0.0007   -0.0272    0.0029
   7763.37    0.0008   -0.0274    0.0030
   7764.40    0.0008   -0.0275    0.0030
   7765.43    0.0008   -0.0276    0.0030
   7766.47    0.0008   -0.0278    0.0030
   7767.50    0.0008   -0.0279    0.0030
   7768.53    0.0008   -0.0280    0.0030
   7769.56    0.0008   -0.0280    0.0030
   7770.60    0.0008   -0.0281    0.0030
   7771.63    0.0008   -0.0282    0.0030
   7772.66    0.0008   -0.0282    0.0030
   7773.69    0.0008   -0.0283    0.0030
   7774.73    0.0008   -0.0283    0.0029
   7775.76    0.0008   -0.0284    0.0029
   7776.79    0.0008   -0.0284    0.0029
   7777.82    0.0008   -0.0285    0.0029
   7778.86    0.0008   -0.0286    0.0028
   7779.89    0.0008   -0.0286    0.0028
   7780.92    0.0008   -0.0287    0.0028
   7781.95    0.0008   -0.0288    0.0028
   7782.99    0.0008   -0.0289    0.0028
   7784.02    0.0008   -0.0290    0.0028
   7785.05    0.0009   -0.0291    0.0028
   7786.08    0.0009   -0.0292    0.0028
   7787.12    0.0009   -0.0293    0.0028
   7788.15    0.0009   -0.0295    0.0028
   7789.18    0.0009   -0.0296    0.0029
   7790.21    0.0009   -0.0297    0.0030
   7791.25    0.0009   -0.0298    0.0030
   7792.28    0.0009   -0.0300    0.0032
   7793.31    0.0009   -0.0302    0.0033
   7794.34    0.0009   -0.0304    0.0034
   7795.38    0.0009   -0.0306    0.0036
   7796.41    0.0010   -0.0308    0.0037
   7797.44    0.0010   -0.0310    0.0039
   7798.47    0.0010   -0.0313    0.0041
   7799.51    0.0010   -0.0315    0.0042
   7800.54    0.0010   -0.0316    0.0044
   7801.57    0.0010   -0.0318    0.0046
   7802.60    0.0010   -0.0320    0.0048
   7803.64    0.0011   -0.0321    0.0050
   7804.67    0.0011   -0.0322    0.0052
   7805.70    0.0011   -0.0323    0.0054
   7806.73    0.0011   -0.0325    0.0057
   7807.77    0.0011   -0.0326    0.0059
   7808.80    0.0011   -0.0327    0.0061
   7809.83    0.0011   -0.0328    0.0064
   7810.86    0.0011   -0.0329    0.0066
   7811.90    0.0011   -0.0330    0.0068
   7812.93    0.0011   -0.0330    0.0070
   7813.96    0.0011   -0.0331    0.0072
   7814.99    0.0012   -0.0331    0.0073
   7816.03    0.0012   -0.0331    0.0075
   7817.06    0.0012   -0.0332    0.0076
   7818.09    0.0012   -0.0332    0.0078
   7819.12    0.0012   -0.0332    0.0079
   7820.16    0.0012   -0.0332    0.0080
   7821.19    0.0012   -0.0332    0.0081
   7822.22    0.0012   -0.0332    0.0082
   7823.25    0.0012   -0.0332    0.0083
   7824.29    0.0012   -0.0332    0.0083
   7825.32    0.0012   -0.0332    0.0084
   7826.35    0.0012   -0.0332    0.0084
   7827.38    0.0012   -0.0331    0.0084
   7828.42    0.0012   -0.0331    0.0084
   7829.45    0.0012   -0.0331    0.0084
   7830.48    0.0012   -0.0331    0.0084
   7831.51    0.0012   -0.0331    0.0084
   7832.55    0.0012   -0.0332    0.0084
   7833.58    0.0012   -0.0332    0.0084
   7834.61    0.0012   -0.0332    0.0084
   7835.64    0.0012   -0.0332    0.0084
   7836.68    0.0012   -0.0333    0.0083
   7837.71    0.0012   -0.0333    0.0083
   7838.74    0.0012   -0.0334    0.0083
   7839.77    0.0012   -0.0334    0.0084
   7840.81    0.0012   -0.0335    0.0084
   7841.84    0.0012   -0.0336    0.0084
   7842.87    0.0012   -0.0337    0.0085
   7843.90    0.0012   -0.0338    0.0085
   7844.94    0.0012   -0.0339    0.0086
   7845.97    0.0012   -0.0340    0.0086
   7847.00    0.0012   -0.0341    0.0087
   7848.03    0.0013   -0.0343    0.0088
   7849.07    0.0013   -0.0344    0.0089
   7850.10    0.0013   -0.0345    0.0091
   7851.13    0.0013   -0.0346    0.0092
   7852.16    0.0013   -0.0347    0.0093
   7853.20    0.0013   -0.0348    0.0095
   7854.23    0.0013   -0.0349    0.0096
   7855.26    0.0013   -0.0350    0.0097
   7856.29    0.0013   -0.0351    0.0099
   7857.33    0.0013   -0.0352    0.0100
   7858.36    0.0013   -0.0352    0.0102
   7859.39    0.0013   -0.0353    0.0103
   7860.42    0.0014   -0.0353    0.0104
   7861.46    0.0014   -0.0353    0.0105
   7862.49    0.0014   -0.0354    0.0106
   7863.52    0.0014   -0.0354    0.0108
   7864.55    0.0014   -0.0353    0.0108
   7865.59    0.0014   -0.0353    0.0109
   7866.62    0.0014   -0.0353    0.0110
   7867.65    0.0014   -0.0353    0.0110
   7868.68    0.0014   -0.0352    0.0110
   7869.72    0.0014   -0.0351    0.0110
   7870.75    0.0014   -0.0351    0.0110
   7871.78    0.0013   -0.0350    0.0110
   7872.81    0.0013   -0.0349    0.0110
   7873.85    0.0013   -0.0349    0.0109
   7874.88    0.0013   -0.0348    0.0109
   7875.91    0.0013   -0.0348    0.0108
   7876.94    0.0013   -0.0347    0.0107
   7877.98    0.0013   -0.0347    0.0106
   7879.01    0.0013   -0.0347    0.0106
   7880.04    0.0013   -0.0347    0.0105
   7881.07    0.0013   -0.0346    0.0104
   7882.11    0.0013   -0.0347    0.0103
   7883.14    0.0013   -0.0347    0.0102
   7884.17    0.0013   -0.0347    0.0102
   7885.20    0.0013   -0.0347    0.0101
   7886.24    0.0013   -0.0348    0.0100
   7887.27    0.0013   -0.0349    0.0100
   7888.30    0.0013   -0.0350    0.0100
   7889.33    0.0013   -0.0351    0.0100
   7890.37    0.0013   -0.0352    0.0100
   7891.40    0.0013   -0.0353    0.0100
   7892.43    0.0014   -0.0355    0.0100
   7893.46    0.0014   -0.0356    0.0100
   7894.50    0.0014   -0.0358    0.0100
   7895.53    0.0014   -0.0359    0.0101
   7896.56    0.0014   -0.0361    0.0101
   7897.59    0.0014   -0.0362    0.0102
   7898.63    0.0014   -0.0364    0.0102
   7899.66    0.0014   -0.0365    0.0103
   7900.69    0.0014   -0.0366    0.0104
   7901.72    0.0015   -0.0367    0.0104
   7902.76    0.0015   -0.0368    0.0105
   7903.79    0.0015   -0.0368    0.0105
   7904.82    0.0015   -0.0369    0.0106
   7905.85    0.0015   -0.0369    0.0106
   7906.89    0.0015   -0.0369    0.0106
   7907.92    0.0015   -0.0369    0.0106
   7908.95    0.0015   -0.0369    0.0106
   7909.98    0.0015   -0.0368    0.0105
   7911.02    0.0015   -0.0367    0.0105
   7912.05    0.0015   -0.0367    0.0105
   7913.08    0.0014   -0.0366    0.0104
   7914.11    0.0014   -0.0365    0.0104
   7915.15    0.0014   -0.0365    0.0103
   7916.18    0.0014   -0.0365    0.0102
   7917.21    0.0014   -0.0364    0.0101
   7918.24    0.0014   -0.0364    0.0100
   7919.28    0.0014   -0.0364    0.0099
   7920.31    0.0014   -0.0365    0.0099
   7921.34    0.0014   -0.0365    0.0098
   7922.37    0.0014   -0.0366    0.0097
   7923.41    0.0014   -0.0367    0.0097
   7924.44    0.0015   -0.0368    0.0097
   7925.47    0.0015   -0.0370    0.0096
   7926.50    0.0015   -0.0372    0.0096
   7927.54    0.0015   -0.0374    0.0096
   7928.57    0.0015   -0.0376    0.0096
   7929.60    0.0015   -0.0378    0.0096
   7930.63    0.0015   -0.0380    0.0096
   7931.67    0.0016   -0.0382    0.0097
   7932.70    0.0016   -0.0384    0.0097
   7933.73    0.0016   -0.0386    0.0098
   7934.76    0.0016   -0.0387    0.0098
   7935.80    0.0016   -0.0389    0.0099
   7936.83    0.0016   -0.0390    0.0099
   7937.86    0.0016   -0.0390    0.0100
   7938.89    0.0016   -0.0391    0.0100
   7939.93    0.0016   -0.0391    0.0100
   7940.96    0.0016   -0.0392    0.0100
   7941.99    0.0016   -0.0392    0.0100
   7943.02    0.0016   -0.0391    0.0100
   7944.06    0.0016   -0.0391    0.0100
   7945.09    0.0016   -0.0391    0.0100
   7946.12    0.0016   -0.0391    0.0100
   7947.15    0.0016   -0.0391    0.0099
   7948.19    0.0016   -0.0392    0.0099
   7949.22    0.0016   -0.0393    0.0099
   7950.25    0.0016   -0.0394    0.0098
   7951.28    0.0017   -0.0396    0.0098
   7952.32    0.0017   -0.0397    0.0098
   7953.35    0.0017   -0.0400    0.0098
   7954.38    0.0017   -0.0402    0.0097
   7955.41    0.0017   -0.0405    0.0098
   7956.45    0.0018   -0.0407    0.0098
   7957.48    0.0018   -0.0410    0.0098
   7958.51    0.0018   -0.0413    0.0099
   7959.54    0.0018   -0.0415    0.0099
   7960.58    0.0018   -0.0417    0.0100
   7961.61    0.0019   -0.0419    0.0101
   7962.64    0.0019   -0.0421    0.0102
   7963.67    0.0019   -0.0422    0.0103
   7964.71    0.0019   -0.0423    0.0104
   7965.74    0.0019   -0.0424    0.0104
   7966.77    0.0019   -0.0424    0.0105
   7967.80    0.0019   -0.0425    0.0105
   7968.84    0.0019   -0.0425    0.0106
   7969.87    0.0019   -0.0426    0.0106
   7970.90    0.0019   -0.0427    0.0106
   7971.93    0.0019   -0.0428    0.0107
   7972.97    0.0020   -0.0430    0.0107
   7974.00    0.0020   -0.0432    0.0107
   7975.03    0.0020   -0.0434    0.0107
   7976.06    0.0020   -0.0437    0.0108
   7977.10    0.0021   -0.0440    0.0108
   7978.13    0.0021   -0.0443    0.0109
   7979.16    0.0021   -0.0446    0.0110
   7980.19    0.0021   -0.0449    0.0111
   7981.23    0.0022   -0.0452    0.0112
   7982.26    0.0022   -0.0454    0.0113
   7983.29    0.0022   -0.0456    0.0114
   7984.32    0.0022   -0.0458    0.0116
   7985.36    0.0022   -0.0459    0.0117
   7986.39    0.0023   -0.0460    0.0118
   7987.42    0.0023   -0.0461    0.0120
   7988.45    0.0023   -0.0462    0.0121
   7989.49    0.0023   -0.0463    0.0122
   7990.52    0.0023   -0.0465    0.0123
   7991.55    0.0023   -0.0467    0.0124
   7992.58    0.0024   -0.0469    0.0124
   7993.62    0.0024   -0.0473    0.0125
   7994.65    0.0024   -0.0476    0.0126
   7995.68    0.0025   -0.0480    0.0127
   7996.71    0.0025   -0.0483    0.0128
   7997.75    0.0025   -0.0485    0.0129
   7998.78    0.0026   -0.0488    0.0131
   7999.81    0.0026   -0.0490    0.0133
   8000.84    0.0026   -0.0492    0.0135
   8001.88    0.0026   -0.0494    0.0136
   8002.91    0.0027   -0.0497    0.0138
   8003.94    0.0027   -0.0499    0.0140
   8004.97    0.0027   -0.0501    0.0142
   8006.01    0.0027   -0.0504    0.0143
   8007.04    0.0028   -0.0506    0.0145
   8008.07    0.0028   -0.0508    0.0147
   8009.10    0.0028   -0.0510    0.0149
   8010.14    0.0029   -0.0512    0.0151
   8011.17    0.0029   -0.0515    0.0153
   8012.20    0.0029   -0.0517    0.0155
   8013.23    0.0029   -0.0519    0.0157
   8014.27    0.0030   -0.0521    0.0159
   8015.30    0.0030   -0.0524    0.0161
   8016.33    0.0030   -0.0526    0.0163
   8017.36    0.0031   -0.0528    0.0165
   8018.40    0.0031   -0.0530    0.0167
   8019.43    0.0031   -0.0532    0.0169
   8020.46    0.0031   -0.0534    0.0171
   8021.49    0.0032   -0.0536    0.0173
   8022.53    0.0032   -0.0539    0.0175
   8023.56    0.0032   -0.0541    0.0177
   8024.59    0.0033   -0.0542    0.0179
   8025.62    0.0033   -0.0544    0.0181
   8026.66    0.0033   -0.0546    0.0183
   8027.69    0.0033   -0.0548    0.0185
   8028.72    0.0034   -0.0550    0.0187
   8029.75    0.0034   -0.0552    0.0188
   8030.79    0.0034   -0.0553    0.0190
   8031.82    0.0034   -0.0555    0.0192
   8032.85    0.0035   -0.0556    0.0193
   8033.88    0.0035   -0.0558    0.0195
   8034.92    0.0035   -0.0559    0.0196
   8035.95    0.0035   -0.0561    0.0197
   8036.98    0.0036   -0.0562    0.0198
   8038.01    0.0036   -0.0563    0.0200
   8039.05    0.0036   -0.0565    0.0201
   8040.08    0.0036   -0.0566    0.0202
   8041.11    0.0036   -0.0567    0.0203
   8042.14    0.0036   -0.0568    0.0203
   8043.18    0.0037   -0.0569    0.0204
   8044.21    0.0037   -0.0570    0.0205
   8045.24    0.0037   -0.0571    0.0205
   8046.27    0.0037   -0.0572    0.0206
   8047.31    0.0037   -0.0573    0.0206
   8048.34    0.0037   -0.0574    0.0207
   8049.37    0.0037   -0.0575    0.0207
   8050.40    0.0038   -0.0576    0.0207
   8051.44    0.0038   -0.0578    0.0207
   8052.47    0.0038   -0.0579    0.0208
   8053.50    0.0038   -0.0580    0.0208
   8054.53    0.0038   -0.0581    0.0208
   8055.57    0.0038   -0.0582    0.0208
   8056.60    0.0038   -0.0583    0.0208
   8057.63    0.0038   -0.0585    0.0208
   8058.66    0.0039   -0.0586    0.0208
   8059.70    0.0039   -0.0587    0.0208
   8060.73    0.0039   -0.0589    0.0209
   8061.76    0.0039   -0.0590    0.0209
   8062.79    0.0039   -0.0591    0.0209
   8063.83    0.0040   -0.0593    0.0210
   8064.86    0.0040   -0.0594    0.0211
   8065.89    0.0040   -0.0596    0.0212
   8066.92    0.0040   -0.0597    0.0212
   8067.96    0.0040   -0.0599    0.0214
   8068.99    0.0041   -0.0600    0.0215
   8070.02    0.0041   -0.0601    0.0216
   8071.05    0.0041   -0.0603    0.0217
   8072.09    0.0041   -0.0604    0.0219
   8073.12    0.0041   -0.0605    0.0220
   8074.15    0.0042   -0.0606    0.0221
   8075.18    0.0042   -0.0607    0.0222
   8076.22    0.0042   -0.0608    0.0223
   8077.25    0.0042   -0.0609    0.0224
   8078.28    0.0042   -0.0610    0.0225
   8079.31    0.0042   -0.0611    0.0225
   8080.35    0.0043   -0.0612    0.0226
   8081.38    0.0043   -0.0613    0.0226
   8082.41    0.0043   -0.0615    0.0226
   8083.44    0.0043   -0.0616    0.0226
   8084.48    0.0043   -0.0617    0.0226
   8085.51    0.0043   -0.0619    0.0226
   8086.54    0.0044   -0.0621    0.0226
   8087.57    0.0044   -0.0622    0.0226
   8088.61    0.0044   -0.0624    0.0226
   8089.64    0.0044   -0.0625    0.0226
   8090.67    0.0044   -0.0627    0.0226
   8091.70    0.0045   -0.0628    0.0227
   8092.74    0.0045   -0.0630    0.0227
   8093.77    0.0045   -0.0631    0.0227
   8094.80    0.0045   -0.0632    0.0227
   8095.83    0.0045   -0.0634    0.0228
   8096.87    0.0046   -0.0635    0.0229
   8097.90    0.0046   -0.0637    0.0229
   8098.93    0.0046   -0.0638    0.0230
   8099.96    0.0046   -0.0640    0.0231
   8101.00    0.0047   -0.0641    0.0232
   8102.03    0.0047   -0.0643    0.0232
   8103.06    0.0047   -0.0644    0.0232
   8104.09    0.0047   -0.0646    0.0232
   8105.13    0.0047   -0.0647    0.0232
   8106.16    0.0047   -0.0648    0.0233
   8107.19    0.0048   -0.0650    0.0233
   8108.22    0.0048   -0.0651    0.0233
   8109.26    0.0048   -0.0652    0.0233
   8110.29    0.0048   -0.0654    0.0233
   8111.32    0.0048   -0.0655    0.0234
   8112.35    0.0049   -0.0656    0.0234
   8113.39    0.0049   -0.0658    0.0234
   8114.42    0.0049   -0.0659    0.0235
   8115.45    0.0049   -0.0660    0.0235
   8116.48    0.0049   -0.0662    0.0236
   8117.52    0.0050   -0.0663    0.0237
   8118.55    0.0050   -0.0665    0.0238
   8119.58    0.0050   -0.0666    0.0238
   8120.61    0.0050   -0.0668    0.0239
   8121.65    0.0051   -0.0669    0.0240
   8122.68    0.0051   -0.0671    0.0241
   8123.71    0.0051   -0.0672    0.0243
   8124.74    0.0051   -0.0674    0.0244
   8125.78    0.0052   -0.0676    0.0245
   8126.81    0.0052   -0.0678    0.0246
   8127.84    0.0052   -0.0680    0.0248
   8128.87    0.0053   -0.0681    0.0249
   8129.91    0.0053   -0.0683    0.0251
   8130.94    0.0053   -0.0685    0.0253
   8131.97    0.0054   -0.0687    0.0255
   8133.00    0.0054   -0.0689    0.0257
   8134.04    0.0054   -0.0691    0.0259
   8135.07    0.0055   -0.0692    0.0261
   8136.10    0.0055   -0.0694    0.0263
   8137.13    0.0055   -0.0696    0.0265
   8138.17    0.0056   -0.0698    0.0267
   8139.20    0.0056   -0.0700    0.0269
   8140.23    0.0057   -0.0701    0.0271
   8141.26    0.0057   -0.0703    0.0273
   8142.30    0.0057   -0.0705    0.0276
   8143.33    0.0058   -0.0707    0.0278
   8144.36    0.0058   -0.0709    0.0281
   8145.39    0.0058   -0.0710    0.0283
   8146.43    0.0059   -0.0712    0.0285
   8147.46    0.0059   -0.0714    0.0287
   8148.49    0.0060   -0.0716    0.0289
   8149.52    0.0060   -0.0718    0.0291
   8150.56    0.0060   -0.0720    0.0293
   8151.59    0.0061   -0.0722    0.0296
   8152.62    0.0061   -0.0724    0.0298
   8153.65    0.0062   -0.0726    0.0301
   8154.69    0.0062   -0.0728    0.0303
   8155.72    0.0063   -0.0730    0.0306
   8156.75    0.0063   -0.0732    0.0308
   8157.78    0.0063   -0.0733    0.0311
   8158.82    0.0064   -0.0735    0.0313
   8159.85    0.0064   -0.0737    0.0316
   8160.88    0.0065   -0.0739    0.0318
   8161.91    0.0065   -0.0741    0.0320
   8162.95    0.0066   -0.0743    0.0323
   8163.98    0.0066   -0.0745    0.0326
   8165.01    0.0067   -0.0747    0.0328
   8166.04    0.0067   -0.0749    0.0331
   8167.08    0.0068   -0.0751    0.0334
   8168.11    0.0068   -0.0753    0.0337
   8169.14    0.0069   -0.0755    0.0340
   8170.17    0.0069   -0.0757    0.0342
   8171.21    0.0069   -0.0758    0.0345
   8172.24    0.0070   -0.0760    0.0347
   8173.27    0.0070   -0.0762    0.0350
   8174.30    0.0071   -0.0763    0.0352
   8175.34    0.0071   -0.0765    0.0354
   8176.37    0.0072   -0.0767    0.0357
   8177.40    0.0072   -0.0769    0.0359
   8178.43    0.0073   -0.0771    0.0362
   8179.47    0.0073   -0.0773    0.0364
   8180.50    0.0074   -0.0776    0.0367
   8181.53    0.0074   -0.0778    0.0370
   8182.56    0.0075   -0.0780    0.0372
   8183.60    0.0075   -0.0782    0.0375
   8184.63    0.0076   -0.0785    0.0378
   8185.66    0.0076   -0.0787    0.0381
   8186.69    0.0077   -0.0789    0.0384
   8187.73    0.0078   -0.0791    0.0386
   8188.76    0.0078   -0.0794    0.0389
   8189.79    0.0079   -0.0796    0.0392
   8190.82    0.0079   -0.0799    0.0395
   8191.86    0.0080   -0.0801    0.0398
   8192.89    0.0081   -0.0804    0.0401
   8193.92    0.0081   -0.0806    0.0404
   8194.95    0.0082   -0.0808    0.0407
   8195.99    0.0083   -0.0811    0.0410
   8197.02    0.0083   -0.0813    0.0413
   8198.05    0.0084   -0.0815    0.0416
   8199.08    0.0084   -0.0817    0.0419
   8200.12    0.0085   -0.0819    0.0421
   8201.15    0.0085   -0.0821    0.0424
   8202.18    0.0086   -0.0823    0.0427
   8203.21    0.0087   -0.0825    0.0430
   8204.25    0.0087   -0.0827    0.0433
   8205.28    0.0088   -0.0830    0.0435
   8206.31    0.0088   -0.0832    0.0438
   8207.34    0.0089   -0.0834    0.0441
   8208.38    0.0089   -0.0836    0.0444
   8209.41    0.0090   -0.0837    0.0446
   8210.44    0.0091   -0.0839    0.0449
   8211.47    0.0091   -0.0841    0.0452
   8212.51    0.0092   -0.0843    0.0454
   8213.54    0.0092   -0.0844    0.0457
   8214.57    0.0093   -0.0846    0.0459
   8215.60    0.0093   -0.0848    0.0462
   8216.64    0.0094   -0.0850    0.0464
   8217.67    0.0094   -0.0852    0.0466
   8218.70    0.0095   -0.0854    0.0469
   8219.73    0.0095   -0.0856    0.0471
   8220.77    0.0096   -0.0858    0.0473
   8221.80    0.0097   -0.0860    0.0475
   8222.83    0.0097   -0.0862    0.0477
   8223.86    0.0098   -0.0865    0.0479
   8224.90    0.0098   -0.0867    0.0481
   8225.93    0.0099   -0.0869    0.0483
   8226.96    0.0100   -0.0872    0.0485
   8227.99    0.0100   -0.0874    0.0487
   8229.03    0.0101   -0.0876    0.0489
   8230.06    0.0101   -0.0879    0.0491
   8231.09    0.0102   -0.0881    0.0493
   8232.12    0.0103   -0.0884    0.0495
   8233.16    0.0103   -0.0886    0.0497
   8234.19    0.0104   -0.0889    0.0499
   8235.22    0.0105   -0.0892    0.0500
   8236.25    0.0105   -0.0895    0.0502
   8237.29    0.0106   -0.0897    0.0503
   8238.32    0.0107   -0.0900    0.0505
   8239.35    0.0107   -0.0903    0.0506
   8240.38    0.0108   -0.0906    0.0508
   8241.42    0.0109   -0.0909    0.0509
   8242.45    0.0109   -0.0912    0.0510
   8243.48    0.0110   -0.0916    0.0511
   8244.51    0.0111   -0.0919    0.0513
   8245.55    0.0111   -0.0922    0.0514
   8246.58    0.0112   -0.0925    0.0515
   8247.61    0.0113   -0.0928    0.0516
   8248.64    0.0114   -0.0932    0.0518
   8249.68    0.0114   -0.0935    0.0519
   8250.71    0.0115   -0.0938    0.0520
   8251.74    0.0116   -0.0941    0.0522
   8252.77    0.0117   -0.0944    0.0523
   8253.81    0.0117   -0.0948    0.0525
   8254.84    0.0118   -0.0951    0.0526
   8255.87    0.0119   -0.0954    0.0528
   8256.90    0.0120   -0.0957    0.0529
   8257.94    0.0120   -0.0960    0.0531
   8258.97    0.0121   -0.0964    0.0533
   8260.00    0.0122   -0.0967    0.0534
   8261.03    0.0123   -0.0970    0.0536
   8262.07    0.0124   -0.0973    0.0537
   8263.10    0.0124   -0.0977    0.0539
   8264.13    0.0125   -0.0980    0.0540
   8265.16    0.0126   -0.0983    0.0542
   8266.20    0.0127   -0.0986    0.0543
   8267.23    0.0128   -0.0990    0.0545
   8268.26    0.0128   -0.0993    0.0546
   8269.29    0.0129   -0.0996    0.0547
   8270.33    0.0130   -0.0999    0.0549
   8271.36    0.0131   -0.1003    0.0550
   8272.39    0.0132   -0.1006    0.0551
   8273.42    0.0132   -0.1009    0.0552
   8274.46    0.0133   -0.1012    0.0553
   8275.49    0.0134   -0.1015    0.0555
   8276.52    0.0135   -0.1019    0.0556
   8277.55    0.0135   -0.1022    0.0557
   8278.59    0.0136   -0.1025    0.0558
   8279.62    0.0137   -0.1028    0.0559
   8280.65    0.0138   -0.1031    0.0560
   8281.68    0.0139   -0.1035    0.0561
   8282.72    0.0139   -0.1038    0.0562
   8283.75    0.0140   -0.1041    0.0564
   8284.78    0.0141   -0.1044    0.0565
   8285.81    0.0142   -0.1048    0.0566
   8286.85    0.0143   -0.1051    0.0567
   8287.88    0.0143   -0.1054    0.0568
   8288.91    0.0144   -0.1058    0.0569
   8289.94    0.0145   -0.1061    0.0570
   8290.98    0.0146   -0.1065    0.0571
   8292.01    0.0147   -0.1068    0.0572
   8293.04    0.0148   -0.1071    0.0573
   8294.07    0.0148   -0.1075    0.0574
   8295.11    0.0149   -0.1078    0.0575
   8296.14    0.0150   -0.1082    0.0576
   8297.17    0.0151   -0.1085    0.0577
   8298.20    0.0152   -0.1089    0.0578
   8299.24    0.0153   -0.1092    0.0578
   8300.27    0.0154   -0.1096    0.0579
   8301.30    0.0154   -0.1099    0.0580
   8302.33    0.0155   -0.1103    0.0581
