UNITS=BOHR
           4
C   -8.548130057571822E-03  -7.359856293247700E-02  -1.343054908593903E-02
S    2.719924568325373E-03  -3.042380162073215E+00   1.304004028490127E-03
H    1.727290824601101E+00   9.851492698813099E-01   5.927355424533597E-02
H   -1.711796134105602E+00   1.128779753990537E+00   5.926045976573367E-02
# momenta
  -3.644383604201998E+00  -3.615046233265347E-02   4.107341723179617E+00
   9.317393615136383E-01  -1.749642388052235E+00  -1.065102626702020E+00
   4.708983449820484E-01   9.088314593095068E-01  -1.521128122458516E+00
   2.241745897706311E+00   8.769613910753812E-01  -1.521110974019082E+00
